0 0.6203125 0.5703125 0.178125 0.378125
0 0.4484375 0.58671875 0.215625 0.4328125
0 0.28984375 0.615625 0.209375 0.4390625
0 0.9515625 0.4203125 0.096875 0.28125
0 0.86796875 0.42890625 0.1453125 0.2828125
0 0.7140625 0.51484375 0.165625 0.3625
0 0.784375 0.4875 0.1453125 0.35625
0 0.684375 0.26484375 0.1265625 0.175
0 0.77109375 0.26953125 0.0953125 0.1359375
0 0.83671875 0.30859375 0.0828125 0.1859375
0 0.92265625 0.3109375 0.0828125 0.1484375
0 0.15 0.615625 0.203125 0.471875
0 0.44609375 0.34609375 0.1359375 0.1640625