0 0.9171875 0.6875 0.165625 0.6
0 0.76953125 0.67734375 0.1640625 0.63125
0 0.59453125 0.68359375 0.2140625 0.6328125
0 0.4203125 0.69765625 0.18125 0.6046875
0 0.296875 0.7078125 0.159375 0.584375
0 0.2203125 0.6953125 0.146875 0.609375
0 0.0984375 0.703125 0.196875 0.59375
0 0.83125 0.43125 0.109375 0.228125
0 0.69140625 0.4703125 0.115625 0.215625
0 0.465625 0.48046875 0.140625 0.2375
0 0.27578125 0.44765625 0.175 0.2546875
0 0.63671875 0.3453125 0.1 0.18125
0 0.49296875 0.37265625 0.1328125 0.228125
0 0.403125 0.315625 0.128125 0.26875
0 0.51796875 0.271875 0.11875 0.2125
0 0.678125 0.27890625 0.0765625 0.15625
0 0.746875 0.290625 0.078125 0.153125
0 0.7875 0.33671875 0.0703125 0.1546875