0 0.08984375 0.6296875 0.1796875 0.609375
0 0.20859375 0.640625 0.2375 0.6453125
0 0.37890625 0.6671875 0.284375 0.6515625
0 0.546875 0.6953125 0.25 0.609375
0 0.66328125 0.71328125 0.2265625 0.5734375
0 0.7421875 0.70625 0.21875 0.5875
0 0.86328125 0.7203125 0.2734375 0.559375
0 0.178125 0.38515625 0.1328125 0.2328125
0 0.31015625 0.43984375 0.1375 0.221875
0 0.52890625 0.475 0.1640625 0.2453125
0 0.71796875 0.4671875 0.2 0.265625
0 0.378125 0.32421875 0.11875 0.1859375
0 0.51484375 0.36875 0.1578125 0.2359375
0 0.61015625 0.32421875 0.15625 0.2734375
0 0.50390625 0.26796875 0.140625 0.21875
0 0.34609375 0.2546875 0.0921875 0.159375
0 0.27734375 0.25859375 0.09375 0.15625
0 0.23203125 0.29765625 0.0875 0.1578125