0 0.92890625 0.75625 0.140625 0.4796875
0 0.825 0.5765625 0.0953125 0.3125
0 0.7921875 0.46015625 0.0625 0.2046875
0 0.87265625 0.41484375 0.053125 0.096875
0 0.675 0.63515625 0.1265625 0.4984375
0 0.46796875 0.66875 0.2140625 0.6625
0 0.0796875 0.621875 0.159375 0.615625
0 0.14609375 0.54921875 0.128125 0.4078125
0 0.26484375 0.62421875 0.1265625 0.515625
0 0.334375 0.56875 0.1203125 0.5140625
0 0.40390625 0.39765625 0.059375 0.1734375
0 0.53828125 0.4875 0.0953125 0.2234375
0 0.59609375 0.66328125 0.1328125 0.578125
0 0.7203125 0.4359375 0.0640625 0.2203125
0 0.6921875 0.32890625 0.053125 0.1234375