0 0.91640625 0.74765625 0.1671875 0.4671875
0 0.7734375 0.58515625 0.0828125 0.303125
0 0.7296875 0.47578125 0.0546875 0.196875
0 0.803125 0.4234375 0.0484375 0.0921875
0 0.63359375 0.65703125 0.1078125 0.4828125
0 0.43515625 0.69609375 0.1859375 0.6078125
0 0.0609375 0.7046875 0.121875 0.590625
0 0.109375 0.628125 0.1109375 0.3953125
0 0.23359375 0.6890625 0.10625 0.5
0 0.29609375 0.628125 0.1 0.5
0 0.3453125 0.4546875 0.0515625 0.1671875
0 0.4859375 0.52890625 0.0859375 0.215625
0 0.559375 0.69296875 0.1109375 0.5609375
0 0.65703125 0.46015625 0.0546875 0.2140625
0 0.61953125 0.35859375 0.0484375 0.11875