0 0.1703125 0.696875 0.221875 0.45
0 0.09140625 0.50390625 0.1828125 0.5546875
0 0.203125 0.35859375 0.1125 0.271875
0 0.29921875 0.67265625 0.1984375 0.4
0 0.4109375 0.6 0.18125 0.428125
0 0.8609375 0.58828125 0.2203125 0.684375
0 0.74296875 0.55625 0.1875 0.68125
0 0.65546875 0.5578125 0.1515625 0.64375
0 0.5984375 0.5578125 0.153125 0.5953125
0 0.52578125 0.5296875 0.140625 0.596875
0 0.32734375 0.34921875 0.15 0.3625
0 0.41796875 0.3046875 0.1140625 0.1640625
0 0.50234375 0.33125 0.096875 0.31875