0 0.81484375 0.6671875 0.2296875 0.4390625
0 0.8859375 0.478125 0.196875 0.5390625
0 0.771875 0.34140625 0.1171875 0.2640625
0 0.6890625 0.6484375 0.20625 0.3921875
0 0.57734375 0.58125 0.190625 0.41875
0 0.140625 0.5859375 0.2359375 0.665625
0 0.25390625 0.55078125 0.2046875 0.6609375
0 0.3390625 0.54921875 0.16875 0.6234375
0 0.39453125 0.546875 0.1671875 0.5765625
0 0.4640625 0.5171875 0.15625 0.578125
0 0.6515625 0.3359375 0.1578125 0.353125
0 0.56171875 0.2953125 0.1140625 0.1625
0 0.48046875 0.325 0.1046875 0.309375