0 0.50078125 0.90234375 0.0109375 0.0375
0 0.35 0.703125 0.00625 0.0296875
0 0.346875 0.62421875 0.00625 0.0234375
0 0.40546875 0.64296875 0.00625 0.025
0 0.421875 0.63515625 0.00625 0.028125
0 0.3859375 0.57109375 0.00625 0.0203125
0 0.4515625 0.678125 0.00625 0.0234375
0 0.46015625 0.59296875 0.00625 0.025
0 0.49375 0.56328125 0.00625 0.025
0 0.5109375 0.62890625 0.00625 0.025
0 0.5625 0.62734375 0.00625 0.028125
0 0.57421875 0.61875 0.00625 0.028125
0 0.56875 0.58125 0.00625 0.0234375
0 0.5578125 0.55703125 0.00625 0.025
0 0.60859375 0.56171875 0.00625 0.025
0 0.63671875 0.6 0.00625 0.025
0 0.65546875 0.5828125 0.00625 0.028125
0 0.5796875 0.65 0.00625 0.025
0 0.6015625 0.65234375 0.00625 0.028125
0 0.5953125 0.71015625 0.00625 0.03125
0 0.4640625 0.728125 0.009375 0.03125
0 0.7234375 0.61171875 0.00625 0.025
0 0.51171875 0.5109375 0.00625 0.025
0 0.22109375 0.72421875 0.00625 0.025
0 0.71796875 0.559375 0.00625 0.0171875