0 0.41796875 0.9203125 0.015625 0.040625
0 0.596875 0.73984375 0.009375 0.03125
0 0.61171875 0.6609375 0.009375 0.0234375
0 0.55078125 0.671875 0.0109375 0.0265625
0 0.53515625 0.66171875 0.009375 0.028125
0 0.58046875 0.603125 0.009375 0.021875
0 0.4984375 0.7 0.0109375 0.0234375
0 0.50234375 0.6140625 0.0109375 0.0265625
0 0.471875 0.5796875 0.0109375 0.0265625
0 0.44609375 0.64296875 0.0109375 0.025
0 0.39453125 0.634375 0.009375 0.028125
0 0.38359375 0.62421875 0.009375 0.028125
0 0.39453125 0.58671875 0.009375 0.0234375
0 0.409375 0.5640625 0.009375 0.025
0 0.35703125 0.5609375 0.009375 0.025
0 0.3234375 0.59609375 0.009375 0.0265625
0 0.30703125 0.57578125 0.009375 0.028125
0 0.3734375 0.65390625 0.009375 0.0265625
0 0.3515625 0.653125 0.009375 0.028125
0 0.35 0.7125 0.0109375 0.0328125
0 0.47890625 0.74921875 0.0125 0.0328125
0 0.23515625 0.5953125 0.009375 0.025
0 0.46171875 0.52421875 0.0109375 0.025
0 0.72421875 0.7796875 0.0109375 0.0265625
0 0.24765625 0.54375 0.0078125 0.0171875