0 0.08828125 0.47109375 0.0171875 0.053125
0 0.1703125 0.48203125 0.0171875 0.053125
0 0.36015625 0.534375 0.0171875 0.0515625
0 0.4875 0.7578125 0.0328125 0.0734375
0 0.4703125 0.42421875 0.0140625 0.05
0 0.41171875 0.34375 0.0140625 0.0484375
0 0.60546875 0.50625 0.0234375 0.05
0 0.62578125 0.4609375 0.015625 0.046875
0 0.57890625 0.4125 0.0171875 0.0484375
0 0.55859375 0.3859375 0.0125 0.0453125
0 0.61953125 0.3171875 0.0125 0.0375
0 0.6671875 0.325 0.0109375 0.040625
0 0.7671875 0.4890625 0.015625 0.05625
0 0.8140625 0.45078125 0.0125 0.05
0 0.86015625 0.353125 0.0125 0.05
0 0.81015625 0.3328125 0.0140625 0.0484375
0 0.73046875 0.26328125 0.0171875 0.040625
0 0.6453125 0.24453125 0.0140625 0.04375
0 0.61796875 0.26015625 0.0140625 0.040625
0 0.55703125 0.26875 0.0140625 0.0453125
0 0.36953125 0.2828125 0.0125 0.0453125
0 0.45078125 0.12890625 0.0109375 0.0390625
0 0.49921875 0.38828125 0.0140625 0.04375
0 0.85859375 0.225 0.0125 0.0390625