0 0.203125 0.34375 0.0171875 0.0453125
0 0.2015625 0.390625 0.01875 0.053125
0 0.31171875 0.53125 0.0171875 0.0578125
0 0.42109375 0.47734375 0.025 0.05
0 0.43984375 0.4859375 0.0203125 0.05625
0 0.534375 0.5734375 0.0203125 0.059375
0 0.4390625 0.7921875 0.0359375 0.0625
0 0.54765625 0.50078125 0.01875 0.05
0 0.5171875 0.425 0.0171875 0.0484375
0 0.44921875 0.37109375 0.015625 0.05
0 0.47734375 0.27421875 0.0171875 0.0453125
0 0.546875 0.2875 0.0203125 0.046875
0 0.55625 0.28046875 0.0140625 0.046875
0 0.61953125 0.36640625 0.0140625 0.0421875
0 0.65546875 0.359375 0.01875 0.046875
0 0.70234375 0.296875 0.0140625 0.046875
0 0.709375 0.30234375 0.0171875 0.0421875
0 0.7640625 0.56796875 0.0171875 0.0578125
0 0.8 0.528125 0.0171875 0.0484375
0 0.83671875 0.3953125 0.0203125 0.05
0 0.94296875 0.4171875 0.0203125 0.05
0 0.5375 0.11953125 0.0140625 0.0375
0 0.55546875 0.38984375 0.01875 0.0484375
0 0.978125 0.30546875 0.015625 0.046875