0 0.165625 0.43046875 0.01875 0.0453125
0 0.17578125 0.4765625 0.021875 0.053125
0 0.31875 0.58359375 0.0203125 0.0578125
0 0.41015625 0.50234375 0.028125 0.0515625
0 0.43046875 0.50546875 0.021875 0.05625
0 0.54375 0.565625 0.0234375 0.059375
0 0.50859375 0.80078125 0.0390625 0.0640625
0 0.5375 0.49296875 0.021875 0.0515625
0 0.48828125 0.42734375 0.01875 0.0484375
0 0.409375 0.39296875 0.0171875 0.05
0 0.41171875 0.29296875 0.0203125 0.0453125
0 0.48203125 0.2875 0.021875 0.0484375
0 0.48828125 0.278125 0.015625 0.046875
0 0.571875 0.34453125 0.015625 0.0421875
0 0.60390625 0.32890625 0.0203125 0.046875
0 0.6328125 0.25703125 0.015625 0.046875
0 0.64140625 0.26015625 0.0203125 0.04375
0 0.7625 0.50078125 0.0203125 0.0578125
0 0.7875 0.45390625 0.01875 0.0484375
0 0.78828125 0.31640625 0.0234375 0.05
0 0.89609375 0.31015625 0.0234375 0.05
0 0.42890625 0.128125 0.0171875 0.0375
0 0.5171875 0.38359375 0.0203125 0.0484375
0 0.9015625 0.19296875 0.01875 0.0453125