0 0.471875 0.12421875 0.0125 0.040625
0 0.53671875 0.3015625 0.0125 0.046875
0 0.57890625 0.3109375 0.0125 0.0515625
0 0.47265625 0.3015625 0.015625 0.0484375
0 0.39375 0.3640625 0.015625 0.04375
0 0.33828125 0.35546875 0.0140625 0.0484375
0 0.32578125 0.3078125 0.015625 0.046875
0 0.31328125 0.29140625 0.0140625 0.0484375
0 0.584375 0.43203125 0.01875 0.046875
0 0.4546875 0.49921875 0.015625 0.05
0 0.20546875 0.5515625 0.015625 0.0609375
0 0.15234375 0.59765625 0.01875 0.065625
0 0.45390625 0.6796875 0.0203125 0.06875
0 0.48359375 0.584375 0.0203125 0.0609375
0 0.6359375 0.5890625 0.0171875 0.0609375
0 0.60625 0.7765625 0.0296875 0.0609375
0 0.54140625 0.82421875 0.0296875 0.071875
0 0.815625 0.39296875 0.0140625 0.0515625
0 0.8484375 0.428125 0.0171875 0.05
0 0.86171875 0.64453125 0.028125 0.0625
0 0.1921875 0.35625 0.01875 0.053125
0 0.5234375 0.3953125 0.01875 0.0515625