0 0.53984375 0.1703125 0.0125 0.0390625
0 0.59921875 0.340625 0.0109375 0.0453125
0 0.63828125 0.35078125 0.0125 0.0484375
0 0.53671875 0.3390625 0.015625 0.046875
0 0.46015625 0.39765625 0.015625 0.0421875
0 0.409375 0.3890625 0.015625 0.0453125
0 0.396875 0.34296875 0.015625 0.0453125
0 0.384375 0.3265625 0.0140625 0.046875
0 0.640625 0.465625 0.0171875 0.0453125
0 0.51640625 0.528125 0.015625 0.0484375
0 0.278125 0.5734375 0.015625 0.0578125
0 0.2265625 0.61640625 0.01875 0.0625
0 0.5125 0.7 0.0203125 0.065625
0 0.54296875 0.609375 0.0203125 0.0578125
0 0.6875 0.61640625 0.0171875 0.0578125
0 0.65625 0.79375 0.0296875 0.059375
0 0.59453125 0.8390625 0.0296875 0.06875
0 0.8625 0.43203125 0.015625 0.05
0 0.89375 0.46640625 0.0171875 0.0484375
0 0.903125 0.67421875 0.028125 0.059375
0 0.26796875 0.38671875 0.01875 0.0515625
0 0.0765625 0.36328125 0.015625 0.0515625
0 0.584375 0.4296875 0.01875 0.05
0 0.0734375 0.2875 0.0171875 0.05