0 0.9421875 0.48828125 0.01875 0.0578125
0 0.85546875 0.36015625 0.0125 0.04375
0 0.8234375 0.35234375 0.0171875 0.0484375
0 0.75625 0.5015625 0.025 0.0578125
0 0.7125 0.5890625 0.0171875 0.059375
0 0.621875 0.5625 0.021875 0.0484375
0 0.6109375 0.31484375 0.0140625 0.046875
0 0.571875 0.325 0.0140625 0.040625
0 0.50546875 0.33046875 0.015625 0.0484375
0 0.46640625 0.39609375 0.015625 0.040625
0 0.56953125 0.528125 0.0203125 0.05
0 0.5484375 0.66015625 0.021875 0.0625
0 0.51484375 0.64140625 0.015625 0.0515625
0 0.5703125 0.79921875 0.0171875 0.0640625
0 0.33828125 0.58828125 0.0140625 0.053125
0 0.31484375 0.615625 0.01875 0.0578125
0 0.38828125 0.34375 0.0140625 0.0421875
0 0.38125 0.34375 0.0109375 0.04375
0 0.29296875 0.40625 0.015625 0.0453125
0 0.48125 0.15546875 0.009375 0.034375
0 0.4015625 0.40546875 0.015625 0.0421875
0 0.06640625 0.40859375 0.0140625 0.046875
0 0.59609375 0.41640625 0.0125 0.0484375
0 0.04375 0.34765625 0.0171875 0.04375