0 0.09765625 0.4796875 0.01875 0.0484375
0 0.23125 0.46796875 0.015625 0.046875
0 0.34609375 0.49375 0.0171875 0.05
0 0.3234375 0.571875 0.01875 0.0546875
0 0.3796875 0.5578125 0.01875 0.059375
0 0.4828125 0.62265625 0.01875 0.0609375
0 0.5421875 0.5234375 0.015625 0.0484375
0 0.671875 0.53515625 0.01875 0.0546875
0 0.69375 0.5578125 0.01875 0.0609375
0 0.5328125 0.8 0.021875 0.0625
0 0.2734375 0.33515625 0.0171875 0.0421875
0 0.2875 0.3203125 0.01875 0.040625
0 0.3484375 0.34296875 0.015625 0.0453125
0 0.33984375 0.36796875 0.015625 0.04375
0 0.4640625 0.38984375 0.0125 0.0421875
0 0.48125 0.31796875 0.0125 0.0421875
0 0.59140625 0.38828125 0.0171875 0.0453125
0 0.59609375 0.33046875 0.015625 0.046875
0 0.59453125 0.30390625 0.0125 0.0453125
0 0.721875 0.3046875 0.0140625 0.0484375
0 0.93203125 0.3046875 0.015625 0.0484375
0 0.4828125 0.14765625 0.0140625 0.0375
0 0.42109375 0.38046875 0.015625 0.0484375