0 0.8953125 0.4265625 0.0140625 0.05
0 0.721875 0.425 0.0171875 0.04375
0 0.70703125 0.44296875 0.0140625 0.046875
0 0.7015625 0.44375 0.0125 0.0484375
0 0.68515625 0.44609375 0.01875 0.025
0 0.70078125 0.56953125 0.0203125 0.05625
0 0.609375 0.503125 0.0171875 0.05625
0 0.5578125 0.609375 0.0203125 0.0625
0 0.4671875 0.49296875 0.015625 0.053125
0 0.3609375 0.590625 0.0171875 0.059375
0 0.340625 0.58046875 0.01875 0.0578125
0 0.62734375 0.3296875 0.01875 0.046875
0 0.603125 0.3375 0.0140625 0.05
0 0.53984375 0.4078125 0.0125 0.04375
0 0.5125 0.3296875 0.015625 0.05
0 0.43671875 0.38125 0.0140625 0.0515625
0 0.4203125 0.3328125 0.0125 0.05
0 0.39140625 0.4125 0.0140625 0.0453125
0 0.2765625 0.32421875 0.0140625 0.0515625
0 0.0859375 0.31640625 0.0171875 0.053125
0 0.44609375 0.85703125 0.021875 0.0671875
0 0.50703125 0.1796875 0.0140625 0.0390625
0 0.6109375 0.371875 0.0140625 0.0484375