0 0.10390625 0.4296875 0.0171875 0.05
0 0.27578125 0.41953125 0.01875 0.04375
0 0.29140625 0.43671875 0.015625 0.046875
0 0.29609375 0.43671875 0.0140625 0.0484375
0 0.31328125 0.4375 0.01875 0.025
0 0.303125 0.56171875 0.021875 0.0546875
0 0.390625 0.490625 0.01875 0.05625
0 0.44765625 0.59375 0.021875 0.0609375
0 0.53203125 0.47265625 0.01875 0.053125
0 0.6421875 0.56484375 0.0203125 0.059375
0 0.66171875 0.553125 0.021875 0.0578125
0 0.36484375 0.31875 0.021875 0.046875
0 0.38828125 0.32578125 0.0171875 0.0515625
0 0.45625 0.39140625 0.015625 0.04375
0 0.478125 0.31328125 0.0171875 0.05
0 0.55546875 0.36015625 0.0171875 0.0515625
0 0.5703125 0.31171875 0.015625 0.05
0 0.603125 0.3890625 0.015625 0.0453125
0 0.71171875 0.2953125 0.0171875 0.0515625
0 0.90234375 0.278125 0.0203125 0.053125
0 0.571875 0.83359375 0.025 0.0671875
0 0.47578125 0.1640625 0.015625 0.0390625
0 0.3828125 0.36015625 0.0171875 0.0484375