0 0.871875 0.7296875 0.015625 0.0703125
0 0.78046875 0.76015625 0.0171875 0.0765625
0 0.70234375 0.553125 0.015625 0.06875
0 0.7859375 0.51328125 0.0171875 0.0625
0 0.70234375 0.50078125 0.01875 0.065625
0 0.68046875 0.428125 0.0171875 0.0609375
0 0.6171875 0.41796875 0.015625 0.0625
0 0.51171875 0.4234375 0.015625 0.05625
0 0.46328125 0.41171875 0.0140625 0.0640625
0 0.48359375 0.4734375 0.0140625 0.0515625
0 0.48515625 0.49453125 0.015625 0.0609375
0 0.465625 0.503125 0.015625 0.0609375
0 0.44765625 0.475 0.0140625 0.059375
0 0.375 0.4171875 0.0140625 0.0546875
0 0.35859375 0.421875 0.0140625 0.053125
0 0.43046875 0.328125 0.0140625 0.0578125
0 0.2640625 0.4953125 0.015625 0.0578125
0 0.23359375 0.459375 0.015625 0.0578125
0 0.48984375 0.60703125 0.015625 0.0546875
0 0.5109375 0.60859375 0.028125 0.0546875
0 0.33515625 0.8 0.025 0.078125
0 0.1296875 0.77421875 0.0171875 0.0734375