0 0.8828125 0.359375 0.0171875 0.05
0 0.79921875 0.40625 0.021875 0.046875
0 0.778125 0.33359375 0.0265625 0.0484375
0 0.76875 0.390625 0.0171875 0.0609375
0 0.71328125 0.3546875 0.0203125 0.0546875
0 0.6875 0.340625 0.01875 0.0546875
0 0.628125 0.353125 0.0171875 0.05
0 0.5453125 0.35859375 0.025 0.05
0 0.61171875 0.4 0.015625 0.0515625
0 0.5640625 0.39375 0.0203125 0.0578125
0 0.615625 0.44765625 0.01875 0.0578125
0 0.62421875 0.55546875 0.021875 0.0640625
0 0.66640625 0.61875 0.0234375 0.065625
0 0.38125 0.23984375 0.015625 0.0453125
0 0.36875 0.37421875 0.0140625 0.03125
0 0.37265625 0.39921875 0.0171875 0.05625
0 0.3703125 0.50078125 0.01875 0.059375
0 0.340625 0.528125 0.021875 0.0578125
0 0.34609375 0.65078125 0.021875 0.0671875
0 0.32890625 0.6421875 0.021875 0.0671875
0 0.20703125 0.44140625 0.021875 0.059375
0 0.00625 0.4625 0.0125 0.05625
0 0.54296875 0.9703125 0.0234375 0.0578125