0 0.9359375 0.68984375 0.03125 0.0640625
0 0.865625 0.69453125 0.0265625 0.0609375
0 0.84765625 0.55546875 0.025 0.0609375
0 0.88203125 0.47109375 0.021875 0.053125
0 0.95234375 0.37734375 0.0203125 0.05
0 0.6140625 0.5828125 0.0265625 0.0578125
0 0.675 0.4484375 0.021875 0.05
0 0.5421875 0.53828125 0.021875 0.05
0 0.58984375 0.46171875 0.021875 0.0515625
0 0.6109375 0.4328125 0.0203125 0.0484375
0 0.52265625 0.4390625 0.028125 0.053125
0 0.5265625 0.39609375 0.01875 0.0421875
0 0.6375 0.36484375 0.01875 0.05
0 0.50625 0.328125 0.0203125 0.0546875
0 0.4484375 0.30390625 0.021875 0.0546875
0 0.3890625 0.3234375 0.01875 0.0546875
0 0.3 0.40625 0.021875 0.0546875
0 0.3359375 0.52265625 0.0234375 0.059375
0 0.39140625 0.64375 0.025 0.0609375
0 0.23046875 0.52265625 0.025 0.0578125
0 0.17734375 0.63046875 0.0265625 0.059375
0 0.15078125 0.31796875 0.021875 0.053125
0 0.5 0.178125 0.0171875 0.04375