0 0.13125 0.56328125 0.021875 0.059375
0 0.196875 0.57734375 0.01875 0.0578125
0 0.23125 0.4484375 0.015625 0.0578125
0 0.21171875 0.36484375 0.0140625 0.05
0 0.6375 0.9609375 0.01875 0.06875
0 0.15703125 0.26640625 0.0140625 0.046875
0 0.44921875 0.5046875 0.0171875 0.053125
0 0.409375 0.3703125 0.015625 0.0453125
0 0.52265625 0.47265625 0.0140625 0.046875
0 0.48828125 0.39375 0.0140625 0.0484375
0 0.471875 0.36328125 0.0140625 0.0453125
0 0.5546875 0.38125 0.021875 0.0484375
0 0.55703125 0.33984375 0.0125 0.0390625
0 0.45625 0.29609375 0.0125 0.046875
0 0.584375 0.27890625 0.0125 0.0515625
0 0.64375 0.26328125 0.0140625 0.0515625
0 0.69609375 0.28984375 0.0125 0.0515625
0 0.76953125 0.3796875 0.0140625 0.0515625
0 0.7203125 0.48515625 0.015625 0.05625
0 0.6515625 0.59140625 0.0171875 0.05625
0 0.8203125 0.5 0.015625 0.0546875
0 0.85546875 0.60703125 0.01875 0.0546875
0 0.921875 0.31640625 0.0140625 0.05
0 0.6109375 0.13828125 0.0109375 0.040625