0 0.1375 0.2390625 0.015625 0.0515625
0 0.34140625 0.1515625 0.0125 0.0546875
0 0.4078125 0.12578125 0.0140625 0.053125
0 0.4421875 0.13828125 0.0140625 0.0515625
0 0.4859375 0.16328125 0.0140625 0.0515625
0 0.5875 0.13984375 0.0140625 0.053125
0 0.5953125 0.19921875 0.0140625 0.046875
0 0.58984375 0.31328125 0.0171875 0.05
0 0.65 0.33515625 0.015625 0.0578125
0 0.7234375 0.41640625 0.021875 0.065625
0 0.715625 0.540625 0.01875 0.0703125
0 0.7890625 0.5765625 0.025 0.0625
0 0.828125 0.5625 0.028125 0.0578125
0 0.8484375 0.33203125 0.01875 0.0609375
0 0.853125 0.20546875 0.0140625 0.05625
0 0.8953125 0.05703125 0.015625 0.046875
0 0.459375 0.2828125 0.015625 0.0484375
0 0.359375 0.3328125 0.015625 0.0578125
0 0.38671875 0.4265625 0.0171875 0.0578125
0 0.3265625 0.50234375 0.0171875 0.0578125
0 0.375 0.6 0.01875 0.065625
0 0.43828125 0.6265625 0.0203125 0.075
0 0.496875 0.8578125 0.025 0.078125