0 0.13515625 0.64140625 0.01875 0.05
0 0.15625 0.628125 0.0328125 0.05625
0 0.12265625 0.5875 0.0234375 0.065625
0 0.221875 0.640625 0.021875 0.071875
0 0.20390625 0.55546875 0.021875 0.0625
0 0.26796875 0.5328125 0.0265625 0.065625
0 0.38203125 0.54453125 0.021875 0.0703125
0 0.58125 0.79140625 0.0328125 0.078125
0 0.5796875 0.6203125 0.021875 0.071875
0 0.671875 0.5734375 0.025 0.0703125
0 0.653125 0.52421875 0.021875 0.059375
0 0.62265625 0.48671875 0.0234375 0.0609375
0 0.51875 0.478125 0.0203125 0.0640625
0 0.46328125 0.36953125 0.021875 0.059375
0 0.315625 0.3109375 0.0171875 0.0484375
0 0.109375 0.34296875 0.021875 0.0640625
0 0.35078125 0.15625 0.0171875 0.059375
0 0.47109375 0.1921875 0.0171875 0.0578125
0 0.4796875 0.13984375 0.0203125 0.0546875
0 0.515625 0.1546875 0.01875 0.053125
0 0.58046875 0.14765625 0.01875 0.0578125
0 0.82578125 0.3390625 0.021875 0.0578125
0 0.015625 0.128125 0.0203125 0.053125