0 0.12734375 0.590625 0.01875 0.0515625
0 0.15234375 0.58203125 0.034375 0.0578125
0 0.1296875 0.53359375 0.025 0.0671875
0 0.21328125 0.6125 0.0234375 0.075
0 0.21796875 0.52265625 0.0234375 0.0640625
0 0.2875 0.5171875 0.028125 0.0671875
0 0.396875 0.559375 0.0234375 0.071875
0 0.52890625 0.85703125 0.034375 0.08125
0 0.57265625 0.68671875 0.0234375 0.0734375
0 0.67578125 0.66484375 0.028125 0.071875
0 0.6703125 0.61171875 0.0234375 0.0625
0 0.65 0.56640625 0.0234375 0.0625
0 0.54921875 0.53046875 0.0234375 0.065625
0 0.52421875 0.40859375 0.0234375 0.0625
0 0.39296875 0.3109375 0.01875 0.05
0 0.18125 0.28828125 0.0234375 0.065625
0 0.46875 0.1671875 0.01875 0.0609375
0 0.57734375 0.234375 0.01875 0.0578125
0 0.60078125 0.18515625 0.0203125 0.05625
0 0.6328125 0.209375 0.01875 0.0546875
0 0.69765625 0.21953125 0.0203125 0.059375
0 0.88984375 0.4734375 0.0234375 0.0609375
0 0.14609375 0.05078125 0.021875 0.053125