0 0.8015625 0.81484375 0.03125 0.078125
0 0.7 0.75625 0.01875 0.0765625
0 0.7296875 0.6203125 0.0265625 0.0703125
0 0.64140625 0.59375 0.0265625 0.06875
0 0.559375 0.62890625 0.025 0.078125
0 0.5203125 0.69453125 0.0203125 0.0859375
0 0.48671875 0.80859375 0.0359375 0.0875
0 0.45078125 0.87578125 0.021875 0.0765625
0 0.37421875 0.78984375 0.021875 0.0796875
0 0.29296875 0.8234375 0.0203125 0.0796875
0 0.29609375 0.6453125 0.015625 0.0734375
0 0.5140625 0.45859375 0.0203125 0.0609375
0 0.6359375 0.38671875 0.0140625 0.0578125
0 0.4671875 0.27109375 0.015625 0.0578125
0 0.4625 0.20859375 0.0140625 0.05625
0 0.42265625 0.24140625 0.0140625 0.059375
0 0.58984375 0.20078125 0.015625 0.0546875
0 0.33984375 0.24375 0.0125 0.0609375
0 0.13203125 0.54609375 0.0171875 0.0703125
0 0.91171875 0.6421875 0.015625 0.0796875
0 0.8765625 0.37109375 0.01875 0.06875
0 0.9203125 0.08203125 0.0171875 0.053125