0 0.0109375 0.8796875 0.01875 0.08125
0 0.2171875 0.85390625 0.028125 0.0765625
0 0.31640625 0.79296875 0.015625 0.075
0 0.28203125 0.66015625 0.025 0.06875
0 0.36796875 0.63046875 0.0234375 0.0671875
0 0.45078125 0.66328125 0.021875 0.0765625
0 0.49140625 0.7265625 0.0171875 0.084375
0 0.528125 0.8375 0.0328125 0.084375
0 0.565625 0.90234375 0.01875 0.075
0 0.6390625 0.815625 0.01875 0.078125
0 0.71953125 0.84609375 0.01875 0.078125
0 0.71015625 0.66953125 0.0125 0.071875
0 0.4890625 0.49296875 0.01875 0.059375
0 0.365625 0.4265625 0.0125 0.05625
0 0.52890625 0.30703125 0.0125 0.05625
0 0.53203125 0.2453125 0.0125 0.05625
0 0.571875 0.275 0.0125 0.059375
0 0.40546875 0.24140625 0.0125 0.053125
0 0.653125 0.275 0.0109375 0.059375
0 0.86953125 0.56640625 0.015625 0.06875
0 0.10234375 0.6875 0.0125 0.078125
0 0.128125 0.41953125 0.015625 0.0671875
0 0.07578125 0.13515625 0.015625 0.0515625