0 0.16015625 0.82421875 0.021875 0.0734375
0 0.24453125 0.63046875 0.0265625 0.0703125
0 0.39921875 0.7625 0.0265625 0.071875
0 0.4328125 0.61484375 0.025 0.06875
0 0.46328125 0.7171875 0.025 0.06875
0 0.42421875 0.58359375 0.0296875 0.06875
0 0.55 0.728125 0.021875 0.0765625
0 0.60078125 0.7265625 0.0203125 0.075
0 0.61328125 0.75703125 0.025 0.071875
0 0.7484375 0.76640625 0.0234375 0.0734375
0 0.815625 0.7328125 0.021875 0.0765625
0 0.74609375 0.6 0.021875 0.065625
0 0.8296875 0.4984375 0.0171875 0.0625
0 0.6703125 0.2796875 0.015625 0.059375
0 0.578125 0.328125 0.0171875 0.0609375
0 0.55859375 0.3125 0.0171875 0.05625
0 0.56640625 0.24609375 0.015625 0.0546875
0 0.43984375 0.25078125 0.0140625 0.05625
0 0.425 0.38203125 0.0140625 0.0546875
0 0.24765625 0.43125 0.01875 0.0640625
0 0.115625 0.1359375 0.015625 0.05
0 0.51328125 0.515625 0.0234375 0.0625
0 0.58671875 0.65859375 0.0265625 0.075