0 0.1171875 0.79765625 0.01875 0.0734375
0 0.22109375 0.6078125 0.0234375 0.0703125
0 0.365625 0.7546875 0.0234375 0.071875
0 0.41328125 0.60859375 0.0234375 0.06875
0 0.434375 0.715625 0.0203125 0.0703125
0 0.40703125 0.5765625 0.0265625 0.06875
0 0.52109375 0.734375 0.01875 0.078125
0 0.57265625 0.73671875 0.0171875 0.075
0 0.5828125 0.76953125 0.0203125 0.071875
0 0.71875 0.78984375 0.0203125 0.0734375
0 0.7890625 0.7625 0.0171875 0.0765625
0 0.73046875 0.62109375 0.01875 0.065625
0 0.82421875 0.52578125 0.0140625 0.0640625
0 0.6828125 0.28984375 0.0125 0.0609375
0 0.5859375 0.33125 0.0140625 0.0625
0 0.5671875 0.31328125 0.015625 0.05625
0 0.58046875 0.24765625 0.0140625 0.0546875
0 0.45234375 0.23984375 0.0125 0.05625
0 0.42578125 0.37265625 0.0125 0.05625
0 0.24140625 0.40703125 0.015625 0.0640625
0 0.134375 0.0953125 0.0140625 0.0515625
0 0.50390625 0.515625 0.0203125 0.0625
0 0.56484375 0.665625 0.0234375 0.075