0 0.23671875 0.5265625 0.01875 0.0625
0 0.32890625 0.61953125 0.0140625 0.0625
0 0.26875 0.6859375 0.0171875 0.0703125
0 0.30859375 0.74296875 0.021875 0.0640625
0 0.378125 0.7140625 0.0140625 0.0734375
0 0.40703125 0.76953125 0.0140625 0.0640625
0 0.44140625 0.7578125 0.015625 0.0625
0 0.4453125 0.74140625 0.0171875 0.0640625
0 0.50546875 0.73515625 0.0203125 0.065625
0 0.55703125 0.740625 0.0203125 0.0625
0 0.54140625 0.60546875 0.015625 0.059375
0 0.546875 0.603125 0.0125 0.05625
0 0.6484375 0.5875 0.0171875 0.0640625
0 0.69609375 0.6453125 0.021875 0.0640625
0 0.78125 0.8109375 0.0234375 0.0703125
0 0.6859375 0.46953125 0.0171875 0.059375
0 0.6 0.39609375 0.0171875 0.05
0 0.52734375 0.39921875 0.0140625 0.05
0 0.46640625 0.48515625 0.0140625 0.0625
0 0.55078125 0.31875 0.0140625 0.0515625
0 0.48671875 0.3171875 0.0140625 0.0546875
0 0.36796875 0.36875 0.0109375 0.05625
0 0.43125 0.01640625 0.009375 0.0328125
0 0.8921875 0.165625 0.0125 0.0515625