0 0.75 0.5046875 0.0203125 0.0625
0 0.66484375 0.60078125 0.0171875 0.0609375
0 0.72734375 0.66328125 0.0203125 0.0703125
0 0.690625 0.721875 0.025 0.0640625
0 0.621875 0.696875 0.0171875 0.0734375
0 0.5953125 0.75234375 0.0171875 0.0640625
0 0.5609375 0.74296875 0.01875 0.0625
0 0.55625 0.7265625 0.0203125 0.0640625
0 0.49765625 0.72421875 0.0234375 0.065625
0 0.44765625 0.73203125 0.0234375 0.0625
0 0.45625 0.59765625 0.0171875 0.059375
0 0.45 0.59609375 0.015625 0.05625
0 0.34921875 0.58671875 0.0203125 0.0640625
0 0.30546875 0.6453125 0.025 0.0640625
0 0.23046875 0.8125 0.0265625 0.0703125
0 0.30625 0.47109375 0.01875 0.059375
0 0.38671875 0.3953125 0.01875 0.05
0 0.4578125 0.39375 0.015625 0.0484375
0 0.52265625 0.47578125 0.0171875 0.0609375
0 0.43125 0.3171875 0.0171875 0.0515625
0 0.49375 0.3109375 0.0171875 0.0546875
0 0.6140625 0.35625 0.0140625 0.05625
0 0.53203125 0.01484375 0.0109375 0.0296875
0 0.08828125 0.18359375 0.0140625 0.0515625