0 0.265625 0.82265625 0.015625 0.0671875
0 0.25703125 0.8078125 0.0109375 0.0609375
0 0.29140625 0.803125 0.015625 0.0625
0 0.225 0.75390625 0.0171875 0.059375
0 0.3171875 0.79609375 0.0140625 0.0578125
0 0.325 0.81796875 0.01875 0.0625
0 0.32890625 0.89921875 0.0171875 0.0609375
0 0.37734375 0.790625 0.0171875 0.0609375
0 0.37109375 0.71328125 0.0140625 0.0578125
0 0.378125 0.6765625 0.0125 0.05
0 0.25390625 0.70078125 0.015625 0.0578125
0 0.42421875 0.6515625 0.0140625 0.05
0 0.49921875 0.7296875 0.0203125 0.059375
0 0.57109375 0.84140625 0.0171875 0.0609375
0 0.56640625 0.640625 0.0140625 0.053125
0 0.490625 0.571875 0.01875 0.05
0 0.52578125 0.5671875 0.0140625 0.05
0 0.49140625 0.4984375 0.009375 0.04375
0 0.4359375 0.4390625 0.009375 0.0375
0 0.4015625 0.44609375 0.0109375 0.046875
0 0.73203125 0.2796875 0.0109375 0.040625
0 0.32578125 0.17421875 0.009375 0.040625
0 0.27109375 0.5375 0.0109375 0.0546875
0 0.18984375 0.63515625 0.0125 0.05625