0 0.86796875 0.346875 0.0265625 0.0625
0 0.78515625 0.3453125 0.0234375 0.059375
0 0.7890625 0.3890625 0.0171875 0.0515625
0 0.80078125 0.40078125 0.0296875 0.0578125
0 0.796875 0.42265625 0.0203125 0.0546875
0 0.75546875 0.4125 0.021875 0.053125
0 0.7453125 0.41484375 0.021875 0.0484375
0 0.71640625 0.3546875 0.028125 0.0515625
0 0.64375 0.409375 0.021875 0.053125
0 0.61328125 0.37578125 0.0203125 0.059375
0 0.653125 0.56328125 0.0265625 0.0671875
0 0.684375 0.63671875 0.028125 0.0765625
0 0.8796875 0.53828125 0.025 0.0671875
0 0.425 0.17578125 0.0171875 0.0515625
0 0.41171875 0.3078125 0.01875 0.05
0 0.403125 0.3140625 0.01875 0.0609375
0 0.39296875 0.4296875 0.021875 0.0625
0 0.33828125 0.4390625 0.0203125 0.0625
0 0.315625 0.58203125 0.025 0.0734375
0 0.278125 0.55546875 0.025 0.06875
0 0.2453125 0.32265625 0.0203125 0.0640625
0 0.09609375 0.2859375 0.025 0.059375