0 0.69140625 0.7421875 0.0140625 0.0546875
0 0.5515625 0.6796875 0.0171875 0.0609375
0 0.44140625 0.64609375 0.01875 0.0515625
0 0.471875 0.55 0.0125 0.0453125
0 0.3515625 0.4765625 0.0171875 0.0390625
0 0.2859375 0.5484375 0.01875 0.0546875
0 0.31171875 0.6265625 0.0203125 0.0609375
0 0.30703125 0.6890625 0.0203125 0.053125
0 0.19609375 0.66171875 0.0140625 0.059375
0 0.103125 0.65234375 0.0203125 0.0546875
0 0.29453125 0.18984375 0.0109375 0.040625
0 0.2171875 0.73515625 0.015625 0.0578125
0 0.2046875 0.7671875 0.015625 0.065625
0 0.1734375 0.78984375 0.015625 0.0625
0 0.184375 0.784375 0.0140625 0.04375
0 0.18359375 0.82265625 0.01875 0.0578125
0 0.196875 0.80625 0.0140625 0.0625
0 0.2265625 0.8109375 0.0171875 0.0640625
0 0.21015625 0.853125 0.015625 0.071875
0 0.2546875 0.90859375 0.0203125 0.065625
0 0.31640625 0.890625 0.021875 0.0515625
0 0.31015625 0.7890625 0.0203125 0.0640625
0 0.36328125 0.86328125 0.015625 0.0625
0 0.69609375 0.3 0.0125 0.04375