0 0.671875 0.7703125 0.021875 0.0546875
0 0.54296875 0.68828125 0.025 0.0609375
0 0.43984375 0.6390625 0.025 0.053125
0 0.4828125 0.55 0.01875 0.0453125
0 0.37421875 0.4609375 0.021875 0.040625
0 0.3 0.52265625 0.0265625 0.0546875
0 0.31484375 0.603125 0.0265625 0.0609375
0 0.30234375 0.6640625 0.028125 0.0546875
0 0.1953125 0.621875 0.021875 0.0609375
0 0.10546875 0.6 0.0265625 0.05625
0 0.35703125 0.17109375 0.0171875 0.0421875
0 0.20625 0.69765625 0.0234375 0.059375
0 0.18984375 0.7265625 0.025 0.065625
0 0.15625 0.74375 0.025 0.0625
0 0.1671875 0.74140625 0.0203125 0.04375
0 0.16171875 0.778125 0.0265625 0.059375
0 0.1765625 0.7640625 0.0234375 0.0625
0 0.20546875 0.77265625 0.025 0.0640625
0 0.1828125 0.8125 0.025 0.071875
0 0.21953125 0.87265625 0.0296875 0.0671875
0 0.2828125 0.8640625 0.028125 0.053125
0 0.290625 0.76328125 0.028125 0.0640625
0 0.33203125 0.84375 0.0234375 0.0625
0 0.73828125 0.334375 0.01875 0.04375