0 0.06640625 0.7515625 0.028125 0.0609375
0 0.34296875 0.26640625 0.015625 0.0421875
0 0.37578125 0.6578125 0.021875 0.0578125
0 0.75859375 0.2265625 0.0125 0.0421875
0 0.68984375 0.48359375 0.0171875 0.05
0 0.7328125 0.57421875 0.025 0.053125
0 0.56171875 0.5796875 0.0203125 0.0484375
0 0.58828125 0.65703125 0.0203125 0.053125
0 0.8703125 0.69609375 0.025 0.0578125
0 0.809375 0.746875 0.021875 0.0546875
0 0.73203125 0.70078125 0.0203125 0.0625
0 0.71640625 0.73125 0.021875 0.0578125
0 0.76640625 0.73671875 0.01875 0.0484375
0 0.77421875 0.7765625 0.0203125 0.0578125
0 0.7609375 0.80234375 0.0171875 0.059375
0 0.75390625 0.7796875 0.01875 0.0578125
0 0.75390625 0.76171875 0.0140625 0.0375
0 0.7421875 0.784375 0.0203125 0.0609375
0 0.73203125 0.8015625 0.0203125 0.0609375
0 0.72109375 0.7890625 0.021875 0.0609375
0 0.72890625 0.91796875 0.01875 0.059375
0 0.728125 0.88984375 0.01875 0.0625
0 0.63046875 0.884375 0.021875 0.0671875
0 0.69375 0.95 0.0359375 0.0796875