0 0.28984375 0.2265625 0.0140625 0.040625
0 0.72734375 0.1640625 0.0109375 0.0328125
0 0.68203125 0.440625 0.015625 0.053125
0 0.69296875 0.471875 0.0171875 0.053125
0 0.5546875 0.55078125 0.015625 0.0515625
0 0.56328125 0.59765625 0.015625 0.0546875
0 0.3640625 0.6484375 0.025 0.05625
0 0.640625 0.853125 0.01875 0.071875
0 0.72890625 0.88203125 0.0171875 0.0734375
0 0.73984375 0.90234375 0.01875 0.05625
0 0.690625 0.9359375 0.034375 0.084375
0 0.7546875 0.678125 0.0171875 0.0609375
0 0.7625 0.7015625 0.015625 0.0578125
0 0.76796875 0.70625 0.015625 0.05625
0 0.76796875 0.75703125 0.01875 0.0625
0 0.72265625 0.69296875 0.0203125 0.0625
0 0.7296875 0.73359375 0.0171875 0.0640625
0 0.73828125 0.7546875 0.0171875 0.0640625
0 0.74921875 0.7765625 0.01875 0.0625
0 0.75234375 0.75859375 0.01875 0.065625
0 0.8671875 0.70859375 0.01875 0.0609375
0 0.89296875 0.6609375 0.01875 0.0609375