0 0.09921875 0.865625 0.0203125 0.05625
0 0.2984375 0.31484375 0.0140625 0.0390625
0 0.68984375 0.17890625 0.0125 0.03125
0 0.69765625 0.44140625 0.0171875 0.05
0 0.71328125 0.4671875 0.01875 0.05
0 0.6 0.5640625 0.0171875 0.0484375
0 0.6171875 0.60625 0.0171875 0.0515625
0 0.4421875 0.68828125 0.0265625 0.053125
0 0.7328125 0.8265625 0.0203125 0.0671875
0 0.81953125 0.83671875 0.0203125 0.0703125
0 0.8328125 0.853125 0.0203125 0.053125
0 0.79375 0.89375 0.0359375 0.0796875
0 0.80703125 0.646875 0.01875 0.0578125
0 0.81796875 0.665625 0.0171875 0.0546875
0 0.82421875 0.66875 0.0171875 0.053125
0 0.8328125 0.715625 0.0203125 0.0578125
0 0.78046875 0.66484375 0.021875 0.0578125
0 0.79296875 0.7015625 0.0203125 0.0609375
0 0.80546875 0.71875 0.0203125 0.0609375
0 0.81953125 0.73671875 0.0203125 0.059375
0 0.81875 0.71953125 0.021875 0.0609375
0 0.91640625 0.65390625 0.0203125 0.0578125
0 0.93046875 0.6046875 0.01875 0.0578125