0 0.04296875 0.78203125 0.021875 0.059375
0 0.3265625 0.29296875 0.009375 0.0390625
0 0.73125 0.2125 0.009375 0.0296875
0 0.70703125 0.47109375 0.0140625 0.0484375
0 0.5796875 0.590625 0.0109375 0.0484375
0 0.56953125 0.63203125 0.0140625 0.04375
0 0.56953125 0.66640625 0.0109375 0.053125
0 0.76171875 0.53359375 0.0125 0.0515625
0 0.74375 0.68671875 0.015625 0.053125
0 0.74296875 0.74609375 0.0140625 0.05625
0 0.77734375 0.69609375 0.009375 0.05
0 0.771875 0.7171875 0.0171875 0.05625
0 0.75859375 0.76328125 0.0125 0.05625
0 0.76875 0.771875 0.015625 0.0625
0 0.78125 0.7734375 0.0140625 0.0625
0 0.7828125 0.75234375 0.0203125 0.0578125
0 0.7796875 0.73359375 0.0140625 0.0453125
0 0.790625 0.7265625 0.0125 0.053125
0 0.77578125 0.87890625 0.015625 0.06875
0 0.80859375 0.896875 0.01875 0.059375
0 0.675 0.86796875 0.0140625 0.0640625
0 0.72578125 0.93046875 0.015625 0.0625
0 0.903125 0.72265625 0.015625 0.059375
0 0.91484375 0.6609375 0.0125 0.0625