0 0.01015625 0.7078125 0.0203125 0.0625
0 0.35234375 0.2671875 0.0140625 0.040625
0 0.7640625 0.24375 0.0125 0.03125
0 0.70234375 0.49453125 0.0203125 0.0484375
0 0.5609375 0.5953125 0.0171875 0.05
0 0.5453125 0.63359375 0.0203125 0.04375
0 0.54140625 0.66796875 0.01875 0.053125
0 0.7484375 0.5640625 0.0203125 0.053125
0 0.709375 0.71328125 0.0234375 0.0546875
0 0.7 0.77109375 0.0203125 0.05625
0 0.74140625 0.7265625 0.015625 0.0484375
0 0.7328125 0.746875 0.0234375 0.05625
0 0.71328125 0.78984375 0.0203125 0.0578125
0 0.72265625 0.79921875 0.0234375 0.0625
0 0.734375 0.80390625 0.021875 0.0640625
0 0.7390625 0.7828125 0.028125 0.059375
0 0.73828125 0.7640625 0.0203125 0.046875
0 0.75 0.7578125 0.0203125 0.053125
0 0.7140625 0.90625 0.025 0.06875
0 0.74453125 0.928125 0.0265625 0.0609375
0 0.61640625 0.88125 0.0234375 0.0640625
0 0.65859375 0.95078125 0.0234375 0.0625
0 0.86171875 0.7703125 0.0234375 0.059375
0 0.8828125 0.71171875 0.0203125 0.0640625