0 0.0171875 0.7640625 0.0328125 0.071875
0 0.340625 0.22578125 0.015625 0.046875
0 0.79296875 0.18203125 0.015625 0.034375
0 0.75859375 0.47109375 0.0171875 0.0578125
0 0.82109375 0.60234375 0.0234375 0.0609375
0 0.56953125 0.6046875 0.0203125 0.0546875
0 0.55625 0.646875 0.021875 0.0546875
0 0.62734375 0.68984375 0.0203125 0.0625
0 0.59296875 0.87421875 0.025 0.0734375
0 0.77421875 0.740625 0.0234375 0.0625
0 0.77734375 0.8171875 0.0234375 0.0640625
0 0.77265625 0.84296875 0.021875 0.0640625
0 0.77734375 0.9265625 0.0234375 0.075
0 0.7015625 0.853125 0.0203125 0.071875
0 0.68515625 0.86328125 0.0296875 0.0703125
0 0.69140625 0.85234375 0.0234375 0.059375
0 0.68046875 0.81015625 0.0234375 0.06875
0 0.6984375 0.80078125 0.0265625 0.0578125
0 0.665625 0.83671875 0.025 0.0609375
0 0.646875 0.83359375 0.028125 0.071875
0 0.67578125 0.97578125 0.0296875 0.0484375
0 0.85546875 0.80625 0.0234375 0.0703125
0 0.86171875 0.79609375 0.0203125 0.06875
0 0.85078125 0.9421875 0.0203125 0.065625