0 0.09609375 0.840625 0.028125 0.06875
0 0.328125 0.26484375 0.0125 0.0453125
0 0.76328125 0.153125 0.0125 0.0328125
0 0.775 0.43984375 0.0125 0.05625
0 0.85546875 0.55859375 0.0171875 0.059375
0 0.6109375 0.59921875 0.015625 0.053125
0 0.603125 0.6421875 0.0171875 0.053125
0 0.67890625 0.6734375 0.015625 0.0609375
0 0.67421875 0.85859375 0.01875 0.071875
0 0.83046875 0.7 0.0171875 0.0609375
0 0.84609375 0.775 0.0171875 0.0625
0 0.8453125 0.80078125 0.015625 0.0625
0 0.8625 0.88203125 0.0171875 0.071875
0 0.77734375 0.82109375 0.0140625 0.0703125
0 0.76328125 0.83359375 0.0234375 0.06875
0 0.7671875 0.82265625 0.01875 0.0578125
0 0.75078125 0.7828125 0.015625 0.0671875
0 0.765625 0.77109375 0.0203125 0.05625
0 0.73984375 0.81171875 0.0203125 0.0578125
0 0.72109375 0.8109375 0.0234375 0.06875
0 0.77265625 0.95390625 0.025 0.0625
0 0.9203125 0.7515625 0.01875 0.06875
0 0.925 0.74140625 0.0140625 0.0671875
0 0.9375 0.8859375 0.015625 0.0640625