0 0.27578125 0.1265625 0.0109375 0.0421875
0 0.32890625 0.36328125 0.0203125 0.034375
0 0.68671875 0.21796875 0.009375 0.0390625
0 0.78828125 0.58046875 0.0171875 0.0546875
0 0.52734375 0.5765625 0.0140625 0.053125
0 0.50234375 0.5765625 0.0171875 0.0484375
0 0.47578125 0.5578125 0.0140625 0.0515625
0 0.3796875 0.5328125 0.0140625 0.05625
0 0.4625 0.65234375 0.0125 0.0625
0 0.35703125 0.60234375 0.0171875 0.05
0 0.33515625 0.60546875 0.015625 0.0609375
0 0.4 0.70390625 0.0140625 0.0640625
0 0.37578125 0.703125 0.015625 0.0625
0 0.3515625 0.703125 0.0125 0.059375
0 0.33671875 0.7171875 0.01875 0.0671875
0 0.27734375 0.71796875 0.015625 0.05625
0 0.2640625 0.71796875 0.0140625 0.059375
0 0.23359375 0.69609375 0.0140625 0.0640625
0 0.20625 0.69375 0.01875 0.0625
0 0.31015625 0.86171875 0.0171875 0.0578125
0 0.15703125 0.765625 0.0171875 0.0625
0 0.15859375 0.63046875 0.01875 0.0546875
0 0.1671875 0.6 0.015625 0.05
0 0.24765625 0.51171875 0.0171875 0.0515625