0 0.53671875 0.22734375 0.0125 0.0390625
0 0.11796875 0.51875 0.0171875 0.053125
0 0.2421875 0.45078125 0.0171875 0.046875
0 0.28671875 0.4125 0.0140625 0.046875
0 0.309375 0.384375 0.0171875 0.040625
0 0.0953125 0.39296875 0.0140625 0.0453125
0 0.24765625 0.66171875 0.01875 0.0546875
0 0.41484375 0.709375 0.0234375 0.059375
0 0.43125 0.65390625 0.021875 0.0578125
0 0.43671875 0.58515625 0.015625 0.0515625
0 0.50078125 0.56484375 0.015625 0.0515625
0 0.484375 0.51640625 0.0140625 0.046875
0 0.4640625 0.44140625 0.015625 0.05
0 0.50859375 0.3921875 0.0125 0.046875
0 0.5515625 0.4609375 0.0140625 0.046875
0 0.63828125 0.50546875 0.0171875 0.04375
0 0.640625 0.47578125 0.0140625 0.0390625
0 0.70859375 0.67109375 0.0171875 0.05625
0 0.5546875 0.6859375 0.0171875 0.059375
0 0.525 0.67890625 0.0171875 0.0546875
0 0.5625 0.56875 0.0171875 0.053125
0 0.575 0.5828125 0.015625 0.05625
0 0.475 0.88046875 0.025 0.0640625
0 0.93359375 0.68515625 0.0140625 0.0546875