0 0.45078125 0.23984375 0.015625 0.040625
0 0.8953125 0.50625 0.021875 0.0546875
0 0.76484375 0.44609375 0.0203125 0.0484375
0 0.7171875 0.41015625 0.0171875 0.0484375
0 0.69296875 0.3828125 0.01875 0.040625
0 0.91015625 0.37734375 0.0171875 0.046875
0 0.775 0.659375 0.0234375 0.05625
0 0.60859375 0.7203125 0.0265625 0.0609375
0 0.58828125 0.665625 0.0265625 0.059375
0 0.57734375 0.59609375 0.01875 0.0515625
0 0.5109375 0.5796875 0.0203125 0.053125
0 0.5234375 0.5296875 0.0171875 0.0484375
0 0.5390625 0.4515625 0.01875 0.0515625
0 0.490625 0.40546875 0.015625 0.0484375
0 0.45234375 0.47734375 0.01875 0.0484375
0 0.3671875 0.5296875 0.0203125 0.0453125
0 0.36328125 0.49921875 0.0171875 0.040625
0 0.30859375 0.703125 0.0203125 0.05625
0 0.465625 0.70625 0.021875 0.0609375
0 0.49453125 0.696875 0.0203125 0.05625
0 0.44921875 0.5890625 0.021875 0.053125
0 0.4375 0.603125 0.0203125 0.0578125
0 0.559375 0.89765625 0.0296875 0.065625
0 0.08046875 0.7328125 0.0171875 0.05625