0 0.10859375 0.52109375 0.015625 0.0515625
0 0.040625 0.646875 0.0109375 0.0484375
0 0.13203125 0.4203125 0.0109375 0.0421875
0 0.2125 0.43046875 0.015625 0.0421875
0 0.24453125 0.39765625 0.0109375 0.04375
0 0.16953125 0.63203125 0.015625 0.053125
0 0.54140625 0.19609375 0.009375 0.0375
0 0.428125 0.35625 0.0109375 0.0375
0 0.38359375 0.37578125 0.0109375 0.0421875
0 0.4484375 0.45390625 0.0125 0.046875
0 0.4234375 0.50859375 0.0078125 0.0375
0 0.42578125 0.4984375 0.0125 0.0421875
0 0.434375 0.53203125 0.0125 0.0484375
0 0.4046875 0.634375 0.01875 0.05
0 0.359375 0.63046875 0.01875 0.0546875
0 0.5328125 0.5046875 0.0125 0.046875
0 0.52734375 0.40546875 0.0140625 0.0375
0 0.51640625 0.3578125 0.0140625 0.03125
0 0.5796875 0.38671875 0.0125 0.0453125
0 0.578125 0.43125 0.0125 0.0390625
0 0.6171875 0.4390625 0.0109375 0.046875
0 0.5796875 0.60390625 0.0125 0.0515625
0 0.55546875 0.6375 0.0109375 0.053125
0 0.765625 0.578125 0.015625 0.053125
0 0.9 0.5796875 0.015625 0.05
0 0.46796875 0.81875 0.0125 0.05625