0 0.06484375 0.42578125 0.0234375 0.0578125
0 0.109375 0.321875 0.0171875 0.046875
0 0.19375 0.34765625 0.021875 0.0484375
0 0.23359375 0.31796875 0.01875 0.0484375
0 0.109375 0.55625 0.0234375 0.059375
0 0.5890625 0.15859375 0.015625 0.0421875
0 0.43671875 0.3078125 0.0171875 0.0421875
0 0.3859375 0.32109375 0.01875 0.046875
0 0.44140625 0.4171875 0.0203125 0.0515625
0 0.40390625 0.4703125 0.0140625 0.040625
0 0.40859375 0.46015625 0.01875 0.046875
0 0.4109375 0.4984375 0.0203125 0.053125
0 0.359375 0.60234375 0.0265625 0.05625
0 0.31171875 0.58984375 0.028125 0.0609375
0 0.521875 0.4875 0.0203125 0.0515625
0 0.53359375 0.38046875 0.0203125 0.0421875
0 0.53125 0.32734375 0.01875 0.0359375
0 0.59453125 0.36953125 0.01875 0.0515625
0 0.584375 0.41796875 0.0203125 0.0453125
0 0.6234375 0.43359375 0.01875 0.0515625
0 0.553125 0.603125 0.0203125 0.05625
0 0.5203125 0.634375 0.0203125 0.0578125
0 0.75703125 0.61015625 0.0234375 0.059375
0 0.89921875 0.63671875 0.0234375 0.05625
0 0.39296875 0.8109375 0.021875 0.0625