0 0.1265625 0.3984375 0.0171875 0.0515625
0 0.0125 0.609375 0.0140625 0.0546875
0 0.1140625 0.55546875 0.0171875 0.059375
0 0.1765625 0.44765625 0.01875 0.05625
0 0.2 0.3484375 0.015625 0.05
0 0.2265625 0.33515625 0.01875 0.0515625
0 0.39375 0.30546875 0.0171875 0.0484375
0 0.36015625 0.4546875 0.015625 0.0546875
0 0.3203125 0.58515625 0.0140625 0.05625
0 0.35 0.6359375 0.025 0.0625
0 0.4375 0.47890625 0.015625 0.05625
0 0.46171875 0.39609375 0.0140625 0.0515625
0 0.54609375 0.38359375 0.015625 0.0453125
0 0.5875 0.31171875 0.0125 0.04375
0 0.60859375 0.3125 0.0140625 0.0453125
0 0.6171875 0.325 0.0125 0.0515625
0 0.5890625 0.3984375 0.0125 0.046875
0 0.584375 0.46875 0.0125 0.0515625
0 0.61015625 0.590625 0.01875 0.059375
0 0.58203125 0.64296875 0.0203125 0.0625
0 0.71796875 0.38984375 0.0140625 0.053125
0 0.90234375 0.571875 0.0171875 0.0578125