0 0.05390625 0.38828125 0.0234375 0.065625
0 0.04453125 0.459375 0.021875 0.0640625
0 0.178125 0.27421875 0.0265625 0.059375
0 0.22265625 0.25 0.01875 0.059375
0 0.33984375 0.2375 0.021875 0.0609375
0 0.2296875 0.41015625 0.025 0.065625
0 0.309375 0.39609375 0.021875 0.065625
0 0.26484375 0.528125 0.0203125 0.06875
0 0.4125 0.40234375 0.0203125 0.065625
0 0.43828125 0.325 0.0234375 0.0609375
0 0.228125 0.63203125 0.0234375 0.0734375
0 0.7046875 0.0703125 0.015625 0.0390625
0 0.57265625 0.2390625 0.015625 0.0546875
0 0.59375 0.25078125 0.0234375 0.0578125
0 0.6640625 0.25234375 0.0140625 0.05625
0 0.5484375 0.34453125 0.015625 0.0546875
0 0.51484375 0.34921875 0.0234375 0.0546875
0 0.56015625 0.46015625 0.0234375 0.0625
0 0.61171875 0.56015625 0.0234375 0.0734375
0 0.565625 0.65625 0.021875 0.0765625
0 0.778125 0.34765625 0.0234375 0.0578125
0 0.90390625 0.54140625 0.025 0.0640625
0 0.97265625 0.5390625 0.0234375 0.065625
0 0.42109375 0.875 0.03125 0.0796875