0 0.04296875 0.45703125 0.021875 0.065625
0 0.03515625 0.52734375 0.01875 0.0640625
0 0.16328125 0.34375 0.0265625 0.0578125
0 0.20625 0.31796875 0.0171875 0.0578125
0 0.32109375 0.303125 0.0203125 0.059375
0 0.21484375 0.47578125 0.021875 0.0640625
0 0.29296875 0.4609375 0.0203125 0.065625
0 0.25234375 0.59140625 0.01875 0.06875
0 0.3953125 0.46484375 0.01875 0.065625
0 0.41875 0.3875 0.021875 0.059375
0 0.21875 0.69453125 0.021875 0.071875
0 0.67734375 0.1328125 0.0140625 0.0375
0 0.55 0.3015625 0.0125 0.0546875
0 0.5703125 0.3125 0.0234375 0.05625
0 0.63984375 0.31328125 0.0140625 0.05625
0 0.528125 0.40625 0.0140625 0.0546875
0 0.4953125 0.4109375 0.021875 0.053125
0 0.54140625 0.51953125 0.0203125 0.0625
0 0.59296875 0.6171875 0.0203125 0.071875
0 0.55 0.7125 0.0203125 0.075
0 0.75390625 0.40546875 0.021875 0.05625
0 0.8796875 0.59296875 0.0234375 0.0625
0 0.9484375 0.5890625 0.021875 0.0640625
0 0.4125 0.9296875 0.0296875 0.078125