0 0.934375 0.47109375 0.021875 0.0625
0 0.93125 0.4609375 0.025 0.06875
0 0.8078125 0.3515625 0.025 0.0578125
0 0.76328125 0.3421875 0.0234375 0.0609375
0 0.68671875 0.325 0.0234375 0.059375
0 0.7046875 0.45859375 0.021875 0.0625
0 0.7109375 0.49453125 0.0296875 0.0640625
0 0.77890625 0.5828125 0.0265625 0.0640625
0 0.8734375 0.66484375 0.0265625 0.071875
0 0.553125 0.92109375 0.028125 0.0734375
0 0.48984375 0.72578125 0.0265625 0.071875
0 0.54375 0.4453125 0.0265625 0.0625
0 0.5328125 0.4125 0.025 0.05625
0 0.5328125 0.38515625 0.0203125 0.05625
0 0.50703125 0.39921875 0.025 0.053125
0 0.46171875 0.32109375 0.021875 0.05625
0 0.46953125 0.3125 0.0234375 0.053125
0 0.3453125 0.34609375 0.0234375 0.05625
0 0.46796875 0.52890625 0.025 0.0640625
0 0.39140625 0.63828125 0.0234375 0.065625
0 0.31796875 0.5703125 0.0265625 0.0625
0 0.2453125 0.4296875 0.0234375 0.0609375
0 0.265625 0.17890625 0.0171875 0.0359375
0 0.0609375 0.62421875 0.025 0.0640625