0 0.0453125 0.48828125 0.0203125 0.0625
0 0.0484375 0.478125 0.021875 0.06875
0 0.16796875 0.36328125 0.0234375 0.059375
0 0.2125 0.353125 0.021875 0.0609375
0 0.2890625 0.3328125 0.021875 0.059375
0 0.27578125 0.46796875 0.01875 0.0625
0 0.2703125 0.50390625 0.0265625 0.0640625
0 0.2046875 0.5953125 0.025 0.0640625
0 0.1140625 0.68125 0.0234375 0.071875
0 0.44375 0.92734375 0.0265625 0.0734375
0 0.50078125 0.728125 0.0234375 0.071875
0 0.43671875 0.4484375 0.0234375 0.0625
0 0.44609375 0.41484375 0.0234375 0.05625
0 0.4453125 0.38828125 0.01875 0.05625
0 0.471875 0.40078125 0.0234375 0.053125
0 0.5140625 0.32109375 0.0203125 0.0578125
0 0.50703125 0.3125 0.021875 0.053125
0 0.6328125 0.3421875 0.0203125 0.05625
0 0.51640625 0.5296875 0.0234375 0.065625
0 0.596875 0.6375 0.0203125 0.065625
0 0.6671875 0.56640625 0.025 0.0625
0 0.7359375 0.421875 0.021875 0.0609375
0 0.70703125 0.17109375 0.015625 0.0359375
0 0.92734375 0.61171875 0.0234375 0.0640625