0 0.92265625 0.54296875 0.021875 0.059375
0 0.95859375 0.73203125 0.0234375 0.065625
0 0.8765625 0.72890625 0.0328125 0.0734375
0 0.87265625 0.55703125 0.01875 0.0578125
0 0.7515625 0.6359375 0.0265625 0.0625
0 0.746875 0.4921875 0.0265625 0.0546875
0 0.67265625 0.5140625 0.0234375 0.065625
0 0.64765625 0.5578125 0.025 0.0640625
0 0.809375 0.4671875 0.0203125 0.0578125
0 0.79765625 0.4390625 0.0203125 0.0546875
0 0.69375 0.44453125 0.0203125 0.0484375
0 0.70078125 0.33359375 0.028125 0.05
0 0.659375 0.3328125 0.01875 0.0546875
0 0.62578125 0.31875 0.021875 0.0515625
0 0.59140625 0.35234375 0.025 0.0578125
0 0.56171875 0.371875 0.0265625 0.05625
0 0.515625 0.315625 0.025 0.0484375
0 0.52734375 0.43359375 0.025 0.0578125
0 0.53828125 0.44765625 0.0234375 0.0578125
0 0.49609375 0.64375 0.0296875 0.0734375
0 0.4140625 0.540625 0.0265625 0.065625
0 0.459375 0.88125 0.03125 0.0765625
0 0.3546875 0.29765625 0.0203125 0.0578125
0 0.41015625 0.09296875 0.015625 0.034375
0 0.08515625 0.4390625 0.025 0.065625