0 0.92421875 0.54453125 0.0203125 0.0578125
0 0.965625 0.7265625 0.0203125 0.0625
0 0.88671875 0.72734375 0.0296875 0.0703125
0 0.87578125 0.56015625 0.0171875 0.05625
0 0.76171875 0.63984375 0.0234375 0.059375
0 0.75234375 0.50078125 0.0234375 0.053125
0 0.68203125 0.525 0.021875 0.0640625
0 0.659375 0.56875 0.021875 0.0625
0 0.8125 0.475 0.01875 0.0546875
0 0.80078125 0.44921875 0.0171875 0.053125
0 0.69921875 0.45703125 0.01875 0.046875
0 0.7015625 0.35 0.025 0.0484375
0 0.6625 0.35 0.0171875 0.053125
0 0.62890625 0.33828125 0.01875 0.05
0 0.596875 0.371875 0.0234375 0.05625
0 0.56875 0.39140625 0.025 0.0546875
0 0.52265625 0.33828125 0.0234375 0.046875
0 0.53828125 0.45234375 0.021875 0.0546875
0 0.54921875 0.46484375 0.021875 0.0546875
0 0.5140625 0.65625 0.0265625 0.0703125
0 0.43125 0.56015625 0.0234375 0.0640625
0 0.4875 0.8890625 0.028125 0.0734375
0 0.365625 0.32578125 0.01875 0.05625
0 0.4125 0.1265625 0.0140625 0.034375
0 0.10859375 0.471875 0.021875 0.0625