0 0.7171875 0.43984375 0.025 0.0453125
0 0.7703125 0.465625 0.0203125 0.046875
0 0.81953125 0.5796875 0.0203125 0.05625
0 0.73359375 0.60703125 0.0203125 0.0578125
0 0.7 0.44609375 0.01875 0.05
0 0.69296875 0.4734375 0.0203125 0.0421875
0 0.615625 0.521875 0.01875 0.0515625
0 0.60234375 0.603125 0.0203125 0.053125
0 0.62265625 0.69609375 0.021875 0.065625
0 0.7046875 0.8515625 0.0265625 0.06875
0 0.71015625 0.89765625 0.025 0.0703125
0 0.85625 0.79921875 0.025 0.065625
0 0.50234375 0.6625 0.0203125 0.0578125
0 0.44296875 0.6359375 0.021875 0.05625
0 0.41328125 0.790625 0.0265625 0.071875
0 0.39453125 0.796875 0.021875 0.065625
0 0.52109375 0.48984375 0.021875 0.053125
0 0.5265625 0.46015625 0.01875 0.0515625
0 0.49296875 0.4203125 0.01875 0.04375
0 0.3515625 0.4390625 0.01875 0.05
0 0.37421875 0.31640625 0.015625 0.0453125
0 0.13125 0.54921875 0.0203125 0.0546875