0 0.11171875 0.7109375 0.040625 0.0734375
0 0.09140625 0.51171875 0.028125 0.06875
0 0.240625 0.7328125 0.0328125 0.0796875
0 0.29609375 0.54609375 0.025 0.0640625
0 0.2984375 0.496875 0.0234375 0.0484375
0 0.32890625 0.44140625 0.0265625 0.0703125
0 0.3765625 0.559375 0.028125 0.059375
0 0.4046875 0.309375 0.0234375 0.0578125
0 0.465625 0.49765625 0.0234375 0.0578125
0 0.528125 0.5125 0.025 0.0625
0 0.596875 0.64921875 0.0265625 0.0625
0 0.57265625 0.4453125 0.0265625 0.065625
0 0.5984375 0.42265625 0.0296875 0.0609375
0 0.6234375 0.3640625 0.021875 0.05625
0 0.54609375 0.24296875 0.0234375 0.0625
0 0.54296875 0.1109375 0.0203125 0.053125
0 0.81796875 0.2640625 0.021875 0.0625
0 0.8703125 0.4515625 0.028125 0.0640625
0 0.85546875 0.55625 0.025 0.071875
0 0.95234375 0.39453125 0.028125 0.065625
0 0.94140625 0.24609375 0.025 0.0625