0 0.90390625 0.6203125 0.0296875 0.06875
0 0.896875 0.42578125 0.01875 0.065625
0 0.78203125 0.65859375 0.021875 0.0765625
0 0.70234375 0.48671875 0.0171875 0.0609375
0 0.69296875 0.4390625 0.0171875 0.046875
0 0.65703125 0.3890625 0.0171875 0.0671875
0 0.62734375 0.51015625 0.0203125 0.05625
0 0.56484375 0.271875 0.015625 0.0546875
0 0.53203125 0.4625 0.015625 0.0546875
0 0.47265625 0.48515625 0.0171875 0.059375
0 0.425 0.6265625 0.0171875 0.059375
0 0.42109375 0.4265625 0.0171875 0.0625
0 0.3921875 0.4078125 0.021875 0.0578125
0 0.36015625 0.3546875 0.0140625 0.053125
0 0.41875 0.22734375 0.015625 0.0609375
0 0.9921875 0.2109375 0.015625 0.0515625
0 0.4046875 0.09921875 0.0140625 0.0515625
0 0.15859375 0.284375 0.0140625 0.059375
0 0.13359375 0.4734375 0.01875 0.0609375
0 0.1625 0.57109375 0.015625 0.06875
0 0.046875 0.42890625 0.0203125 0.0625
0 0.03671875 0.284375 0.0171875 0.059375