0 0.859375 0.39453125 0.025 0.0765625
0 0.57578125 0.428125 0.025 0.08125
0 0.521875 0.746875 0.03125 0.09375
0 0.45078125 0.33203125 0.03125 0.0765625
0 0.4484375 0.32421875 0.025 0.0796875
0 0.41796875 0.29921875 0.0375 0.0828125
0 0.34921875 0.28828125 0.01875 0.06875
0 0.31953125 0.26640625 0.01875 0.0734375
0 0.2640625 0.22109375 0.025 0.0734375
0 0.29453125 0.340625 0.021875 0.0734375
0 0.30234375 0.36015625 0.0265625 0.071875
0 0.17578125 0.21171875 0.0265625 0.075
0 0.125 0.25625 0.0265625 0.075
0 0.0890625 0.27734375 0.025 0.0828125
0 0.10546875 0.3171875 0.028125 0.0578125
0 0.15234375 0.3078125 0.025 0.0796875
0 0.13203125 0.346875 0.021875 0.0796875
0 0.22890625 0.42890625 0.0265625 0.0796875
0 0.2375 0.440625 0.021875 0.0828125
0 0.19609375 0.53671875 0.0265625 0.09375
0 0.21796875 0.61953125 0.0359375 0.0890625
0 0.31640625 0.5625 0.0296875 0.0890625