0 0.1203125 0.43203125 0.021875 0.0734375
0 0.39140625 0.46875 0.021875 0.078125
0 0.43671875 0.775 0.028125 0.090625
0 0.5125 0.37890625 0.0296875 0.0734375
0 0.515625 0.371875 0.021875 0.0765625
0 0.54453125 0.34765625 0.0359375 0.078125
0 0.61171875 0.3390625 0.0171875 0.0640625
0 0.63984375 0.31796875 0.0171875 0.06875
0 0.69453125 0.27578125 0.021875 0.0703125
0 0.6640625 0.390625 0.0203125 0.0703125
0 0.6546875 0.40859375 0.0234375 0.0671875
0 0.778125 0.26796875 0.025 0.071875
0 0.82734375 0.31171875 0.0234375 0.071875
0 0.8609375 0.3328125 0.0234375 0.0796875
0 0.84453125 0.37109375 0.025 0.05625
0 0.8 0.3609375 0.021875 0.0765625
0 0.81875 0.3984375 0.0203125 0.0765625
0 0.72421875 0.4765625 0.0234375 0.0765625
0 0.71640625 0.4875 0.01875 0.0796875
0 0.75390625 0.57890625 0.0234375 0.090625
0 0.73203125 0.659375 0.0328125 0.0859375
0 0.63828125 0.60234375 0.028125 0.0859375