0 0.10078125 0.34921875 0.0203125 0.071875
0 0.4234375 0.35390625 0.021875 0.075
0 0.43125 0.490625 0.0234375 0.078125
0 0.48125 0.69765625 0.025 0.0875
0 0.6203125 0.66875 0.0265625 0.084375
0 0.70390625 0.50078125 0.021875 0.0828125
0 0.7640625 0.47890625 0.021875 0.084375
0 0.75625 0.46796875 0.0203125 0.08125
0 0.82421875 0.3828125 0.015625 0.075
0 0.82734375 0.35859375 0.0171875 0.075
0 0.8265625 0.33046875 0.01875 0.06875
0 0.80703125 0.34765625 0.0265625 0.075
0 0.78515625 0.2984375 0.01875 0.053125
0 0.73984375 0.28203125 0.01875 0.06875
0 0.73984375 0.24921875 0.0203125 0.0625
0 0.7 0.31328125 0.021875 0.0734375
0 0.68828125 0.378125 0.01875 0.06875
0 0.6921875 0.41953125 0.021875 0.0671875
0 0.65234375 0.325 0.0203125 0.06875
0 0.6125 0.321875 0.021875 0.0734375
0 0.58125 0.35234375 0.01875 0.0765625
0 0.54375 0.3296875 0.01875 0.0625