0 0.9046875 0.37734375 0.0203125 0.071875
0 0.57890625 0.37578125 0.0234375 0.075
0 0.56875 0.51328125 0.025 0.078125
0 0.51484375 0.721875 0.0265625 0.0875
0 0.37421875 0.68984375 0.028125 0.0859375
0 0.29296875 0.51875 0.0234375 0.0828125
0 0.23203125 0.4953125 0.0234375 0.084375
0 0.23984375 0.48515625 0.0203125 0.08125
0 0.17421875 0.396875 0.0171875 0.0765625
0 0.1703125 0.3734375 0.01875 0.075
0 0.171875 0.3453125 0.01875 0.0703125
0 0.19140625 0.3625 0.028125 0.0765625
0 0.21484375 0.3125 0.01875 0.053125
0 0.259375 0.296875 0.0203125 0.06875
0 0.26015625 0.2640625 0.021875 0.0625
0 0.3 0.32890625 0.0234375 0.0734375
0 0.3109375 0.39453125 0.0203125 0.06875
0 0.30546875 0.4359375 0.0234375 0.06875
0 0.3484375 0.3421875 0.021875 0.06875
0 0.38828125 0.33984375 0.0234375 0.0734375
0 0.41953125 0.37109375 0.0203125 0.0765625
0 0.4578125 0.34921875 0.01875 0.0625