0 0.97890625 0.28359375 0.01875 0.0796875
0 0.65625 0.3703125 0.0265625 0.090625
0 0.446875 0.3953125 0.0171875 0.078125
0 0.5453125 0.61796875 0.028125 0.1
0 0.48828125 0.77421875 0.0375 0.1078125
0 0.42734375 0.82265625 0.03125 0.103125
0 0.28125 0.41875 0.0234375 0.084375
0 0.28515625 0.4390625 0.025 0.0875
0 0.2828125 0.34921875 0.025 0.0796875
0 0.22421875 0.39921875 0.0234375 0.0921875
0 0.209375 0.4046875 0.0265625 0.0875
0 0.18203125 0.3671875 0.025 0.0859375
0 0.15703125 0.334375 0.0203125 0.0953125
0 0.15546875 0.3796875 0.0203125 0.0875
0 0.1953125 0.4828125 0.0296875 0.071875
0 0.19765625 0.5484375 0.021875 0.084375
0 0.209375 0.5625 0.021875 0.096875
0 0.16875 0.54609375 0.03125 0.09375
0 0.16953125 0.60078125 0.03125 0.0921875
0 0.14140625 0.5171875 0.0234375 0.09375
0 0.11484375 0.44453125 0.025 0.090625
0 0.103125 0.4546875 0.0203125 0.090625