0 0.94765625 0.30625 0.021875 0.078125
0 0.63359375 0.390625 0.0265625 0.0890625
0 0.4296875 0.41484375 0.0171875 0.0765625
0 0.52578125 0.63046875 0.0265625 0.096875
0 0.47109375 0.78203125 0.0359375 0.1046875
0 0.4109375 0.82890625 0.03125 0.1
0 0.2703125 0.4375 0.0234375 0.08125
0 0.27265625 0.45625 0.0234375 0.084375
0 0.27109375 0.36953125 0.0234375 0.078125
0 0.2140625 0.41796875 0.021875 0.0890625
0 0.19921875 0.4234375 0.025 0.084375
0 0.1734375 0.3875 0.0234375 0.084375
0 0.1484375 0.35546875 0.0203125 0.09375
0 0.14765625 0.4 0.0203125 0.084375
0 0.18515625 0.49921875 0.028125 0.06875
0 0.1890625 0.56328125 0.021875 0.08125
0 0.19921875 0.5765625 0.021875 0.0953125
0 0.159375 0.56171875 0.0296875 0.090625
0 0.1609375 0.6140625 0.0296875 0.0890625
0 0.13359375 0.53359375 0.021875 0.090625
0 0.10703125 0.4625 0.0234375 0.0875
0 0.09609375 0.47265625 0.01875 0.0875