0 0.92109375 0.30390625 0.0296875 0.084375
0 0.640625 0.3625 0.03125 0.0859375
0 0.3703125 0.35390625 0.0265625 0.0796875
0 0.440625 0.61640625 0.03125 0.1
0 0.32421875 0.6703125 0.0359375 0.1046875
0 0.26796875 0.7265625 0.0328125 0.1046875
0 0.2453125 0.24609375 0.0265625 0.08125
0 0.2203125 0.28984375 0.0296875 0.084375
0 0.1625 0.26484375 0.0265625 0.084375
0 0.15390625 0.25859375 0.01875 0.08125
0 0.1359375 0.228125 0.021875 0.090625
0 0.12734375 0.3140625 0.025 0.0890625
0 0.14921875 0.32109375 0.0265625 0.0859375
0 0.14140625 0.3484375 0.025 0.090625
0 0.13359375 0.371875 0.0328125 0.09375
0 0.1125 0.40703125 0.0359375 0.1046875
0 0.0875 0.340625 0.03125 0.0921875
0 0.0625 0.3484375 0.0265625 0.0890625
0 0.0703125 0.38828125 0.0296875 0.0921875
0 0.07265625 0.5 0.046875 0.0984375
0 0.03046875 0.440625 0.034375 0.0859375