0 0.9546875 0.30078125 0.0234375 0.08125
0 0.68359375 0.378125 0.0265625 0.0828125
0 0.41796875 0.38828125 0.021875 0.078125
0 0.50625 0.640625 0.025 0.096875
0 0.39453125 0.7015625 0.028125 0.103125
0 0.34296875 0.7609375 0.0265625 0.103125
0 0.2890625 0.290625 0.0203125 0.0796875
0 0.2671875 0.3359375 0.0234375 0.0828125
0 0.20859375 0.315625 0.0203125 0.0828125
0 0.19921875 0.309375 0.0140625 0.0796875
0 0.1796875 0.28046875 0.015625 0.0890625
0 0.1765625 0.365625 0.01875 0.0875
0 0.1984375 0.37109375 0.021875 0.084375
0 0.19296875 0.3984375 0.01875 0.0875
0 0.1875 0.421875 0.025 0.090625
0 0.16875 0.4578125 0.028125 0.1015625
0 0.13984375 0.39453125 0.025 0.0890625
0 0.11640625 0.40390625 0.0203125 0.0859375
0 0.1265625 0.4421875 0.0234375 0.090625
0 0.1359375 0.55234375 0.040625 0.0953125
0 0.09140625 0.496875 0.0296875 0.0828125