0 0.94296875 0.2484375 0.0234375 0.0765625
0 0.61171875 0.384375 0.0234375 0.0796875
0 0.47578125 0.59140625 0.021875 0.0921875
0 0.33828125 0.65625 0.0234375 0.0921875
0 0.3375 0.3984375 0.01875 0.075
0 0.13671875 0.5625 0.025 0.090625
0 0.3046875 0.73671875 0.028125 0.0984375
0 0.12890625 0.4375 0.0203125 0.0875
0 0.1203125 0.42109375 0.01875 0.08125
0 0.1203125 0.40625 0.0171875 0.075
0 0.1125 0.39921875 0.0171875 0.090625
0 0.075 0.4375 0.0203125 0.0890625
0 0.0625 0.4546875 0.0234375 0.0890625
0 0.05234375 0.440625 0.01875 0.0828125
0 0.046875 0.42265625 0.01875 0.0828125
0 0.00234375 0.50703125 0.0046875 0.0796875
0 0.2484375 0.30703125 0.015625 0.075
0 0.20546875 0.325 0.0203125 0.0734375
0 0.16171875 0.3234375 0.0171875 0.08125
0 0.16328125 0.31796875 0.0203125 0.0828125
0 0.1359375 0.29765625 0.01875 0.0796875