0 0.9640625 0.31953125 0.0234375 0.0765625
0 0.6265625 0.43125 0.0234375 0.0796875
0 0.4765625 0.62734375 0.021875 0.0921875
0 0.33671875 0.6828125 0.0234375 0.0921875
0 0.353125 0.42578125 0.01875 0.075
0 0.14296875 0.575 0.025 0.090625
0 0.29765625 0.759375 0.028125 0.096875
0 0.14453125 0.45 0.0203125 0.0875
0 0.1375 0.434375 0.01875 0.08125
0 0.1375 0.41953125 0.0171875 0.075
0 0.13125 0.4109375 0.0171875 0.0890625
0 0.090625 0.44765625 0.0203125 0.0875
0 0.07734375 0.4625 0.0234375 0.0875
0 0.06796875 0.4484375 0.0171875 0.0828125
0 0.0640625 0.43046875 0.01875 0.0828125
0 0.00859375 0.51015625 0.0171875 0.0796875
0 0.271875 0.33046875 0.015625 0.075
0 0.228125 0.3453125 0.0203125 0.0734375
0 0.184375 0.33984375 0.0171875 0.08125
0 0.1859375 0.33515625 0.0203125 0.0828125
0 0.16015625 0.3125 0.01875 0.0796875