0 0.89765625 0.2609375 0.0296875 0.0703125
0 0.46875 0.3625 0.025 0.0671875
0 0.50546875 0.51796875 0.0296875 0.0765625
0 0.43203125 0.4578125 0.0265625 0.0765625
0 0.415625 0.4546875 0.028125 0.071875
0 0.43203125 0.7515625 0.0359375 0.0875
0 0.3828125 0.65703125 0.0328125 0.0859375
0 0.3296875 0.66015625 0.034375 0.090625
0 0.090625 0.59609375 0.028125 0.075
0 0.159375 0.50625 0.0328125 0.08125
0 0.40703125 0.38125 0.028125 0.0671875
0 0.3703125 0.3890625 0.025 0.0734375
0 0.35703125 0.38828125 0.025 0.06875
0 0.3234375 0.36875 0.025 0.065625
0 0.3046875 0.4046875 0.0375 0.06875
0 0.265625 0.35078125 0.028125 0.0609375
0 0.2828125 0.4203125 0.0328125 0.0671875
0 0.2796875 0.41171875 0.03125 0.06875
0 0.240625 0.3953125 0.0265625 0.06875
0 0.2296875 0.39453125 0.028125 0.075
0 0.23984375 0.4359375 0.028125 0.065625
0 0.2171875 0.4390625 0.025 0.078125