0 0.9203125 0.31640625 0.0203125 0.0671875
0 0.4859375 0.3578125 0.015625 0.065625
0 0.50078125 0.51484375 0.01875 0.075
0 0.43671875 0.44609375 0.0171875 0.075
0 0.42109375 0.43984375 0.01875 0.06875
0 0.3953125 0.7328125 0.0234375 0.084375
0 0.3609375 0.63359375 0.0203125 0.0828125
0 0.30859375 0.6296875 0.021875 0.0875
0 0.0828125 0.534375 0.01875 0.0734375
0 0.1625 0.45546875 0.021875 0.078125
0 0.42265625 0.3671875 0.01875 0.0640625
0 0.38515625 0.36953125 0.015625 0.071875
0 0.37265625 0.3671875 0.015625 0.0671875
0 0.34296875 0.34296875 0.015625 0.0640625
0 0.31875 0.37578125 0.028125 0.065625
0 0.2890625 0.31796875 0.0203125 0.0578125
0 0.29609375 0.3875 0.0234375 0.0640625
0 0.29296875 0.3796875 0.021875 0.065625
0 0.25703125 0.3578125 0.0171875 0.065625
0 0.246875 0.3546875 0.01875 0.071875
0 0.25078125 0.396875 0.0203125 0.0625
0 0.228125 0.396875 0.015625 0.075