0 0.07421875 0.471875 0.0359375 0.084375
0 0.31640625 0.4625 0.025 0.0703125
0 0.40546875 0.575 0.0265625 0.0828125
0 0.51875 0.53828125 0.0328125 0.0734375
0 0.6125 0.5203125 0.0234375 0.0796875
0 0.61953125 0.48828125 0.0203125 0.075
0 0.6875 0.46796875 0.025 0.075
0 0.678125 0.45625 0.025 0.0828125
0 0.7265625 0.475 0.0265625 0.0796875
0 0.75546875 0.4609375 0.0265625 0.0796875
0 0.796875 0.39921875 0.0265625 0.0765625
0 0.8015625 0.4875 0.025 0.08125
0 0.8171875 0.4578125 0.025 0.071875
0 0.8828125 0.4359375 0.0265625 0.0765625
0 0.8828125 0.49375 0.025 0.0765625
0 0.8453125 0.50625 0.025 0.0625
0 0.84453125 0.54375 0.025 0.078125
0 0.88984375 0.5640625 0.0234375 0.0859375
0 0.72578125 0.7203125 0.0296875 0.09375
0 0.65546875 0.7125 0.0328125 0.0875
0 0.59453125 0.7859375 0.0265625 0.090625