0 0.0859375 0.53359375 0.0359375 0.0796875
0 0.30703125 0.4734375 0.025 0.0671875
0 0.4125 0.5578125 0.0265625 0.078125
0 0.509375 0.5 0.0328125 0.0703125
0 0.59140625 0.4640625 0.0234375 0.075
0 0.59140625 0.4328125 0.0203125 0.0703125
0 0.65 0.4 0.025 0.071875
0 0.6390625 0.390625 0.025 0.078125
0 0.6875 0.39765625 0.0265625 0.0765625
0 0.7109375 0.378125 0.0265625 0.075
0 0.7359375 0.31328125 0.025 0.071875
0 0.75859375 0.39375 0.025 0.0765625
0 0.76640625 0.3625 0.025 0.06875
0 0.82265625 0.32890625 0.025 0.0734375
0 0.8359375 0.38125 0.025 0.071875
0 0.803125 0.4015625 0.0234375 0.059375
0 0.81015625 0.43671875 0.025 0.0734375
0 0.85703125 0.44453125 0.0234375 0.08125
0 0.73828125 0.62265625 0.0296875 0.0890625
0 0.671875 0.63046875 0.0328125 0.0828125
0 0.63203125 0.7109375 0.028125 0.0859375