0 0.33984375 0.28671875 0.021875 0.075
0 0.75390625 0.5875 0.025 0.078125
0 0.53515625 0.5515625 0.0265625 0.084375
0 0.59140625 0.24921875 0.01875 0.0578125
0 0.21484375 0.72109375 0.0359375 0.06875
0 0.36015625 0.21953125 0.0171875 0.0671875
0 0.39140625 0.40078125 0.0234375 0.0671875
0 0.0890625 0.475 0.0234375 0.0765625
0 0.2875 0.396875 0.01875 0.0625
0 0.87890625 0.42890625 0.021875 0.0859375
0 0.58125 0.134375 0.0171875 0.0640625
0 0.37421875 0.48671875 0.0203125 0.0671875
0 0.44453125 0.70234375 0.021875 0.090625
0 0.77578125 0.46875 0.021875 0.0734375
0 0.815625 0.15 0.015625 0.0671875
0 0.30703125 0.646875 0.025 0.078125
0 0.3328125 0.61640625 0.0234375 0.078125
0 0.26484375 0.74140625 0.025 0.084375
0 0.021875 0.07578125 0.0171875 0.0625
0 0.5046875 0.2703125 0.015625 0.05625
0 0.815625 0.12265625 0.0171875 0.0515625