0 0.6375 0.2578125 0.0296875 0.0796875
0 0.17578125 0.5359375 0.0328125 0.0828125
0 0.40859375 0.5171875 0.0359375 0.090625
0 0.37734375 0.1953125 0.025 0.0625
0 0.7296875 0.725 0.04375 0.0734375
0 0.6234375 0.18515625 0.025 0.071875
0 0.5734375 0.371875 0.03125 0.071875
0 0.88515625 0.47734375 0.0296875 0.08125
0 0.6828125 0.378125 0.025 0.0671875
0 0.059375 0.3578125 0.0296875 0.0921875
0 0.39921875 0.07578125 0.0234375 0.06875
0 0.5828125 0.4640625 0.028125 0.071875
0 0.4890625 0.68359375 0.03125 0.096875
0 0.16328125 0.40859375 0.0296875 0.078125
0 0.15078125 0.0703125 0.021875 0.071875
0 0.63984375 0.6390625 0.034375 0.084375
0 0.615625 0.60390625 0.03125 0.0828125
0 0.675 0.74140625 0.034375 0.0890625
0 0.98828125 0.08046875 0.01875 0.034375
0 0.46640625 0.22578125 0.021875 0.059375
0 0.15390625 0.0421875 0.021875 0.0546875