0 0.34453125 0.74609375 0.040625 0.0953125
0 0.63671875 0.64296875 0.0421875 0.096875
0 0.27265625 0.74921875 0.034375 0.0921875
0 0.05546875 0.509375 0.0375 0.075
0 0.38671875 0.65546875 0.0328125 0.09375
0 0.29375 0.53515625 0.034375 0.0859375
0 0.9609375 0.46640625 0.034375 0.0875
0 0.46875 0.40859375 0.0265625 0.075
0 0.42421875 0.5078125 0.0359375 0.0859375
0 0.2265625 0.45078125 0.0296875 0.078125
0 0.59296875 0.4921875 0.0265625 0.075
0 0.83125 0.51875 0.0296875 0.0828125
0 0.74296875 0.4546875 0.0296875 0.0828125
0 0.0125 0.5578125 0.025 0.084375
0 0.36953125 0.4109375 0.034375 0.0796875
0 0.1046875 0.37265625 0.0265625 0.075
0 0.2296875 0.6515625 0.0328125 0.0953125
0 0.23671875 0.56484375 0.03125 0.08125
0 0.0984375 0.4703125 0.03125 0.08125
0 0.11015625 0.4796875 0.028125 0.08125
0 0.36484375 0.39609375 0.03125 0.078125