0 0.6296875 0.73125 0.0375 0.0890625
0 0.353125 0.63984375 0.0390625 0.090625
0 0.696875 0.7328125 0.0296875 0.0859375
0 0.89609375 0.5046875 0.034375 0.06875
0 0.58828125 0.64765625 0.0296875 0.0875
0 0.67265625 0.5328125 0.03125 0.08125
0 0.0453125 0.4796875 0.03125 0.08125
0 0.50625 0.4171875 0.0234375 0.0703125
0 0.55 0.50859375 0.03125 0.0796875
0 0.7359375 0.45234375 0.028125 0.0734375
0 0.39140625 0.49765625 0.0234375 0.0703125
0 0.16875 0.5265625 0.0265625 0.0765625
0 0.25 0.465625 0.0265625 0.0765625
0 0.9390625 0.55078125 0.028125 0.0796875
0 0.60078125 0.41796875 0.03125 0.075
0 0.84765625 0.37734375 0.025 0.0703125
0 0.73515625 0.64140625 0.0296875 0.0890625
0 0.72734375 0.56015625 0.028125 0.0765625
0 0.85625 0.46875 0.028125 0.0765625
0 0.8453125 0.478125 0.025 0.0765625
0 0.6046875 0.403125 0.028125 0.0734375