0 0.8625 0.625 0.0296875 0.078125
0 0.27109375 0.57421875 0.0265625 0.075
0 0.746875 0.71796875 0.0265625 0.0890625
0 0.09453125 0.46171875 0.0296875 0.078125
0 0.4703125 0.571875 0.0265625 0.08125
0 0.6875 0.49453125 0.025 0.0765625
0 0.2640625 0.72109375 0.0296875 0.090625
0 0.55390625 0.5390625 0.025 0.078125
0 0.71640625 0.59765625 0.0203125 0.0640625
0 0.57109375 0.7625 0.0265625 0.0953125
0 0.26484375 0.33828125 0.01875 0.0703125
0 0.84375 0.571875 0.0234375 0.075
0 0.31796875 0.7171875 0.025 0.084375
0 0.509375 0.4734375 0.0234375 0.075
0 0.3265625 0.46875 0.025 0.078125
0 0.05703125 0.47109375 0.0234375 0.075
0 0.9703125 0.56015625 0.0234375 0.0765625
0 0.52265625 0.4796875 0.0234375 0.0765625
0 0.296875 0.7109375 0.021875 0.0859375
0 0.2515625 0.45546875 0.025 0.0703125
0 0.23671875 0.45078125 0.0234375 0.071875