0 0.05078125 0.7890625 0.040625 0.0890625
0 0.2609375 0.8140625 0.0484375 0.0921875
0 0.58046875 0.665625 0.0265625 0.0796875
0 0.32265625 0.7671875 0.028125 0.08125
0 0.84375 0.63984375 0.0296875 0.08125
0 0.74453125 0.35703125 0.0265625 0.075
0 0.49375 0.584375 0.0296875 0.0796875
0 0.16640625 0.703125 0.0296875 0.0828125
0 0.5921875 0.76796875 0.028125 0.08125
0 0.01875 0.64140625 0.01875 0.078125
0 0.86328125 0.4859375 0.025 0.075
0 0.27578125 0.5796875 0.03125 0.0734375
0 0.54375 0.55234375 0.0296875 0.084375
0 0.75625 0.50859375 0.0265625 0.0765625
0 0.79609375 0.50625 0.028125 0.08125
0 0.65546875 0.7953125 0.0328125 0.0828125
0 0.31875 0.221875 0.0125 0.034375
0 0.4078125 0.903125 0.0390625 0.1046875
0 0.53359375 0.56171875 0.028125 0.078125
0 0.8203125 0.83203125 0.0328125 0.0953125