0 0.0234375 0.6140625 0.0375 0.08125
0 0.20390625 0.69140625 0.0453125 0.0859375
0 0.52578125 0.63984375 0.025 0.0734375
0 0.27109375 0.66484375 0.0265625 0.075
0 0.7671875 0.68515625 0.028125 0.075
0 0.75078125 0.40703125 0.025 0.06875
0 0.46875 0.54609375 0.0265625 0.0734375
0 0.14765625 0.56796875 0.028125 0.0765625
0 0.51015625 0.734375 0.0265625 0.075
0 0.02890625 0.47734375 0.0265625 0.075
0 0.8234375 0.553125 0.0234375 0.06875
0 0.27734375 0.4859375 0.0296875 0.0671875
0 0.990625 0.57421875 0.0171875 0.0671875
0 0.52265625 0.53046875 0.0265625 0.078125
0 0.72265625 0.5453125 0.025 0.0703125
0 0.75859375 0.55390625 0.0265625 0.075
0 0.559375 0.775 0.03125 0.0765625
0 0.40625 0.17890625 0.0125 0.0328125
0 0.31171875 0.80703125 0.0375 0.096875
0 0.5109375 0.5359375 0.025 0.071875
0 0.696875 0.84921875 0.03125 0.0890625