0 0.2109375 0.634375 0.0203125 0.059375
0 0.6078125 0.60859375 0.01875 0.0515625
0 0.13828125 0.53046875 0.01875 0.0515625
0 0.32578125 0.596875 0.015625 0.053125
0 0.27109375 0.36875 0.01875 0.0390625
0 0.6515625 0.57109375 0.0171875 0.0515625
0 0.9046875 0.51328125 0.0171875 0.0484375
0 0.3453125 0.459375 0.0171875 0.0484375
0 0.35078125 0.36796875 0.01875 0.04375
0 0.75859375 0.43046875 0.0171875 0.0453125
0 0.3828125 0.36953125 0.0140625 0.046875
0 0.32578125 0.4765625 0.015625 0.0453125
0 0.3859375 0.4109375 0.0171875 0.0453125
0 0.121875 0.41171875 0.0234375 0.04375
0 0.24140625 0.42734375 0.015625 0.046875
0 0.53828125 0.2546875 0.0109375 0.0375
0 0.16171875 0.50703125 0.0171875 0.046875
0 0.7171875 0.41015625 0.015625 0.040625
0 0.16328125 0.3984375 0.0171875 0.0421875
0 0.559375 0.3921875 0.0125 0.0453125
0 0.00234375 0.5921875 0.0046875 0.046875
0 0.671875 0.403125 0.0125 0.04375
0 0.5328125 0.384375 0.015625 0.04375
0 0.4 0.8453125 0.021875 0.0625