0 0.9046875 0.41640625 0.0234375 0.0546875
0 0.20859375 0.5625 0.021875 0.059375
0 0.28359375 0.6578125 0.0234375 0.0640625
0 0.37578125 0.634375 0.01875 0.059375
0 0.3390625 0.38828125 0.0171875 0.0484375
0 0.73203125 0.52890625 0.01875 0.053125
0 0.65 0.53984375 0.01875 0.059375
0 0.19765625 0.38828125 0.01875 0.0453125
0 0.2140625 0.32734375 0.0203125 0.040625
0 0.1546875 0.45390625 0.01875 0.053125
0 0.703125 0.303125 0.0171875 0.0484375
0 0.6390625 0.31640625 0.015625 0.0390625
0 0.36484375 0.4546875 0.021875 0.0484375
0 0.36640625 0.415625 0.01875 0.0484375
0 0.1828125 0.33359375 0.0171875 0.0453125
0 0.35234375 0.2984375 0.0171875 0.0453125
0 0.4421875 0.2875 0.015625 0.0390625
0 0.23203125 0.4703125 0.01875 0.05
0 0.61171875 0.309375 0.015625 0.05
0 0.5171875 0.353125 0.0171875 0.046875
0 0.225 0.50078125 0.021875 0.046875
0 0.53515625 0.18828125 0.0140625 0.0390625
0 0.553125 0.88203125 0.0234375 0.0671875