0 0.88984375 0.4015625 0.021875 0.053125
0 0.2140625 0.54296875 0.0203125 0.0578125
0 0.2859375 0.6359375 0.0234375 0.0625
0 0.37578125 0.6125 0.0171875 0.0578125
0 0.340625 0.37421875 0.0171875 0.046875
0 0.721875 0.5109375 0.0171875 0.0515625
0 0.6421875 0.52109375 0.01875 0.0578125
0 0.20390625 0.37421875 0.01875 0.04375
0 0.21875 0.31484375 0.0203125 0.040625
0 0.1609375 0.43828125 0.01875 0.0515625
0 0.69453125 0.2921875 0.015625 0.046875
0 0.63203125 0.30390625 0.015625 0.0390625
0 0.365625 0.43828125 0.0203125 0.046875
0 0.3671875 0.40078125 0.0171875 0.046875
0 0.18828125 0.32109375 0.0171875 0.0453125
0 0.353125 0.2875 0.015625 0.04375
0 0.440625 0.27578125 0.0140625 0.0375
0 0.23671875 0.453125 0.0171875 0.0484375
0 0.60546875 0.29765625 0.015625 0.05
0 0.025 0.6609375 0.0203125 0.059375
0 0.5140625 0.33984375 0.0171875 0.0453125
0 0.23046875 0.4828125 0.0203125 0.0453125
0 0.53046875 0.1796875 0.0140625 0.0375
0 0.5484375 0.85390625 0.021875 0.065625