0 0.87734375 0.528125 0.01875 0.05625
0 0.496875 0.490625 0.0234375 0.053125
0 0.3109375 0.6875 0.021875 0.06875
0 0.22890625 0.33984375 0.021875 0.046875
0 0.35625 0.70078125 0.0203125 0.0640625
0 0.6484375 0.6546875 0.0234375 0.0671875
0 0.38828125 0.3921875 0.015625 0.053125
0 0.16328125 0.46640625 0.0234375 0.05625
0 0.40390625 0.34375 0.0171875 0.05
0 0.27734375 0.53359375 0.0265625 0.0609375
0 0.36015625 0.44453125 0.021875 0.0453125
0 0.33671875 0.3453125 0.021875 0.0515625
0 0.65625 0.40234375 0.015625 0.0484375
0 0.6046875 0.36015625 0.0171875 0.046875
0 0.2453125 0.49375 0.0203125 0.053125
0 0.696875 0.375 0.01875 0.05
0 0.7703125 0.67578125 0.01875 0.0609375
0 0.6296875 0.28671875 0.0171875 0.0359375
0 0.465625 0.3546875 0.021875 0.0390625
0 0.48671875 0.384375 0.0171875 0.05
0 0.25078125 0.3390625 0.0171875 0.053125
0 0.4796875 0.375 0.0171875 0.05