0 0.1546875 0.56640625 0.01875 0.053125
0 0.5109375 0.51875 0.0234375 0.05
0 0.69375 0.6984375 0.021875 0.065625
0 0.76015625 0.36875 0.021875 0.0453125
0 0.6515625 0.7125 0.021875 0.0609375
0 0.37421875 0.67890625 0.0234375 0.0625
0 0.61015625 0.4234375 0.0171875 0.05
0 0.82578125 0.4859375 0.0234375 0.053125
0 0.59453125 0.378125 0.01875 0.046875
0 0.71953125 0.55234375 0.028125 0.0578125
0 0.63828125 0.47109375 0.021875 0.04375
0 0.65703125 0.37734375 0.021875 0.05
0 0.359375 0.44140625 0.015625 0.046875
0 0.40625 0.40078125 0.0171875 0.04375
0 0.7484375 0.5140625 0.0203125 0.05
0 0.31875 0.4171875 0.01875 0.046875
0 0.259375 0.70234375 0.0203125 0.0578125
0 0.3796875 0.3328125 0.0171875 0.034375
0 0.53671875 0.390625 0.0203125 0.0375
0 0.51875 0.41875 0.0171875 0.046875
0 0.7390625 0.36875 0.01875 0.05
0 0.52421875 0.41015625 0.0171875 0.046875