0 0.67578125 0.73515625 0.0203125 0.0796875
0 0.04453125 0.51796875 0.0203125 0.0671875
0 0.2578125 0.53046875 0.01875 0.065625
0 0.83515625 0.7234375 0.0203125 0.078125
0 0.55 0.5203125 0.0203125 0.065625
0 0.85859375 0.45078125 0.0171875 0.0765625
0 0.325 0.5484375 0.0203125 0.0734375
0 0.39140625 0.371875 0.0171875 0.059375
0 0.57265625 0.396875 0.0140625 0.0609375
0 0.6671875 0.39921875 0.0203125 0.0609375
0 0.57734375 0.44453125 0.0140625 0.059375
0 0.265625 0.40390625 0.01875 0.0625
0 0.31015625 0.41484375 0.015625 0.05625
0 0.29140625 0.775 0.01875 0.08125
0 0.43515625 0.3875 0.01875 0.0609375
0 0.32421875 0.40078125 0.0203125 0.0609375
0 0.45859375 0.36484375 0.0203125 0.0625
0 0.3515625 0.434375 0.0234375 0.053125
0 0.36328125 0.4296875 0.0203125 0.0484375
0 0.5953125 0.29375 0.0125 0.046875
0 0.45625 0.403125 0.0140625 0.065625
0 0.35234375 0.784375 0.01875 0.08125