0 0.26796875 0.66953125 0.0265625 0.0796875
0 0.91484375 0.54375 0.0234375 0.0671875
0 0.70390625 0.52578125 0.0234375 0.065625
0 0.11171875 0.6359375 0.0265625 0.078125
0 0.41953125 0.4765625 0.025 0.065625
0 0.1265625 0.365625 0.021875 0.0765625
0 0.63515625 0.534375 0.025 0.0734375
0 0.5953125 0.353125 0.0203125 0.059375
0 0.4140625 0.35234375 0.0171875 0.0609375
0 0.321875 0.3421875 0.025 0.0625
0 0.403125 0.3984375 0.01875 0.059375
0 0.7140625 0.40234375 0.0234375 0.0625
0 0.66875 0.40625 0.01875 0.05625
0 0.6375 0.7609375 0.025 0.08125
0 0.55078125 0.3625 0.0234375 0.0609375
0 0.65703125 0.390625 0.0234375 0.0609375
0 0.5296875 0.3375 0.025 0.0640625
0 0.6265625 0.41953125 0.025 0.053125
0 0.6140625 0.4140625 0.0234375 0.05
0 0.40625 0.24921875 0.015625 0.046875
0 0.52734375 0.375 0.01875 0.065625
0 0.5765625 0.76171875 0.025 0.08125