0 0.7203125 0.66796875 0.01875 0.0828125
0 0.8140625 0.47109375 0.01875 0.078125
0 0.00703125 0.48984375 0.0140625 0.0765625
0 0.36796875 0.74296875 0.0203125 0.0796875
0 0.309375 0.4484375 0.021875 0.0734375
0 0.946875 0.38828125 0.01875 0.071875
0 0.33203125 0.54296875 0.01875 0.075
0 0.640625 0.5375 0.0203125 0.0734375
0 0.48046875 0.75703125 0.01875 0.0890625
0 0.25546875 0.4640625 0.0203125 0.075
0 0.453125 0.59765625 0.01875 0.08125
0 0.54765625 0.2609375 0.0171875 0.05625
0 0.55078125 0.1234375 0.0171875 0.0640625
0 0.37890625 0.21171875 0.0171875 0.065625
0 0.528125 0.2359375 0.0171875 0.0578125
0 0.1890625 0.7515625 0.025 0.0859375
0 0.75078125 0.084375 0.0203125 0.0609375
0 0.7359375 0.08046875 0.015625 0.0640625
0 0.378125 0.18359375 0.015625 0.0515625
0 0.17109375 0.76796875 0.0265625 0.0859375
0 0.11171875 0.7765625 0.034375 0.0859375
0 0.53828125 0.8453125 0.0296875 0.075