0 0.2640625 0.575 0.0296875 0.06875
0 0.07890625 0.421875 0.01875 0.0609375
0 0.68125 0.7359375 0.021875 0.0796875
0 0.25625 0.49375 0.0171875 0.0578125
0 0.56484375 0.59921875 0.0203125 0.065625
0 0.34375 0.734375 0.0265625 0.08125
0 0.74375 0.596875 0.0203125 0.0703125
0 0.20703125 0.49453125 0.0234375 0.06875
0 0.46953125 0.46328125 0.0203125 0.0671875
0 0.440625 0.70390625 0.0234375 0.071875
0 0.446875 0.53671875 0.021875 0.0625
0 0.4125 0.45234375 0.0171875 0.0625
0 0.5953125 0.42109375 0.0171875 0.0625
0 0.77265625 0.43828125 0.0203125 0.0625
0 0.8703125 0.4515625 0.021875 0.059375
0 0.65546875 0.434375 0.0203125 0.059375
0 0.38125 0.42578125 0.0203125 0.0625
0 0.3578125 0.43515625 0.021875 0.05625
0 0.165625 0.4265625 0.0203125 0.0609375
0 0.57109375 0.46484375 0.0234375 0.0578125
0 0.62109375 0.32890625 0.015625 0.0546875
0 0.578125 0.42734375 0.021875 0.059375