0 0.6984375 0.6015625 0.0359375 0.06875
0 0.9125 0.5 0.025 0.0609375
0 0.259375 0.65703125 0.0296875 0.078125
0 0.72578125 0.5265625 0.0234375 0.0578125
0 0.40390625 0.55390625 0.0265625 0.065625
0 0.58359375 0.73515625 0.034375 0.08125
0 0.2328125 0.5078125 0.0265625 0.06875
0 0.77265625 0.53828125 0.0296875 0.06875
0 0.528125 0.44609375 0.0265625 0.0671875
0 0.4984375 0.68359375 0.0296875 0.071875
0 0.5328125 0.521875 0.0265625 0.0625
0 0.58515625 0.4484375 0.0234375 0.0625
0 0.41640625 0.375 0.0234375 0.0625
0 0.24296875 0.34921875 0.0265625 0.0625
0 0.14609375 0.33828125 0.028125 0.059375
0 0.35625 0.3734375 0.025 0.0609375
0 0.621875 0.43125 0.025 0.0625
0 0.6421875 0.4453125 0.028125 0.0578125
0 0.828125 0.48359375 0.025 0.0609375
0 0.43046875 0.42265625 0.028125 0.0578125
0 0.41484375 0.28125 0.021875 0.0546875
0 0.43203125 0.38515625 0.028125 0.059375