0 0.171875 0.5046875 0.0203125 0.0609375
0 0.48671875 0.61171875 0.025 0.065625
0 0.2828125 0.6015625 0.0234375 0.0671875
0 0.95234375 0.40703125 0.0203125 0.0625
0 0.01875 0.49921875 0.0171875 0.0625
0 0.76640625 0.41328125 0.021875 0.059375
0 0.4578125 0.50859375 0.01875 0.0625
0 0.2046875 0.459375 0.0203125 0.0625
0 0.30546875 0.73828125 0.021875 0.0734375
0 0.2625 0.48671875 0.0171875 0.05625
0 0.675 0.66875 0.0234375 0.075
0 0.35078125 0.47734375 0.0171875 0.059375
0 0.47734375 0.4265625 0.0171875 0.0546875
0 0.36484375 0.434375 0.01875 0.0578125
0 0.4796875 0.5046875 0.0203125 0.0625
0 0.42890625 0.4703125 0.028125 0.05625
0 0.27734375 0.565625 0.025 0.0609375
0 0.53984375 0.44609375 0.0203125 0.0578125
0 0.4125 0.4765625 0.01875 0.0515625
0 0.54375 0.425 0.015625 0.0546875
0 0.5125 0.30546875 0.0203125 0.046875
0 0.6953125 0.54609375 0.0203125 0.0671875