0 0.76953125 0.6171875 0.0296875 0.0703125
0 0.096875 0.58671875 0.0203125 0.0640625
0 0.18359375 0.509375 0.025 0.065625
0 0.73515625 0.45546875 0.025 0.053125
0 0.490625 0.5515625 0.0203125 0.0625
0 0.94296875 0.3828125 0.0203125 0.0609375
0 0.796875 0.54140625 0.021875 0.065625
0 0.40390625 0.5484375 0.01875 0.0625
0 0.284375 0.45546875 0.0171875 0.0625
0 0.54453125 0.61328125 0.025 0.0625
0 0.53671875 0.45859375 0.01875 0.0546875
0 0.43359375 0.7171875 0.0265625 0.0734375
0 0.49140625 0.42578125 0.0203125 0.0640625
0 0.43046875 0.4765625 0.0171875 0.0578125
0 0.43125 0.42421875 0.0171875 0.05625
0 0.65 0.440625 0.0203125 0.0515625
0 0.45234375 0.33125 0.0171875 0.05625
0 0.484375 0.478125 0.0171875 0.059375
0 0.3921875 0.446875 0.01875 0.0625
0 0.70703125 0.46484375 0.0203125 0.0578125
0 0.6421875 0.4640625 0.0171875 0.0609375
0 0.75390625 0.421875 0.0265625 0.05625