0 0.78671875 0.49140625 0.025 0.0578125
0 0.7578125 0.6359375 0.025 0.0625
0 0.7203125 0.43359375 0.025 0.0546875
0 0.584375 0.42265625 0.0203125 0.046875
0 0.59140625 0.390625 0.0203125 0.053125
0 0.59609375 0.384375 0.015625 0.05
0 0.56953125 0.3328125 0.0171875 0.04375
0 0.534375 0.37265625 0.01875 0.053125
0 0.47109375 0.396875 0.0171875 0.046875
0 0.41875 0.4015625 0.0171875 0.0515625
0 0.3578125 0.33125 0.0171875 0.0453125
0 0.33359375 0.37421875 0.021875 0.0578125
0 0.2875 0.31875 0.025 0.046875
0 0.22421875 0.3296875 0.021875 0.040625
0 0.21953125 0.3546875 0.021875 0.053125
0 0.14140625 0.48671875 0.025 0.0671875
0 0.19765625 0.5484375 0.0234375 0.06875
0 0.4203125 0.5890625 0.0203125 0.0609375
0 0.4640625 0.51171875 0.021875 0.0625
0 0.521875 0.4453125 0.0203125 0.05625
0 0.5625 0.509375 0.01875 0.0578125
0 0.45234375 0.65 0.0234375 0.065625
0 0.0796875 0.2828125 0.0171875 0.0515625