0 0.66015625 0.484375 0.021875 0.059375
0 0.62734375 0.409375 0.0125 0.053125
0 0.5796875 0.40078125 0.0171875 0.05
0 0.559375 0.36875 0.009375 0.046875
0 0.54765625 0.38671875 0.0125 0.0515625
0 0.52734375 0.4328125 0.0109375 0.0453125
0 0.5 0.46875 0.0140625 0.0515625
0 0.51875 0.50625 0.01875 0.0515625
0 0.44921875 0.45859375 0.0171875 0.0515625
0 0.45078125 0.3890625 0.015625 0.0515625
0 0.40859375 0.4234375 0.0125 0.0453125
0 0.31875 0.4390625 0.0125 0.0546875
0 0.30390625 0.4265625 0.0125 0.0546875
0 0.3109375 0.375 0.0109375 0.046875
0 0.29609375 0.440625 0.0140625 0.0515625
0 0.48515625 0.54765625 0.0171875 0.0578125
0 0.65078125 0.65078125 0.0125 0.0609375
0 0.4015625 0.68515625 0.0125 0.0625
0 0.3734375 0.6453125 0.0171875 0.0609375
0 0.1484375 0.62890625 0.01875 0.0640625
0 0.1109375 0.56640625 0.0140625 0.059375
0 0.00625 0.35859375 0.009375 0.0453125