0 0.31875 0.48359375 0.0265625 0.0625
0 0.34765625 0.4046875 0.0171875 0.05625
0 0.3953125 0.3921875 0.0203125 0.053125
0 0.4140625 0.35859375 0.0140625 0.0484375
0 0.42734375 0.37578125 0.015625 0.053125
0 0.4515625 0.42109375 0.0140625 0.046875
0 0.48203125 0.45625 0.0171875 0.053125
0 0.465625 0.49609375 0.021875 0.053125
0 0.53359375 0.4421875 0.0203125 0.0546875
0 0.5265625 0.37109375 0.0203125 0.053125
0 0.57265625 0.403125 0.0171875 0.046875
0 0.66484375 0.41328125 0.0171875 0.0578125
0 0.68125 0.3984375 0.0171875 0.0578125
0 0.66953125 0.34609375 0.0140625 0.0484375
0 0.6890625 0.41328125 0.0171875 0.053125
0 0.503125 0.5359375 0.021875 0.0609375
0 0.340625 0.65390625 0.0171875 0.0625
0 0.59921875 0.67109375 0.01875 0.065625
0 0.625 0.628125 0.021875 0.0640625
0 0.853125 0.5953125 0.0234375 0.0671875
0 0.8875 0.52890625 0.01875 0.0625
0 0.98046875 0.3078125 0.0125 0.046875