0 0.37890625 0.57890625 0.0203125 0.0640625
0 0.26640625 0.42890625 0.021875 0.0546875
0 0.3078125 0.5015625 0.015625 0.05625
0 0.378125 0.49921875 0.0203125 0.0546875
0 0.39296875 0.521875 0.0203125 0.0546875
0 0.434375 0.5015625 0.0203125 0.0578125
0 0.40390625 0.41875 0.0125 0.053125
0 0.41953125 0.409375 0.0125 0.0515625
0 0.4265625 0.38828125 0.0140625 0.053125
0 0.46015625 0.4546875 0.015625 0.046875
0 0.540625 0.44140625 0.0125 0.046875
0 0.57421875 0.39453125 0.0171875 0.0484375
0 0.60234375 0.378125 0.0171875 0.046875
0 0.62109375 0.45625 0.0140625 0.05625
0 0.65234375 0.45 0.0140625 0.053125
0 0.67890625 0.49140625 0.0140625 0.053125
0 0.70859375 0.38046875 0.0171875 0.0484375
0 0.8171875 0.5796875 0.01875 0.0625
0 0.7625 0.65703125 0.021875 0.065625
0 0.51171875 0.70546875 0.021875 0.0671875
0 0.55 0.67109375 0.0203125 0.0625
0 0.26796875 0.68125 0.0140625 0.0640625