0 0.075 0.43515625 0.0171875 0.05625
0 0.15234375 0.51875 0.0234375 0.059375
0 0.13515625 0.69296875 0.025 0.0703125
0 0.24609375 0.571875 0.0140625 0.065625
0 0.2234375 0.49453125 0.0203125 0.0609375
0 0.2890625 0.534375 0.01875 0.0609375
0 0.36015625 0.52265625 0.015625 0.0609375
0 0.41484375 0.4609375 0.015625 0.0546875
0 0.38046875 0.4109375 0.0125 0.040625
0 0.36484375 0.415625 0.015625 0.0578125
0 0.40703125 0.36875 0.0140625 0.05625
0 0.5 0.37109375 0.015625 0.046875
0 0.55 0.3828125 0.0125 0.05625
0 0.5234375 0.46171875 0.0234375 0.0609375
0 0.49375 0.44765625 0.0140625 0.0515625
0 0.56484375 0.43203125 0.0203125 0.0546875
0 0.63125 0.45859375 0.015625 0.0625
0 0.65703125 0.53515625 0.015625 0.0640625
0 0.63984375 0.6859375 0.015625 0.0703125
0 0.7671875 0.60390625 0.0171875 0.065625
0 0.39375 0.71640625 0.0234375 0.071875
0 0.43046875 0.67265625 0.0203125 0.0640625