0 0.07890625 0.4796875 0.0171875 0.059375
0 0.15859375 0.56796875 0.0234375 0.0609375
0 0.1375 0.74921875 0.025 0.071875
0 0.25546875 0.62578125 0.0140625 0.06875
0 0.23359375 0.54375 0.0203125 0.0640625
0 0.3015625 0.58671875 0.01875 0.0640625
0 0.3765625 0.5765625 0.0140625 0.0640625
0 0.434375 0.51171875 0.015625 0.05625
0 0.39921875 0.459375 0.0125 0.0421875
0 0.3828125 0.4640625 0.015625 0.059375
0 0.42734375 0.415625 0.0140625 0.059375
0 0.525 0.4203125 0.015625 0.0484375
0 0.57734375 0.43359375 0.0125 0.0578125
0 0.54921875 0.515625 0.0234375 0.0625
0 0.51640625 0.5 0.0140625 0.0546875
0 0.590625 0.484375 0.0203125 0.05625
0 0.66171875 0.5140625 0.0140625 0.0640625
0 0.68515625 0.59453125 0.0140625 0.065625
0 0.66484375 0.7515625 0.015625 0.0734375
0 0.80078125 0.66875 0.0171875 0.06875
0 0.40703125 0.7796875 0.0234375 0.075
0 0.446875 0.734375 0.0203125 0.065625