0 0.8015625 0.67734375 0.021875 0.0765625
0 0.79296875 0.59296875 0.0234375 0.0765625
0 0.78984375 0.51875 0.0234375 0.071875
0 0.69375 0.653125 0.0265625 0.078125
0 0.63828125 0.84140625 0.0328125 0.0765625
0 0.44140625 0.59140625 0.0296875 0.0671875
0 0.4984375 0.50234375 0.0234375 0.0703125
0 0.47578125 0.45703125 0.03125 0.059375
0 0.41015625 0.40703125 0.0234375 0.0625
0 0.5109375 0.4 0.0203125 0.059375
0 0.57109375 0.309375 0.01875 0.059375
0 0.4953125 0.27734375 0.0234375 0.06875
0 0.42421875 0.22421875 0.025 0.05625
0 0.621875 0.15703125 0.0234375 0.0640625
0 0.8078125 0.15625 0.0203125 0.059375
0 0.81328125 0.134375 0.01875 0.05
0 0.41953125 0.5625 0.025 0.065625
0 0.37109375 0.54921875 0.028125 0.065625
0 0.27578125 0.47890625 0.03125 0.0625
0 0.27265625 0.4265625 0.01875 0.0625
0 0.0875 0.44921875 0.0328125 0.065625
0 0.20859375 0.01171875 0.0171875 0.0234375