0 0.04453125 0.57890625 0.015625 0.0703125
0 0.240625 0.6296875 0.0125 0.06875
0 0.25703125 0.553125 0.0140625 0.06875
0 0.26796875 0.484375 0.015625 0.065625
0 0.3421875 0.61796875 0.0171875 0.071875
0 0.375 0.79609375 0.0234375 0.06875
0 0.58046875 0.58515625 0.021875 0.059375
0 0.53671875 0.49765625 0.015625 0.0625
0 0.5625 0.45859375 0.0234375 0.053125
0 0.62734375 0.41953125 0.015625 0.05625
0 0.534375 0.40234375 0.0140625 0.053125
0 0.48828125 0.31328125 0.0125 0.053125
0 0.56171875 0.29140625 0.015625 0.0625
0 0.63203125 0.25 0.01875 0.05
0 0.45703125 0.16953125 0.015625 0.059375
0 0.2859375 0.15 0.0125 0.053125
0 0.28203125 0.13046875 0.0125 0.0453125
0 0.603125 0.5609375 0.015625 0.059375
0 0.64921875 0.553125 0.01875 0.059375
0 0.74453125 0.4984375 0.0234375 0.05625
0 0.75234375 0.45078125 0.0125 0.05625
0 0.9203125 0.4890625 0.025 0.0578125
0 0.8515625 0.06171875 0.0109375 0.046875