0 0.11640625 0.309375 0.0171875 0.0515625
0 0.16796875 0.3921875 0.0203125 0.05625
0 0.0125 0.59921875 0.015625 0.0546875
0 0.22421875 0.496875 0.01875 0.0578125
0 0.29609375 0.3859375 0.021875 0.0578125
0 0.32421875 0.41796875 0.021875 0.0546875
0 0.3171875 0.2828125 0.0140625 0.0515625
0 0.3875 0.2421875 0.0203125 0.053125
0 0.3953125 0.40546875 0.021875 0.0640625
0 0.3984375 0.4984375 0.0171875 0.0578125
0 0.39453125 0.5171875 0.01875 0.0640625
0 0.42421875 0.31796875 0.01875 0.0546875
0 0.43359375 0.3265625 0.015625 0.046875
0 0.45390625 0.4234375 0.015625 0.0546875
0 0.5109375 0.2734375 0.0171875 0.0515625
0 0.521875 0.303125 0.0140625 0.04375
0 0.521875 0.23515625 0.015625 0.0484375
0 0.61484375 0.2359375 0.015625 0.0484375
0 0.59453125 0.17734375 0.0140625 0.05
0 0.6109375 0.521875 0.0328125 0.0671875
0 0.75625 0.4484375 0.021875 0.0609375
0 0.8484375 0.48359375 0.01875 0.065625
0 0.89140625 0.30703125 0.0203125 0.0578125
0 0.55078125 0.9453125 0.028125 0.09375