0 0.80703125 0.1859375 0.01875 0.0515625
0 0.77734375 0.28046875 0.0234375 0.0578125
0 0.984375 0.4421875 0.01875 0.05625
0 0.75078125 0.39765625 0.021875 0.0578125
0 0.6515625 0.30859375 0.025 0.059375
0 0.63203125 0.346875 0.025 0.05625
0 0.60390625 0.2125 0.0171875 0.053125
0 0.525 0.19140625 0.0234375 0.053125
0 0.559375 0.353125 0.025 0.065625
0 0.58046875 0.44453125 0.0203125 0.059375
0 0.590625 0.46171875 0.021875 0.0640625
0 0.50859375 0.275 0.0203125 0.0546875
0 0.50078125 0.28515625 0.0171875 0.046875
0 0.50625 0.38515625 0.0171875 0.05625
0 0.41171875 0.2546875 0.01875 0.0515625
0 0.409375 0.2859375 0.015625 0.0453125
0 0.39140625 0.21953125 0.0171875 0.0484375
0 0.30078125 0.24453125 0.0171875 0.0484375
0 0.30546875 0.18203125 0.015625 0.05
0 0.38046875 0.52265625 0.0359375 0.06875
0 0.21875 0.48984375 0.025 0.0625
0 0.1375 0.54765625 0.021875 0.065625
0 0.0484375 0.3875 0.0234375 0.0578125
0 0.54921875 0.921875 0.0328125 0.0953125