0 0.16875 0.2140625 0.015625 0.053125
0 0.01875 0.4625 0.0140625 0.05625
0 0.190625 0.3078125 0.0171875 0.053125
0 0.2296875 0.38359375 0.0203125 0.0546875
0 0.27890625 0.32578125 0.0171875 0.0578125
0 0.28125 0.34375 0.01875 0.053125
0 0.35078125 0.2125 0.015625 0.0515625
0 0.38515625 0.190625 0.0171875 0.053125
0 0.38359375 0.26171875 0.0109375 0.0453125
0 0.3828125 0.278125 0.01875 0.0484375
0 0.40703125 0.34453125 0.0140625 0.046875
0 0.40078125 0.3796875 0.0203125 0.0546875
0 0.353125 0.4234375 0.0171875 0.0578125
0 0.34140625 0.44375 0.01875 0.059375
0 0.57890625 0.496875 0.0203125 0.0609375
0 0.49921875 0.2640625 0.0171875 0.04375
0 0.5359375 0.26640625 0.015625 0.0546875
0 0.55 0.2125 0.0125 0.0515625
0 0.63671875 0.23125 0.0140625 0.05
0 0.7671875 0.48984375 0.01875 0.0640625
0 0.84375 0.525 0.0203125 0.0609375
0 0.93515625 0.34375 0.01875 0.0609375
0 0.6515625 0.16640625 0.0109375 0.0453125
0 0.4328125 0.921875 0.0265625 0.0765625