0 0.821875 0.203125 0.01875 0.053125
0 0.98046875 0.44765625 0.015625 0.05625
0 0.803125 0.2984375 0.01875 0.053125
0 0.7671875 0.37578125 0.0234375 0.05625
0 0.715625 0.31953125 0.01875 0.0578125
0 0.7140625 0.3375 0.0203125 0.053125
0 0.63984375 0.20859375 0.0171875 0.0515625
0 0.6046875 0.18828125 0.01875 0.053125
0 0.60859375 0.259375 0.0125 0.0453125
0 0.61015625 0.275 0.0203125 0.0484375
0 0.58828125 0.34296875 0.015625 0.046875
0 0.59609375 0.378125 0.0234375 0.0546875
0 0.6453125 0.4203125 0.01875 0.0578125
0 0.65703125 0.43984375 0.0203125 0.059375
0 0.421875 0.50078125 0.0234375 0.0609375
0 0.49296875 0.26484375 0.01875 0.04375
0 0.45703125 0.26953125 0.01875 0.0546875
0 0.440625 0.21640625 0.0140625 0.0515625
0 0.35625 0.2375 0.015625 0.0515625
0 0.2328125 0.5 0.021875 0.0640625
0 0.15859375 0.5390625 0.021875 0.0609375
0 0.0609375 0.36015625 0.0203125 0.0609375
0 0.3375 0.17265625 0.0125 0.0453125
0 0.5828125 0.9203125 0.028125 0.078125