0 0.79921875 0.18046875 0.0203125 0.0578125
0 0.9734375 0.4328125 0.0171875 0.059375
0 0.78984375 0.253125 0.0203125 0.05625
0 0.76953125 0.3140625 0.0234375 0.05625
0 0.7890625 0.35390625 0.021875 0.0609375
0 0.74453125 0.30078125 0.0234375 0.0625
0 0.66328125 0.24140625 0.021875 0.05625
0 0.66484375 0.20703125 0.0203125 0.046875
0 0.65234375 0.184375 0.0203125 0.0515625
0 0.64765625 0.2421875 0.01875 0.046875
0 0.63203125 0.15078125 0.01875 0.0546875
0 0.5234375 0.22890625 0.0171875 0.05625
0 0.60859375 0.3515625 0.0203125 0.0578125
0 0.65234375 0.3890625 0.0171875 0.059375
0 0.67421875 0.40078125 0.021875 0.0625
0 0.5265625 0.334375 0.0171875 0.0609375
0 0.4453125 0.18515625 0.015625 0.0515625
0 0.33046875 0.225 0.0171875 0.0546875
0 0.3 0.1453125 0.015625 0.0359375
0 0.3921875 0.48828125 0.025 0.065625
0 0.20625 0.51875 0.0234375 0.065625
0 0.12578125 0.53046875 0.021875 0.0671875
0 0.00859375 0.33671875 0.0171875 0.0609375
0 0.54140625 0.92890625 0.0359375 0.084375