0 0.8578125 0.25234375 0.0171875 0.05625
0 0.84453125 0.32265625 0.015625 0.0546875
0 0.8203125 0.3796875 0.01875 0.0546875
0 0.83671875 0.41875 0.015625 0.059375
0 0.796875 0.36484375 0.0171875 0.059375
0 0.721875 0.3015625 0.0171875 0.0546875
0 0.72578125 0.26796875 0.0171875 0.04375
0 0.715625 0.2453125 0.0171875 0.0484375
0 0.7078125 0.30234375 0.015625 0.0453125
0 0.6984375 0.21171875 0.0140625 0.053125
0 0.58671875 0.28046875 0.0125 0.053125
0 0.66171875 0.4046875 0.015625 0.05625
0 0.70234375 0.44375 0.0125 0.05625
0 0.72265625 0.45703125 0.0171875 0.059375
0 0.58359375 0.38203125 0.0125 0.0578125
0 0.51484375 0.2328125 0.0109375 0.05
0 0.4015625 0.26328125 0.0125 0.0515625
0 0.3765625 0.184375 0.0125 0.034375
0 0.44296875 0.521875 0.0203125 0.0625
0 0.2609375 0.5390625 0.01875 0.0625
0 0.18203125 0.54453125 0.0171875 0.065625
0 0.07890625 0.35 0.01875 0.0578125
0 0.55859375 0.9578125 0.0296875 0.0796875