0 0.5953125 0.5015625 0.034375 0.0671875
0 0.4140625 0.94609375 0.03125 0.0796875
0 0.45859375 0.31328125 0.025 0.053125
0 0.26875 0.18984375 0.0203125 0.05
0 0.2890625 0.26171875 0.0234375 0.0578125
0 0.45703125 0.37109375 0.0265625 0.0546875
0 0.12734375 0.35859375 0.021875 0.0609375
0 0.5390625 0.20390625 0.01875 0.046875
0 0.365625 0.240625 0.01875 0.046875
0 0.44296875 0.17109375 0.021875 0.0484375
0 0.5140625 0.25078125 0.0265625 0.0515625
0 0.1703125 0.2421875 0.021875 0.053125
0 0.29921875 0.42578125 0.021875 0.0625
0 0.8359375 0.30390625 0.0203125 0.0546875
0 0.3765625 0.253125 0.025 0.046875
0 0.340625 0.1625 0.0203125 0.053125
0 0.7984375 0.52109375 0.025 0.0609375
0 0.31328125 0.29140625 0.025 0.0625
0 0.284375 0.40703125 0.021875 0.0609375
0 0.4640625 0.15234375 0.0203125 0.046875
0 0.13359375 0.3203125 0.021875 0.059375
0 0.1671875 0.21796875 0.021875 0.053125
0 0.80703125 0.509375 0.01875 0.0609375