0 0.38046875 0.48828125 0.0328125 0.0640625
0 0.55234375 0.9109375 0.0296875 0.0765625
0 0.5109375 0.30859375 0.0234375 0.0515625
0 0.69140625 0.190625 0.0203125 0.046875
0 0.671875 0.259375 0.021875 0.0546875
0 0.51171875 0.3640625 0.025 0.0515625
0 0.82578125 0.35078125 0.021875 0.0578125
0 0.434375 0.2046875 0.0171875 0.0453125
0 0.59921875 0.2390625 0.0171875 0.0453125
0 0.525 0.1734375 0.021875 0.0453125
0 0.45703125 0.24921875 0.025 0.0484375
0 0.78515625 0.240625 0.0203125 0.05
0 0.66328125 0.41484375 0.0203125 0.059375
0 0.15078125 0.3 0.0203125 0.0515625
0 0.58828125 0.2515625 0.0234375 0.04375
0 0.62265625 0.16484375 0.01875 0.05
0 0.1859375 0.50625 0.025 0.059375
0 0.65 0.28828125 0.025 0.059375
0 0.6765625 0.39765625 0.0203125 0.0578125
0 0.50546875 0.1546875 0.01875 0.0453125
0 0.8203125 0.31484375 0.021875 0.0578125
0 0.78828125 0.21796875 0.0203125 0.05
0 0.17734375 0.4953125 0.01875 0.0578125