0 0.8953125 0.39453125 0.0171875 0.0578125
0 0.78046875 0.246875 0.015625 0.0546875
0 0.678125 0.36796875 0.015625 0.05625
0 0.91796875 0.4578125 0.0171875 0.0578125
0 0.93984375 0.30390625 0.0140625 0.05
0 0.6796875 0.48203125 0.01875 0.0625
0 0.77578125 0.303125 0.0140625 0.0578125
0 0.1609375 0.1953125 0.0203125 0.053125
0 0.584375 0.2953125 0.0171875 0.05
0 0.2359375 0.4359375 0.0171875 0.0625
0 0.721875 0.453125 0.015625 0.05625
0 0.471875 0.39140625 0.01875 0.0578125
0 0.39765625 0.26640625 0.01875 0.0546875
0 0.51796875 0.35703125 0.0140625 0.0546875
0 0.4296875 0.15078125 0.0203125 0.0484375
0 0.1265625 0.4390625 0.0265625 0.0640625
0 0.32890625 0.4765625 0.0171875 0.0625
0 0.79765625 0.18125 0.0125 0.0484375
0 0.49140625 0.971875 0.0328125 0.05625
0 0.5609375 0.26796875 0.015625 0.0453125
0 0.9359375 0.359375 0.015625 0.0578125
0 0.559375 0.12578125 0.0140625 0.046875
0 0.565625 0.1515625 0.0109375 0.0421875