0 0.89375 0.2296875 0.015625 0.059375
0 0.753125 0.3234375 0.021875 0.059375
0 0.69609375 0.1203125 0.0125 0.05625
0 0.2234375 0.15078125 0.021875 0.05
0 0.71953125 0.15 0.0125 0.053125
0 0.74765625 0.225 0.0140625 0.053125
0 0.72578125 0.0390625 0.0109375 0.0515625
0 0.953125 0.178125 0.0171875 0.0625
0 0.58125 0.334375 0.015625 0.0640625
0 0.49609375 0.7875 0.0171875 0.0796875
0 0.309375 0.28359375 0.01875 0.0515625
0 0.29609375 0.3328125 0.0171875 0.065625
0 0.57421875 0.2296875 0.0125 0.0546875
0 0.65078125 0.31796875 0.0171875 0.0546875
0 0.43203125 0.1578125 0.015625 0.046875
0 0.09765625 0.28515625 0.0203125 0.059375
0 0.34140625 0.25234375 0.01875 0.0546875
0 0.3109375 0.034375 0.0171875 0.0453125
0 0.40703125 0.1015625 0.0140625 0.040625
0 0.46484375 0.021875 0.0125 0.0421875
0 0.03515625 0.0203125 0.0125 0.025
0 0.434375 0.26015625 0.0140625 0.053125
0 0.08359375 0.11484375 0.0125 0.053125