0 0.73984375 0.3359375 0.0171875 0.0578125
0 0.365625 0.415625 0.021875 0.0609375
0 0.1625 0.346875 0.028125 0.0625
0 0.57109375 0.0359375 0.015625 0.0453125
0 0.665625 0.4046875 0.0234375 0.065625
0 0.91640625 0.37734375 0.0171875 0.0578125
0 0.4765625 0.80390625 0.021875 0.075
0 0.32265625 0.24765625 0.01875 0.0609375
0 0.83359375 0.17890625 0.0140625 0.0484375
0 0.0359375 0.3015625 0.0203125 0.0609375
0 0.3703125 0.2328125 0.01875 0.0578125
0 0.69140625 0.24609375 0.015625 0.0453125
0 0.42734375 0.40859375 0.0171875 0.059375
0 0.98828125 0.15546875 0.015625 0.05
0 0.684375 0.27890625 0.0171875 0.053125
0 0.36015625 0.1375 0.015625 0.053125
0 0.484375 0.3203125 0.0171875 0.05625
0 0.74453125 0.43671875 0.0203125 0.0640625
0 0.38671875 0.3109375 0.01875 0.05625
0 0.95390625 0.2625 0.015625 0.0515625
0 0.6296875 0.14296875 0.015625 0.053125
0 0.93046875 0.28515625 0.0171875 0.059375
0 0.45625 0.428125 0.0203125 0.0640625
0 0.7421875 0.40546875 0.01875 0.05625