0 0.1546875 0.2734375 0.021875 0.053125
0 0.28046875 0.34765625 0.028125 0.0578125
0 0.78203125 0.40078125 0.0234375 0.0578125
0 0.1859375 0.30390625 0.021875 0.0546875
0 0.9234375 0.4 0.021875 0.05625
0 0.3234375 0.2625 0.0234375 0.05
0 0.3125 0.19609375 0.0171875 0.0453125
0 0.4265625 0.6921875 0.028125 0.0671875
0 0.31640625 0.33203125 0.021875 0.053125
0 0.2109375 0.18046875 0.0203125 0.05
0 0.64609375 0.17109375 0.0203125 0.0484375
0 0.365625 0.21796875 0.0203125 0.0453125
0 0.603125 0.390625 0.021875 0.0546875
0 0.13359375 0.20234375 0.021875 0.0546875
0 0.69453125 0.278125 0.0234375 0.053125
0 0.44609375 0.1359375 0.0203125 0.0453125
0 0.50859375 0.3890625 0.025 0.059375
0 0.2875 0.14609375 0.021875 0.05
0 0.52578125 0.0375 0.01875 0.04375
0 0.534375 0.375 0.01875 0.0515625
0 0.07734375 0.05546875 0.0171875 0.0421875
0 0.53828125 0.29609375 0.0234375 0.059375
0 0.621875 0.2453125 0.01875 0.05
0 0.5296875 0.30546875 0.021875 0.0515625