0 0.4296875 0.221875 0.015625 0.0484375
0 0.0765625 0.32734375 0.0125 0.0578125
0 0.36328125 0.3484375 0.01875 0.05625
0 0.13671875 0.275 0.0171875 0.05625
0 0.85390625 0.32265625 0.015625 0.05625
0 0.48515625 0.7125 0.01875 0.06875
0 0.7625 0.240625 0.0125 0.053125
0 0.3265625 0.36953125 0.015625 0.059375
0 0.653125 0.35546875 0.0203125 0.059375
0 0.58203125 0.26640625 0.0125 0.0578125
0 0.32890625 0.1921875 0.0140625 0.046875
0 0.628125 0.2015625 0.0125 0.053125
0 0.38359375 0.28203125 0.015625 0.053125
0 0.2625 0.1515625 0.0125 0.0546875
0 0.43828125 0.14375 0.015625 0.046875
0 0.50546875 0.26171875 0.015625 0.0515625
0 0.26328125 0.20859375 0.0125 0.053125
0 0.68359375 0.11953125 0.009375 0.0515625
0 0.15078125 0.3515625 0.015625 0.05625
0 0.58046875 0.35234375 0.009375 0.0578125
0 0.57265625 0.3609375 0.0140625 0.059375