0 0.2671875 0.409375 0.0171875 0.059375
0 0.525 0.7359375 0.0203125 0.06875
0 0.6625 0.40703125 0.0171875 0.05625
0 0.7578125 0.3 0.015625 0.053125
0 0.253125 0.22109375 0.0203125 0.0484375
0 0.88515625 0.378125 0.01875 0.0578125
0 0.346875 0.346875 0.01875 0.0515625
0 0.4078125 0.1890625 0.0140625 0.05
0 0.02109375 0.196875 0.015625 0.05
0 0.04921875 0.33359375 0.015625 0.0515625
0 0.08125 0.37890625 0.0171875 0.0546875
0 0.38671875 0.40234375 0.0203125 0.0578125
0 0.5296875 0.3203125 0.0203125 0.05625
0 0.48125 0.3140625 0.01875 0.0484375
0 0.16953125 0.334375 0.015625 0.053125
0 0.2234375 0.29921875 0.015625 0.0546875
0 0.98828125 0.36328125 0.009375 0.0546875
0 0.67421875 0.17421875 0.0125 0.05
0 0.6515625 0.25703125 0.0140625 0.0515625
0 0.453125 0.0421875 0.0140625 0.0421875
0 0.56328125 0.40546875 0.0203125 0.0546875
0 0.3671875 0.27265625 0.0171875 0.046875
0 0.37734375 0.28125 0.0125 0.046875
0 0.5484375 0.41328125 0.0203125 0.0578125