0 0.31484375 0.32265625 0.0234375 0.0625
0 0.50234375 0.72109375 0.0265625 0.0734375
0 0.72265625 0.4140625 0.0234375 0.059375
0 0.8453125 0.32578125 0.021875 0.05625
0 0.34453125 0.12421875 0.025 0.0515625
0 0.959375 0.4375 0.025 0.0625
0 0.41015625 0.2765625 0.025 0.05625
0 0.51171875 0.12734375 0.0203125 0.0546875
0 0.1109375 0.04375 0.021875 0.053125
0 0.10703125 0.190625 0.021875 0.0546875
0 0.1296875 0.24609375 0.0234375 0.0578125
0 0.43984375 0.3421875 0.028125 0.0625
0 0.60625 0.2921875 0.0265625 0.059375
0 0.55703125 0.275 0.0234375 0.053125
0 0.23203125 0.22109375 0.021875 0.0578125
0 0.2953125 0.19765625 0.021875 0.0578125
0 0.78984375 0.17578125 0.01875 0.053125
0 0.746875 0.25546875 0.01875 0.0546875
0 0.61953125 0.38828125 0.0265625 0.059375
0 0.44921875 0.20390625 0.021875 0.0515625
0 0.4578125 0.21640625 0.0171875 0.05
0 0.60390625 0.39375 0.0265625 0.0625