0 0.7328125 0.37109375 0.021875 0.0578125
0 0.54921875 0.72265625 0.0234375 0.0671875
0 0.69765625 0.28203125 0.01875 0.0546875
0 0.35390625 0.415625 0.0265625 0.06875
0 0.1625 0.44296875 0.021875 0.059375
0 0.93046875 0.2515625 0.01875 0.0546875
0 0.67890625 0.33984375 0.01875 0.0578125
0 0.95546875 0.07734375 0.0109375 0.0484375
0 0.290625 0.184375 0.021875 0.053125
0 0.0234375 0.44140625 0.0265625 0.0609375
0 0.52421875 0.31484375 0.021875 0.05625
0 0.7734375 0.17421875 0.028125 0.0484375
0 0.575 0.34296875 0.01875 0.0546875
0 0.96328125 0.20234375 0.0203125 0.05
0 0.6515625 0.24921875 0.01875 0.0515625
0 0.2796875 0.3375 0.01875 0.05625
0 0.7953125 0.21015625 0.01875 0.053125
0 0.74765625 0.153125 0.01875 0.053125
0 0.51015625 0.3921875 0.01875 0.059375
0 0.57421875 0.1484375 0.0234375 0.046875
0 0.37265625 0.271875 0.015625 0.05625
0 0.534375 0.0078125 0.0125 0.015625
0 0.50390625 0.40546875 0.015625 0.059375
0 0.646875 0.240625 0.015625 0.0453125