0 0.85078125 0.41640625 0.0234375 0.053125
0 0.1 0.3640625 0.015625 0.0515625
0 0.37578125 0.41484375 0.0125 0.053125
0 0.68203125 0.41015625 0.0171875 0.0546875
0 0.459375 0.7125 0.0203125 0.065625
0 0.55859375 0.3328125 0.015625 0.0546875
0 0.50625 0.41796875 0.0171875 0.0578125
0 0.71640625 0.35 0.0171875 0.0578125
0 0.728125 0.215625 0.0171875 0.0484375
0 0.01484375 0.31484375 0.0140625 0.053125
0 0.36875 0.371875 0.015625 0.046875
0 0.43671875 0.2671875 0.015625 0.04375
0 0.3046875 0.25078125 0.0140625 0.046875
0 0.41484375 0.340625 0.0203125 0.0515625
0 0.9921875 0.41328125 0.015625 0.05625
0 0.62734375 0.29921875 0.0140625 0.0515625
0 0.284375 0.26015625 0.0140625 0.0515625
0 0.478125 0.4125 0.0171875 0.0515625
0 0.25 0.20078125 0.0140625 0.0515625
0 0.465625 0.02578125 0.009375 0.0390625
0 0.4796875 0.35390625 0.0171875 0.053125
0 0.35546875 0.26875 0.0140625 0.04375
0 0.50078125 0.2125 0.0140625 0.0453125