0 0.13046875 0.4390625 0.025 0.05625
0 0.90546875 0.3703125 0.0171875 0.0546875
0 0.621875 0.42734375 0.0140625 0.05625
0 0.3046875 0.42890625 0.0171875 0.05625
0 0.53984375 0.73671875 0.021875 0.06875
0 0.43125 0.34609375 0.0171875 0.05625
0 0.48671875 0.434375 0.01875 0.0609375
0 0.2671875 0.3671875 0.01875 0.0609375
0 0.253125 0.22734375 0.01875 0.05
0 0.628125 0.3828125 0.0171875 0.05
0 0.55546875 0.27578125 0.015625 0.0453125
0 0.69140625 0.2578125 0.015625 0.0484375
0 0.58046875 0.3515625 0.021875 0.053125
0 0.359375 0.3125 0.015625 0.0546875
0 0.71328125 0.26640625 0.015625 0.053125
0 0.51640625 0.42734375 0.01875 0.0546875
0 0.74765625 0.20390625 0.0140625 0.053125
0 0.521875 0.0265625 0.0109375 0.040625
0 0.51328125 0.36640625 0.0171875 0.05625
0 0.6390625 0.2765625 0.015625 0.0453125
0 0.48828125 0.21953125 0.015625 0.046875