0 0.14453125 0.34765625 0.01875 0.0578125
0 0.3171875 0.37265625 0.0203125 0.0515625
0 0.51015625 0.70859375 0.0234375 0.0671875
0 0.6453125 0.42265625 0.025 0.0546875
0 0.90234375 0.44921875 0.021875 0.059375
0 0.30859375 0.303125 0.015625 0.053125
0 0.75625 0.2328125 0.01875 0.0484375
0 0.615625 0.390625 0.01875 0.053125
0 0.37890625 0.24765625 0.0171875 0.0484375
0 0.55703125 0.2078125 0.015625 0.046875
0 0.02265625 0.33359375 0.01875 0.0546875
0 0.4859375 0.309375 0.0171875 0.05
0 0.99296875 0.40234375 0.0140625 0.0546875
0 0.5296875 0.39921875 0.015625 0.0515625
0 0.63125 0.275 0.01875 0.0453125
0 0.31171875 0.1640625 0.021875 0.053125
0 0.503125 0.403125 0.0203125 0.053125
0 0.73046875 0.3234375 0.0171875 0.053125
0 0.7125 0.36171875 0.0203125 0.053125
0 0.5765625 0.2640625 0.0171875 0.0453125
0 0.55859375 0.3140625 0.015625 0.040625
0 0.5296875 0.2984375 0.0140625 0.0421875
0 0.5859375 0.021875 0.0140625 0.0328125