0 0.18046875 0.30390625 0.021875 0.0578125
0 0.35 0.33984375 0.0234375 0.0515625
0 0.5171875 0.6859375 0.028125 0.0671875
0 0.67109375 0.4125 0.0296875 0.0546875
0 0.92265625 0.45703125 0.0265625 0.059375
0 0.34609375 0.27109375 0.0203125 0.053125
0 0.79296875 0.2328125 0.021875 0.0484375
0 0.64375 0.3796875 0.021875 0.053125
0 0.41953125 0.22109375 0.0203125 0.0484375
0 0.5984375 0.19375 0.01875 0.046875
0 0.06171875 0.28125 0.021875 0.0546875
0 0.521875 0.28984375 0.01875 0.05
0 0.5578125 0.38203125 0.01875 0.0515625
0 0.66640625 0.265625 0.021875 0.0453125
0 0.35859375 0.13359375 0.025 0.053125
0 0.53203125 0.38359375 0.0234375 0.053125
0 0.76171875 0.3203125 0.0203125 0.053125
0 0.74140625 0.35703125 0.025 0.053125
0 0.6140625 0.25 0.0203125 0.0453125
0 0.5921875 0.29921875 0.0171875 0.040625
0 0.565625 0.28125 0.015625 0.0421875
0 0.6375 0.021875 0.0125 0.0125