0 0.5078125 0.68125 0.01875 0.0640625
0 0.86171875 0.39921875 0.015625 0.0546875
0 0.68359375 0.32265625 0.01875 0.0484375
0 0.2453125 0.39296875 0.0140625 0.05625
0 0.9640625 0.3859375 0.0171875 0.0546875
0 0.0515625 0.18515625 0.0109375 0.0453125
0 0.371875 0.28359375 0.0171875 0.04375
0 0.47421875 0.3578125 0.0125 0.05625
0 0.2765625 0.30625 0.0140625 0.0484375
0 0.64765625 0.4234375 0.0125 0.0546875
0 0.3375 0.27421875 0.015625 0.0453125
0 0.17265625 0.38984375 0.015625 0.053125
0 0.2625 0.2109375 0.0125 0.0453125
0 0.4484375 0.45 0.0171875 0.053125
0 0.4609375 0.19765625 0.0125 0.0453125
0 0.2109375 0.2890625 0.01875 0.0421875
0 0.63359375 0.275 0.0109375 0.0453125
0 0.465625 0.0140625 0.0078125 0.0265625
0 0.42265625 0.43125 0.0140625 0.0421875
0 0.421875 0.3828125 0.0171875 0.053125
0 0.69609375 0.184375 0.0125 0.046875
0 0.38984375 0.3609375 0.0125 0.0453125
0 0.38671875 0.3796875 0.0125 0.0515625
0 0.21875 0.27109375 0.015625 0.040625