0 0.490625 0.65234375 0.0265625 0.065625
0 0.80546875 0.3203125 0.021875 0.05625
0 0.61640625 0.26875 0.025 0.0515625
0 0.18828125 0.4015625 0.021875 0.0578125
0 0.90546875 0.29296875 0.0234375 0.05625
0 0.3 0.27421875 0.0234375 0.046875
0 0.41171875 0.33359375 0.0203125 0.0578125
0 0.20703125 0.31015625 0.0203125 0.05
0 0.5953125 0.375 0.01875 0.05625
0 0.26328125 0.26953125 0.021875 0.046875
0 0.115625 0.40859375 0.021875 0.0546875
0 0.17890625 0.21640625 0.01875 0.046875
0 0.39921875 0.4296875 0.0234375 0.0546875
0 0.37734375 0.17421875 0.01875 0.046875
0 0.13984375 0.30234375 0.025 0.0453125
0 0.56015625 0.22890625 0.0171875 0.046875
0 0.37109375 0.4140625 0.0203125 0.04375
0 0.36328125 0.365625 0.025 0.0546875
0 0.609375 0.128125 0.01875 0.0484375
0 0.328125 0.34921875 0.01875 0.0453125
0 0.32890625 0.3671875 0.01875 0.053125
0 0.14453125 0.2828125 0.0203125 0.0421875