0 0.81953125 0.35546875 0.0171875 0.059375
0 0.025 0.390625 0.0203125 0.0578125
0 0.1125 0.4109375 0.0171875 0.05625
0 0.85078125 0.190625 0.0203125 0.0453125
0 0.515625 0.1484375 0.0140625 0.0515625
0 0.51015625 0.6515625 0.0171875 0.065625
0 0.3875 0.38515625 0.015625 0.0484375
0 0.64375 0.23046875 0.0171875 0.0421875
0 0.52578125 0.32890625 0.0140625 0.0359375
0 0.75078125 0.22109375 0.0203125 0.0515625
0 0.95390625 0.1046875 0.015625 0.0453125
0 0.6265625 0.32109375 0.015625 0.0546875
0 0.95546875 0.25390625 0.021875 0.05
0 0.70625 0.32578125 0.0171875 0.0515625
0 0.76328125 0.15078125 0.015625 0.05
0 0.75859375 0.35390625 0.0171875 0.059375
0 0.8390625 0.28046875 0.0265625 0.05
0 0.43359375 0.265625 0.0140625 0.0484375
0 0.25859375 0.1734375 0.0140625 0.053125
0 0.68125 0.3609375 0.015625 0.0484375
0 0.40078125 0.2703125 0.0140625 0.0546875
0 0.78203125 0.36171875 0.0234375 0.053125
0 0.6625 0.265625 0.021875 0.0484375