0 0.9265625 0.32265625 0.01875 0.0578125
0 0.61171875 0.5671875 0.0203125 0.0640625
0 0.3734375 0.18828125 0.015625 0.0453125
0 0.4296875 0.24375 0.015625 0.05625
0 0.4359375 0.31953125 0.0203125 0.0546875
0 0.2765625 0.18828125 0.0140625 0.046875
0 0.159375 0.2796875 0.01875 0.059375
0 0.559375 0.14609375 0.0140625 0.0546875
0 0.35234375 0.1328125 0.0140625 0.0546875
0 0.1265625 0.16953125 0.0140625 0.0515625
0 0.66328125 0.18828125 0.01875 0.0515625
0 0.34921875 0.06875 0.015625 0.0484375
0 0.12578125 0.27109375 0.015625 0.059375
0 0.83203125 0.09296875 0.0140625 0.0546875
0 0.55234375 0.196875 0.0140625 0.059375
0 0.234375 0.1140625 0.0125 0.04375
0 0.33828125 0.31796875 0.01875 0.059375
0 0.65390625 0.3125 0.0171875 0.059375
0 0.32109375 0.2 0.0125 0.0515625
0 0.53125 0.0640625 0.0125 0.0484375
0 0.1609375 0.028125 0.009375 0.0515625
0 0.34921875 0.309375 0.0125 0.05625