0 0.83359375 0.3328125 0.0203125 0.0546875
0 0.5609375 0.59453125 0.021875 0.0609375
0 0.29765625 0.2609375 0.0171875 0.04375
0 0.35703125 0.3078125 0.01875 0.0546875
0 0.3703125 0.378125 0.0234375 0.053125
0 0.20625 0.2703125 0.0171875 0.0453125
0 0.10390625 0.36875 0.021875 0.05625
0 0.94921875 0.2859375 0.0234375 0.0546875
0 0.46953125 0.203125 0.015625 0.053125
0 0.27265625 0.21015625 0.015625 0.053125
0 0.06328125 0.26796875 0.0171875 0.05
0 0.57109375 0.23125 0.0203125 0.0484375
0 0.26328125 0.15 0.0171875 0.046875
0 0.07265625 0.3625 0.01875 0.05625
0 0.721875 0.125 0.0171875 0.0515625
0 0.4671875 0.25078125 0.0171875 0.05625
0 0.15859375 0.20546875 0.0140625 0.0421875
0 0.27734375 0.38671875 0.021875 0.05625
0 0.57578125 0.35078125 0.0203125 0.05625
0 0.24921875 0.27734375 0.015625 0.05
0 0.434375 0.12734375 0.0140625 0.0453125
0 0.08125 0.13125 0.0125 0.0484375
0 0.2875 0.37734375 0.015625 0.053125
0 0.03515625 0.103125 0.0046875 0.00625