0 0.0921875 0.63984375 0.0375 0.071875
0 0.25078125 0.615625 0.028125 0.0765625
0 0.14453125 0.5703125 0.0296875 0.065625
0 0.35 0.38515625 0.0234375 0.0640625
0 0.4921875 0.671875 0.0296875 0.0734375
0 0.396875 0.46328125 0.025 0.06875
0 0.54765625 0.68671875 0.0265625 0.0734375
0 0.26015625 0.3296875 0.025 0.065625
0 0.11640625 0.50078125 0.0296875 0.06875
0 0.63671875 0.50078125 0.0265625 0.065625
0 0.66171875 0.64921875 0.034375 0.0796875
0 0.5421875 0.58203125 0.028125 0.071875
0 0.42421875 0.4375 0.025 0.0609375
0 0.625 0.5578125 0.03125 0.078125
0 0.9421875 0.5375 0.0328125 0.075
0 0.603125 0.68125 0.028125 0.078125
0 0.68984375 0.65859375 0.0390625 0.0765625
0 0.58984375 0.15859375 0.0203125 0.0609375
0 0.4421875 0.16328125 0.0234375 0.0578125
0 0.428125 0.38515625 0.021875 0.05625
0 0.6234375 0.77734375 0.0265625 0.0703125
0 0.5671875 0.17578125 0.0234375 0.059375