0 0.403125 0.76953125 0.0484375 0.0734375
0 0.40859375 0.4875 0.0234375 0.0578125
0 0.1609375 0.46484375 0.0234375 0.0578125
0 0.35859375 0.47734375 0.021875 0.05625
0 0.0875 0.43515625 0.0265625 0.059375
0 0.36953125 0.23515625 0.0171875 0.046875
0 0.08671875 0.35390625 0.021875 0.053125
0 0.49296875 0.48125 0.0375 0.0578125
0 0.70234375 0.35859375 0.021875 0.05
0 0.45 0.44765625 0.0203125 0.0546875
0 0.8265625 0.3375 0.01875 0.053125
0 0.4640625 0.42421875 0.025 0.053125
0 0.940625 0.559375 0.021875 0.0546875
0 0.85234375 0.50546875 0.0234375 0.0546875
0 0.7890625 0.35234375 0.01875 0.05
0 0.24140625 0.4625 0.021875 0.0546875
0 0.6421875 0.28125 0.0171875 0.04375
0 0.63046875 0.21796875 0.0171875 0.0421875
0 0.40625 0.34453125 0.0203125 0.0515625
0 0.73125 0.365625 0.01875 0.05
0 0.54140625 0.09609375 0.0171875 0.04375
0 0.71640625 0.5203125 0.0234375 0.0578125
0 0.41171875 0.3421875 0.015625 0.0421875
0 0.99375 0.3859375 0.0125 0.046875