0 0.478125 0.74921875 0.04375 0.0703125
0 0.415625 0.478125 0.0203125 0.05625
0 0.17421875 0.515625 0.0203125 0.05625
0 0.36640625 0.48125 0.01875 0.05625
0 0.09765625 0.50546875 0.0234375 0.0578125
0 0.31875 0.24765625 0.0140625 0.0453125
0 0.0765625 0.428125 0.01875 0.0515625
0 0.4953125 0.45234375 0.034375 0.0546875
0 0.665625 0.2859375 0.01875 0.0484375
0 0.4453125 0.43203125 0.0171875 0.0546875
0 0.77890625 0.23671875 0.015625 0.0515625
0 0.453125 0.40546875 0.0203125 0.0515625
0 0.940625 0.4203125 0.01875 0.053125
0 0.84296875 0.390625 0.0203125 0.053125
0 0.746875 0.259375 0.015625 0.0484375
0 0.25078125 0.4953125 0.01875 0.0546875
0 0.590625 0.2265625 0.0140625 0.0421875
0 0.56328125 0.16875 0.0140625 0.0421875
0 0.3796875 0.34296875 0.0171875 0.05
0 0.69453125 0.2859375 0.015625 0.05
0 0.44921875 0.07421875 0.0140625 0.0421875
0 0.71796875 0.4359375 0.0203125 0.05625
0 0.384375 0.3390625 0.0125 0.040625
0 0.95234375 0.2421875 0.0140625 0.0453125