0 0.18125 0.39375 0.0171875 0.0578125
0 0.47734375 0.71640625 0.01875 0.065625
0 0.72578125 0.47734375 0.01875 0.0515625
0 0.471875 0.45859375 0.015625 0.053125
0 0.6609375 0.4328125 0.01875 0.053125
0 0.47890625 0.2375 0.01875 0.0421875
0 0.18203125 0.21796875 0.0140625 0.0515625
0 0.00859375 0.38984375 0.0078125 0.053125
0 0.278125 0.29921875 0.0171875 0.046875
0 0.89140625 0.37265625 0.015625 0.0484375
0 0.4921875 0.4046875 0.015625 0.0515625
0 0.3203125 0.396875 0.015625 0.0484375
0 0.43046875 0.17265625 0.015625 0.0421875
0 0.23984375 0.2796875 0.0171875 0.0484375
0 0.52578125 0.28828125 0.0171875 0.040625
0 0.38671875 0.30703125 0.0171875 0.0453125
0 0.52421875 0.07421875 0.0125 0.040625
0 0.55859375 0.37421875 0.0171875 0.05
0 0.665625 0.22734375 0.01875 0.0421875
0 0.83828125 0.46484375 0.015625 0.0546875
0 0.55390625 0.340625 0.01875 0.040625
0 0.9328125 0.196875 0.0125 0.034375
0 0.63515625 0.24296875 0.0203125 0.0328125
0 0.84140625 0.425 0.0171875 0.0421875