0 0.46953125 0.809375 0.01875 0.0640625
0 0.3921875 0.328125 0.015625 0.040625
0 0.7765625 0.51953125 0.015625 0.04375
0 0.42734375 0.51796875 0.0171875 0.05
0 0.70078125 0.3921875 0.015625 0.0453125
0 0.21328125 0.48671875 0.0234375 0.0421875
0 0.53046875 0.421875 0.015625 0.0484375
0 0.55 0.521875 0.021875 0.0453125
0 0.30078125 0.41875 0.01875 0.0421875
0 0.76015625 0.3671875 0.0140625 0.0484375
0 0.35390625 0.40703125 0.0140625 0.04375
0 0.77578125 0.303125 0.0125 0.05
0 0.24609375 0.2765625 0.0140625 0.0453125
0 0.9203125 0.50078125 0.01875 0.0484375
0 0.15078125 0.48203125 0.0140625 0.040625
0 0.34453125 0.33359375 0.0140625 0.0375
0 0.10390625 0.20234375 0.0140625 0.0390625
0 0.50625 0.52109375 0.015625 0.0421875
0 0.1453125 0.33359375 0.0140625 0.046875
0 0.1875 0.42734375 0.015625 0.04375
0 0.209375 0.4265625 0.0171875 0.0390625
0 0.509375 0.12890625 0.0125 0.0390625
0 0.2234375 0.27890625 0.0171875 0.05
0 0.5375 0.25703125 0.0140625 0.0390625