0 0.5359375 0.74921875 0.0234375 0.0578125
0 0.56015625 0.30703125 0.0171875 0.0375
0 0.2296875 0.51640625 0.01875 0.040625
0 0.546875 0.48125 0.01875 0.0453125
0 0.28671875 0.39375 0.0171875 0.0421875
0 0.7375 0.4328125 0.025 0.040625
0 0.44375 0.40546875 0.01875 0.04375
0 0.4359375 0.49609375 0.025 0.04375
0 0.6515625 0.38046875 0.0203125 0.0390625
0 0.23046875 0.3765625 0.0171875 0.0453125
0 0.60234375 0.37421875 0.0171875 0.040625
0 0.2109375 0.321875 0.015625 0.0453125
0 0.6875 0.24609375 0.0171875 0.0421875
0 0.0984375 0.5125 0.0203125 0.0453125
0 0.79453125 0.42265625 0.015625 0.0375
0 0.60390625 0.30703125 0.0171875 0.034375
0 0.809375 0.165625 0.015625 0.0359375
0 0.47578125 0.49140625 0.01875 0.0390625
0 0.784375 0.28828125 0.0171875 0.04375
0 0.75546875 0.3765625 0.01875 0.0390625
0 0.7359375 0.378125 0.01875 0.0359375
0 0.43515625 0.1375 0.015625 0.0359375
0 0.70859375 0.24609375 0.0203125 0.0453125
0 0.421875 0.25625 0.015625 0.0359375