0 0.434375 0.67421875 0.0203125 0.0640625
0 0.55703125 0.465625 0.01875 0.0609375
0 0.4375 0.45703125 0.0203125 0.059375
0 0.23203125 0.34296875 0.01875 0.0546875
0 0.75390625 0.38359375 0.021875 0.053125
0 0.44765625 0.33515625 0.015625 0.0578125
0 0.86640625 0.1234375 0.015625 0.0453125
0 0.2765625 0.14375 0.0140625 0.0484375
0 0.240625 0.18671875 0.015625 0.05
0 0.7296875 0.28046875 0.0171875 0.0515625
0 0.1515625 0.3546875 0.01875 0.0625
0 0.37421875 0.25234375 0.0171875 0.05
0 0.82890625 0.421875 0.01875 0.0578125
0 0.7421875 0.16875 0.015625 0.05
0 0.60390625 0.246875 0.0203125 0.0390625
0 0.48828125 0.15234375 0.0140625 0.0484375
0 0.7015625 0.1640625 0.0171875 0.046875
0 0.6453125 0.37109375 0.0203125 0.053125
0 0.621875 0.3140625 0.015625 0.053125
0 0.5546875 0.23203125 0.0140625 0.046875
0 0.67265625 0.3578125 0.021875 0.0484375
0 0.696875 0.3359375 0.01875 0.0375
0 0.5296875 0.43828125 0.01875 0.0625