0 0.875 0.34453125 0.0125 0.05
0 0.8171875 0.32421875 0.015625 0.05
0 0.725 0.278125 0.0125 0.053125
0 0.73203125 0.24609375 0.0125 0.046875
0 0.7265625 0.4921875 0.01875 0.0609375
0 0.66328125 0.38828125 0.009375 0.059375
0 0.634375 0.38984375 0.0171875 0.05
0 0.5625 0.25546875 0.0125 0.040625
0 0.5609375 0.2484375 0.0125 0.0390625
0 0.5625 0.19921875 0.0125 0.046875
0 0.50703125 0.4265625 0.015625 0.053125
0 0.4390625 0.2796875 0.015625 0.046875
0 0.39296875 0.29296875 0.009375 0.04375
0 0.38515625 0.32265625 0.0125 0.05
0 0.40390625 0.3625 0.0125 0.0484375
0 0.4609375 0.5 0.01875 0.05625
0 0.26640625 0.440625 0.015625 0.05625
0 0.253125 0.31953125 0.0125 0.053125
0 0.20703125 0.4296875 0.015625 0.053125
0 0.32421875 0.18203125 0.009375 0.0375
0 0.24765625 0.175 0.0125 0.04375
0 0.1 0.159375 0.00625 0.0421875
0 0.55625 0.0109375 0.009375 0.021875
0 0.57734375 0.70390625 0.015625 0.0625