0 0.16015625 0.353125 0.015625 0.053125
0 0.2046875 0.34453125 0.015625 0.046875
0 0.25625 0.5 0.01875 0.046875
0 0.3015625 0.41796875 0.0125 0.053125
0 0.30703125 0.3671875 0.0109375 0.05
0 0.35078125 0.44375 0.01875 0.0484375
0 0.4265625 0.45859375 0.0109375 0.05625
0 0.45703125 0.4875 0.0140625 0.053125
0 0.44296875 0.34609375 0.0125 0.04375
0 0.49609375 0.27734375 0.0078125 0.04375
0 0.5375 0.2796875 0.0125 0.0375
0 0.5125 0.3484375 0.0140625 0.0484375
0 0.525 0.12265625 0.009375 0.0375
0 0.5359375 0.60625 0.0109375 0.0578125
0 0.584375 0.45625 0.0125 0.05
0 0.59296875 0.421875 0.0125 0.05
0 0.6875 0.30390625 0.009375 0.046875
0 0.70390625 0.3765625 0.009375 0.053125
0 0.8203125 0.315625 0.0125 0.040625
0 0.87265625 0.4203125 0.0140625 0.0515625
0 0.78046875 0.58046875 0.015625 0.059375
0 0.80078125 0.55390625 0.01875 0.05625
0 0.453125 0.80859375 0.0140625 0.065625