0 0.93515625 0.4609375 0.0171875 0.0515625
0 0.84921875 0.25859375 0.0140625 0.046875
0 0.80625 0.25703125 0.0140625 0.0453125
0 0.69453125 0.353125 0.0171875 0.05625
0 0.665625 0.30234375 0.015625 0.04375
0 0.678125 0.4875 0.0171875 0.0546875
0 0.66328125 0.43203125 0.021875 0.0484375
0 0.64609375 0.40234375 0.01875 0.0453125
0 0.6359375 0.4171875 0.0234375 0.0515625
0 0.60390625 0.36953125 0.01875 0.046875
0 0.56953125 0.58125 0.0203125 0.065625
0 0.5703125 0.0953125 0.0140625 0.040625
0 0.55078125 0.2390625 0.0203125 0.0484375
0 0.50625 0.409375 0.0171875 0.0453125
0 0.47734375 0.23515625 0.015625 0.04375
0 0.4890625 0.41875 0.015625 0.05625
0 0.4078125 0.225 0.015625 0.0453125
0 0.34296875 0.2828125 0.015625 0.0484375
0 0.27265625 0.246875 0.0171875 0.0515625
0 0.07734375 0.18046875 0.01875 0.046875
0 0.13984375 0.37578125 0.0171875 0.05625
0 0.3140625 0.5390625 0.01875 0.0625
0 0.30625 0.52109375 0.0171875 0.0625
0 0.5578125 0.83671875 0.025 0.06875