0 0.1421875 0.50234375 0.015625 0.0515625
0 0.240625 0.3015625 0.0125 0.046875
0 0.28359375 0.303125 0.0125 0.0453125
0 0.39140625 0.40546875 0.0140625 0.05625
0 0.42265625 0.35546875 0.0140625 0.04375
0 0.40078125 0.54140625 0.015625 0.0546875
0 0.41796875 0.48671875 0.01875 0.0484375
0 0.4375 0.4578125 0.01875 0.0453125
0 0.44765625 0.47265625 0.0203125 0.0515625
0 0.48203125 0.42734375 0.01875 0.046875
0 0.50546875 0.64296875 0.0171875 0.065625
0 0.53046875 0.1515625 0.0109375 0.040625
0 0.5421875 0.2984375 0.0171875 0.0484375
0 0.57890625 0.47265625 0.015625 0.0453125
0 0.6171875 0.2984375 0.0125 0.04375
0 0.5953125 0.4828125 0.0140625 0.05625
0 0.6875 0.290625 0.0125 0.0453125
0 0.75078125 0.35390625 0.0140625 0.0484375
0 0.82265625 0.3203125 0.015625 0.0515625
0 0.95078125 0.4578125 0.0140625 0.05625
0 0.76640625 0.6140625 0.015625 0.0625
0 0.77578125 0.596875 0.0140625 0.0625
0 0.50390625 0.9015625 0.021875 0.06875