0 0.884375 0.38359375 0.025 0.053125
0 0.83125 0.3015625 0.01875 0.0515625
0 0.72265625 0.47734375 0.0203125 0.059375
0 0.715625 0.31171875 0.021875 0.0515625
0 0.67578125 0.44140625 0.0203125 0.0609375
0 0.68671875 0.52734375 0.0265625 0.0578125
0 0.58671875 0.11484375 0.0171875 0.0453125
0 0.6234375 0.328125 0.0140625 0.0515625
0 0.6125 0.63828125 0.03125 0.065625
0 0.46015625 0.796875 0.028125 0.0703125
0 0.53046875 0.28046875 0.015625 0.0515625
0 0.5171875 0.28203125 0.0171875 0.05
0 0.45 0.35078125 0.021875 0.0453125
0 0.38203125 0.2828125 0.015625 0.053125
0 0.36953125 0.24609375 0.01875 0.053125
0 0.409375 0.4140625 0.01875 0.0484375
0 0.36953125 0.43984375 0.01875 0.059375
0 0.3859375 0.51875 0.025 0.059375
0 0.28203125 0.61640625 0.0203125 0.0671875
0 0.3171875 0.3328125 0.0203125 0.0578125
0 0.19453125 0.31171875 0.021875 0.05625
0 0.071875 0.2125 0.01875 0.05
0 0.03046875 0.34296875 0.01875 0.0546875