0 0.828125 0.48203125 0.034375 0.1359375
0 0.45703125 0.41640625 0.028125 0.13125
0 0.36875 0.49140625 0.028125 0.128125
0 0.7109375 0.38125 0.034375 0.1359375
0 0.65625 0.53046875 0.0375 0.1390625
0 0.80546875 0.28984375 0.0296875 0.125
0 0.16015625 0.37265625 0.034375 0.13125
0 0.60234375 0.41328125 0.0296875 0.1265625
0 0.83359375 0.33203125 0.0296875 0.14375
0 0.25859375 0.0578125 0.028125 0.1078125
0 0.6765625 0.71171875 0.03125 0.11875
0 0.30546875 0.06953125 0.0296875 0.1171875
0 0.2828125 0.06328125 0.034375 0.11875