0 0.17578125 0.496875 0.046875 0.15
0 0.56875 0.384375 0.040625 0.14375
0 0.6734375 0.45546875 0.040625 0.140625
0 0.28984375 0.37578125 0.046875 0.15
0 0.3671875 0.53046875 0.05 0.1546875
0 0.178125 0.2875 0.0421875 0.1375
0 0.8859375 0.303125 0.0484375 0.1453125
0 0.4109375 0.396875 0.0421875 0.1390625
0 0.1515625 0.33515625 0.04375 0.1578125
0 0.74453125 0.015625 0.0328125 0.03125
0 0.36484375 0.7296875 0.0421875 0.13125
0 0.69453125 0.02734375 0.0359375 0.0546875
0 0.71875 0.0234375 0.040625 0.046875