0 0.98125 0.4703125 0.0375 0.125
0 0.95390625 0.47109375 0.0328125 0.1140625
0 0.93046875 0.47109375 0.046875 0.128125
0 0.90078125 0.48125 0.046875 0.128125
0 0.875 0.49921875 0.0515625 0.15
0 0.83359375 0.50703125 0.0609375 0.1734375
0 0.85859375 0.5375 0.040625 0.125
0 0.79296875 0.484375 0.0359375 0.115625
0 0.73671875 0.5203125 0.0421875 0.128125
0 0.62890625 0.534375 0.0578125 0.1390625
0 0.5953125 0.5453125 0.05 0.15
0 0.35546875 0.56484375 0.0421875 0.109375
0 0.31171875 0.5671875 0.0328125 0.103125
0 0.2953125 0.57109375 0.03125 0.0984375