0 0.7125 0.53515625 0.540625 0.8140625
0 0.20859375 0.45859375 0.4171875 0.8203125
0 0.9203125 0.27734375 0.15 0.503125
0 0.34453125 0.23125 0.1640625 0.396875
0 0.6171875 0.11796875 0.121875 0.2078125
0 0.67421875 0.1203125 0.1484375 0.228125
0 0.24609375 0.1 0.1203125 0.1859375
0 0.05078125 0.16015625 0.0796875 0.3203125
0 0.9796875 0.31015625 0.040625 0.4203125
0 0.7984375 0.1421875 0.115625 0.25
0 0.87109375 0.10625 0.071875 0.165625
0 0.41953125 0.128125 0.1046875 0.25625
0 0.3421875 0.0375 0.090625 0.075
0 0.2765625 0.07265625 0.08125 0.1453125
0 0.1890625 0.0828125 0.10625 0.165625