0 0.3078125 0.48203125 0.5828125 0.80625
0 0.77578125 0.52734375 0.4484375 0.8015625
0 0.175 0.21875 0.190625 0.4375
0 0.7140625 0.2875 0.1921875 0.384375
0 0.48984375 0.121875 0.134375 0.2046875
0 0.43828125 0.11171875 0.1640625 0.2234375
0 0.83515625 0.190625 0.13125 0.1828125
0 0.97421875 0.2640625 0.0515625 0.3625
0 0.08203125 0.2078125 0.1421875 0.4015625
0 0.31953125 0.11171875 0.1359375 0.2234375
0 0.259375 0.06640625 0.0875 0.1328125
0 0.671875 0.159375 0.128125 0.2796875
0 0.765625 0.0921875 0.0984375 0.1171875
0 0.81796875 0.1375 0.096875 0.184375
0 0.89609375 0.1640625 0.121875 0.2109375