0 0.653125 0.390625 0.159375 0.4640625
0 0.4015625 0.4921875 0.1484375 0.2375
0 0.28125 0.3796875 0.1390625 0.4453125
0 0.34375 0.40859375 0.1046875 0.29375
0 0.33828125 0.303125 0.1078125 0.275
0 0.509375 0.3078125 0.0875 0.2328125
0 0.11171875 0.3453125 0.1 0.196875
0 0.06015625 0.40703125 0.1203125 0.4890625
0 0.42421875 0.27578125 0.1296875 0.2984375
0 0.7359375 0.28671875 0.11875 0.3
0 0.7671875 0.26796875 0.0546875 0.1734375
0 0.69453125 0.19921875 0.0359375 0.0703125
0 0.65625 0.19375 0.084375 0.128125
0 0.4953125 0.434375 0.165625 0.2921875