0 0.1953125 0.746875 0.0625 0.178125
0 0.3171875 0.740625 0.05 0.140625
0 0.2609375 0.74453125 0.065625 0.1703125
0 0.2515625 0.73359375 0.065625 0.146875
0 0.025 0.70703125 0.01875 0.0609375
0 0.034375 0.7046875 0.0203125 0.0515625
0 0.05546875 0.70078125 0.0234375 0.0546875
0 0.046875 0.70546875 0.015625 0.0515625
0 0.09140625 0.6953125 0.0171875 0.046875
0 0.1 0.69453125 0.0171875 0.046875
0 0.11875 0.6953125 0.0171875 0.040625
0 0.1484375 0.69375 0.0171875 0.0484375
0 0.13984375 0.6890625 0.0171875 0.04375
0 0.134375 0.690625 0.009375 0.034375
0 0.1296875 0.68984375 0.0125 0.0421875
0 0.20859375 0.67578125 0.01875 0.04375
0 0.22421875 0.671875 0.015625 0.0375