0 0.68203125 0.4125 0.1625 0.453125
0 0.41875 0.44453125 0.1484375 0.2328125
0 0.33359375 0.30859375 0.1421875 0.434375
0 0.38515625 0.3515625 0.10625 0.2859375
0 0.40625 0.25078125 0.109375 0.2671875
0 0.5671875 0.29765625 0.0890625 0.2265625
0 0.1828125 0.2328125 0.1 0.1921875
0 0.09921875 0.27421875 0.165625 0.4765625
0 0.4953125 0.246875 0.1296875 0.290625
0 0.7859375 0.3359375 0.1203125 0.29375
0 0.8203125 0.32578125 0.05625 0.16875
0 0.76875 0.24296875 0.0359375 0.06875
0 0.73359375 0.228125 0.084375 0.125
0 0.521875 0.41328125 0.165625 0.2859375