0 0.74609375 0.7375 0.225 0.515625
0 0.60078125 0.7546875 0.1515625 0.4859375
0 0.69453125 0.578125 0.084375 0.15625
0 0.653125 0.42578125 0.153125 0.1765625
0 0.528125 0.4390625 0.153125 0.38125
0 0.48203125 0.64375 0.1390625 0.4
0 0.3875 0.67421875 0.165625 0.359375
0 0.1953125 0.6578125 0.1640625 0.4
0 0.26171875 0.62890625 0.109375 0.378125
0 0.32109375 0.56328125 0.0953125 0.215625
0 0.075 0.7078125 0.14375 0.5171875
0 0.034375 0.70390625 0.06875 0.5078125
0 0.15234375 0.42734375 0.028125 0.0375
0 0.3140625 0.43125 0.0734375 0.0734375