0 0.14296875 0.3734375 0.196875 0.4296875
0 0.271875 0.2640625 0.1875 0.528125
0 0.321875 0.24609375 0.1125 0.3796875
0 0.39765625 0.2125 0.1234375 0.271875
0 0.41328125 0.0859375 0.1 0.11875
0 0.44296875 0.1796875 0.0796875 0.2703125
0 0.465625 0.2171875 0.0703125 0.2859375
0 0.56484375 0.2828125 0.0640625 0.265625
0 0.50703125 0.25546875 0.065625 0.278125
0 0.51640625 0.3046875 0.1359375 0.3359375
0 0.6 0.34296875 0.06875 0.18125
0 0.6453125 0.36015625 0.05625 0.171875
0 0.6765625 0.31328125 0.0375 0.0625
0 0.5890625 0.2921875 0.034375 0.1078125
0 0.690625 0.34453125 0.0375 0.08125