0 0.76796875 0.31484375 0.0984375 0.2625
0 0.88046875 0.3953125 0.1703125 0.51875
0 0.7078125 0.3890625 0.1203125 0.3796875
0 0.61640625 0.41875 0.096875 0.396875
0 0.52890625 0.3640625 0.1109375 0.3484375
0 0.4546875 0.403125 0.090625 0.371875
0 0.38984375 0.39609375 0.0796875 0.30625
0 0.2984375 0.42578125 0.1171875 0.14375
0 0.2859375 0.49453125 0.0921875 0.1703125
0 0.43203125 0.62421875 0.1 0.3609375
0 0.55546875 0.6453125 0.1671875 0.3203125
0 0.6671875 0.6875 0.1453125 0.3328125
0 0.78359375 0.7953125 0.190625 0.371875
0 0.64453125 0.80078125 0.1921875 0.396875
0 0.52890625 0.71015625 0.2078125 0.43125
0 0.36171875 0.73203125 0.175 0.48125
0 0.1765625 0.69609375 0.246875 0.6078125
0 0.2421875 0.5625 0.1578125 0.3015625