0 0.240625 0.5375 0.109375 0.346875
0 0.36328125 0.6171875 0.196875 0.265625
0 0.33671875 0.425 0.0765625 0.3765625
0 0.1953125 0.43046875 0.096875 0.415625
0 0.26015625 0.33828125 0.084375 0.246875
0 0.38828125 0.50390625 0.09375 0.28125
0 0.403125 0.35234375 0.071875 0.2453125
0 0.48125 0.53671875 0.0609375 0.2328125
0 0.51875 0.5265625 0.0546875 0.2515625
0 0.46953125 0.459375 0.075 0.4015625
0 0.875 0.58984375 0.1359375 0.3875
0 0.6875 0.63984375 0.19375 0.2953125
0 0.68828125 0.5515625 0.1359375 0.33125
0 0.64453125 0.47734375 0.0796875 0.36875
0 0.584375 0.459375 0.1 0.38125
0 0.5265625 0.46875 0.0984375 0.3703125
0 0.78046875 0.49296875 0.1125 0.4203125
0 0.83359375 0.4828125 0.090625 0.4234375