0 0.23828125 0.34296875 0.1234375 0.2671875
0 0.13984375 0.43828125 0.2203125 0.525
0 0.3078125 0.4078125 0.15625 0.3828125
0 0.4 0.425 0.1359375 0.4
0 0.47890625 0.35859375 0.14375 0.3515625
0 0.55703125 0.38671875 0.1265625 0.3734375
0 0.61953125 0.37109375 0.1109375 0.3078125
0 0.7125 0.38828125 0.1296875 0.153125
0 0.734375 0.45234375 0.109375 0.178125
0 0.609375 0.59921875 0.1359375 0.3625
0 0.490625 0.6375 0.196875 0.3296875
0 0.3875 0.69375 0.1765625 0.340625
0 0.2890625 0.81171875 0.225 0.3765625
0 0.42578125 0.7984375 0.2296875 0.403125
0 0.5265625 0.696875 0.2484375 0.44375
0 0.6921875 0.6953125 0.221875 0.4890625
0 0.8578125 0.64140625 0.284375 0.6296875
0 0.7859375 0.5140625 0.1859375 0.3109375