0 0.82734375 0.66015625 0.075 0.1796875
0 0.7078125 0.68828125 0.059375 0.1421875
0 0.76328125 0.67578125 0.0765625 0.171875
0 0.76875 0.6640625 0.075 0.15
0 0.99375 0.575 0.0125 0.053125
0 0.98125 0.57421875 0.025 0.0609375
0 0.97109375 0.575 0.0234375 0.053125
0 0.95 0.57734375 0.028125 0.05625
0 0.95859375 0.5796875 0.0203125 0.0515625
0 0.9125 0.58203125 0.0203125 0.046875
0 0.90390625 0.58359375 0.0203125 0.046875
0 0.8859375 0.58984375 0.01875 0.0421875
0 0.85703125 0.59609375 0.0203125 0.0484375
0 0.86484375 0.5890625 0.0203125 0.04375
0 0.8703125 0.5890625 0.0125 0.034375
0 0.87578125 0.58671875 0.015625 0.04375
0 0.79453125 0.5953125 0.021875 0.04375
0 0.778125 0.59609375 0.01875 0.0390625