0 0.77421875 0.484375 0.1890625 0.3375
0 0.40859375 0.540625 0.153125 0.3171875
0 0.20546875 0.56171875 0.1125 0.24375
0 0.0359375 0.55703125 0.071875 0.1796875
0 0.946875 0.41640625 0.0625 0.16875
0 0.9109375 0.3953125 0.0578125 0.1890625
0 0.8640625 0.4078125 0.0671875 0.1875
0 0.81484375 0.42734375 0.05625 0.1171875
0 0.675 0.44453125 0.05 0.175
0 0.6546875 0.4734375 0.0375 0.121875
0 0.4953125 0.4546875 0.0640625 0.1578125
0 0.27109375 0.46640625 0.04375 0.1328125
0 0.23515625 0.434375 0.03125 0.0609375
0 0.23984375 0.490625 0.0484375 0.1171875
0 0.1328125 0.5109375 0.0375 0.1265625
0 0.11015625 0.51328125 0.0390625 0.1265625