0 0.8390625 0.70234375 0.0875 0.15
0 0.11328125 0.715625 0.0828125 0.140625
0 0.6078125 0.7015625 0.0875 0.1515625
0 0.72734375 0.7 0.075 0.15625
0 0.50078125 0.71875 0.0671875 0.1578125
0 0.44609375 0.7109375 0.0765625 0.1453125
0 0.1796875 0.728125 0.1015625 0.1484375
0 0.25703125 0.7125 0.0578125 0.1359375
0 0.20234375 0.66796875 0.040625 0.053125
0 0.13515625 0.66875 0.0515625 0.071875
0 0.36328125 0.73671875 0.0859375 0.1421875
0 0.06796875 0.73359375 0.065625 0.1375
0 0.01953125 0.75078125 0.0203125 0.146875