0 0.36640625 0.73125 0.0453125 0.1234375
0 0.428125 0.73984375 0.0296875 0.0890625
0 0.4609375 0.7328125 0.028125 0.09375
0 0.66640625 0.7171875 0.0421875 0.115625
0 0.9796875 0.765625 0.040625 0.31875
0 0.47890625 0.71640625 0.0296875 0.0796875
0 0.89296875 0.6875 0.0234375 0.0890625
0 0.60234375 0.7 0.021875 0.0609375
0 0.61953125 0.69140625 0.025 0.075
0 0.55234375 0.6953125 0.025 0.0640625
0 0.765625 0.68125 0.025 0.06875
0 0.91015625 0.6890625 0.028125 0.09375
0 0.93203125 0.67109375 0.021875 0.065625