0 0.76171875 0.53515625 0.1046875 0.35
0 0.6359375 0.61328125 0.19375 0.2640625
0 0.665625 0.41953125 0.071875 0.378125
0 0.809375 0.42734375 0.0921875 0.4171875
0 0.7453125 0.33359375 0.08125 0.2484375
0 0.6125 0.49765625 0.090625 0.2828125
0 0.6 0.3453125 0.06875 0.246875
0 0.51796875 0.53046875 0.0578125 0.234375
0 0.48046875 0.51796875 0.05 0.253125
0 0.53125 0.4515625 0.06875 0.4046875
0 0.11796875 0.5765625 0.13125 0.3890625
0 0.30703125 0.63046875 0.1921875 0.2953125
0 0.3078125 0.54140625 0.13125 0.33125
0 0.353125 0.4671875 0.075 0.3703125
0 0.415625 0.45078125 0.09375 0.3828125
0 0.47265625 0.4609375 0.09375 0.371875
0 0.215625 0.4796875 0.10625 0.421875
0 0.1625 0.46953125 0.084375 0.425