0 0.71171875 0.7609375 0.3078125 0.478125
0 0.559375 0.765625 0.228125 0.46875
0 0.6875 0.63125 0.1109375 0.171875
0 0.67734375 0.46796875 0.1828125 0.203125
0 0.54609375 0.45703125 0.2171875 0.4125
0 0.459375 0.65703125 0.20625 0.4296875
0 0.35703125 0.66796875 0.228125 0.39375
0 0.16640625 0.61328125 0.2328125 0.434375
0 0.23828125 0.5984375 0.171875 0.4015625
0 0.3125 0.5421875 0.1328125 0.234375
0 0.07421875 0.64140625 0.1484375 0.5484375
0 0.03515625 0.63046875 0.0703125 0.5265625
0 0.16796875 0.371875 0.0359375 0.04375
0 0.33125 0.40703125 0.0859375 0.0859375