0 0.34375 0.6875 0.0453125 0.1234375
0 0.40390625 0.703125 0.03125 0.0875
0 0.43671875 0.7 0.0296875 0.09375
0 0.6421875 0.709375 0.04375 0.1140625
0 0.95703125 0.796875 0.0671875 0.3171875
0 0.45703125 0.6859375 0.0296875 0.0796875
0 0.8703125 0.7078125 0.025 0.0875
0 0.58125 0.684375 0.0234375 0.0609375
0 0.59921875 0.678125 0.0265625 0.0734375
0 0.53203125 0.6734375 0.025 0.0625
0 0.74375 0.6859375 0.025 0.06875
0 0.8859375 0.71171875 0.0296875 0.09375
0 0.9109375 0.69609375 0.0234375 0.065625