0 0.14453125 0.79921875 0.1640625 0.353125
0 0.29921875 0.69609375 0.109375 0.15625
0 0.3546875 0.82265625 0.2140625 0.346875
0 0.41015625 0.68125 0.05625 0.0875
0 0.465625 0.79140625 0.1390625 0.284375
0 0.55 0.61953125 0.0625 0.13125
0 0.525 0.73984375 0.1328125 0.3328125
0 0.59765625 0.72890625 0.090625 0.3125
0 0.67421875 0.7359375 0.1265625 0.303125
0 0.9875 0.5296875 0.025 0.090625
0 0.7921875 0.628125 0.053125 0.059375
0 0.7484375 0.6765625 0.090625 0.1703125
0 0.8234375 0.6765625 0.075 0.134375
0 0.953125 0.6171875 0.071875 0.090625
0 0.9515625 0.66796875 0.08125 0.140625
0 0.93046875 0.68203125 0.121875 0.140625