0 0.84296875 0.78984375 0.28125 0.41875
0 0.296875 0.57734375 0.171875 0.3453125
0 0.11640625 0.565625 0.1359375 0.578125
0 0.3796875 0.5546875 0.128125 0.33125
0 0.72421875 0.67734375 0.2359375 0.44375
0 0.6765625 0.5296875 0.1625 0.2265625
0 0.6765625 0.44921875 0.05625 0.178125
0 0.4203125 0.45078125 0.075 0.175
0 0.6421875 0.471875 0.0578125 0.19375
0 0.4046875 0.3390625 0.065625 0.1125
0 0.6359375 0.35859375 0.040625 0.05
0 0.61328125 0.3828125 0.040625 0.146875
0 0.58203125 0.35390625 0.021875 0.1015625
0 0.4734375 0.36328125 0.021875 0.046875
0 0.44765625 0.35703125 0.0375 0.0359375
0 0.34765625 0.76484375 0.3359375 0.4703125