0 0.8015625 0.80703125 0.1609375 0.3546875
0 0.6453125 0.70078125 0.1078125 0.159375
0 0.5875 0.8265625 0.2125 0.346875
0 0.53359375 0.684375 0.05625 0.0890625
0 0.475 0.79453125 0.1359375 0.2875
0 0.39296875 0.61875 0.0609375 0.1328125
0 0.415625 0.74140625 0.1296875 0.3375
0 0.34140625 0.7296875 0.0859375 0.315625
0 0.26484375 0.73515625 0.1234375 0.3078125
0 0.14609375 0.62265625 0.053125 0.059375
0 0.1890625 0.67265625 0.0890625 0.171875
0 0.11328125 0.671875 0.0734375 0.1359375
0 0.0359375 0.6734375 0.059375 0.1375