0 0.771875 0.8015625 0.3 0.396875
0 0.29609375 0.56328125 0.1890625 0.3296875
0 0.13359375 0.53515625 0.178125 0.5375
0 0.37421875 0.5515625 0.1484375 0.3125
0 0.67578125 0.69453125 0.25625 0.425
0 0.646875 0.55625 0.16875 0.2203125
0 0.65390625 0.48359375 0.0671875 0.1671875
0 0.4203125 0.46015625 0.084375 0.1671875
0 0.6203125 0.5 0.071875 0.18125
0 0.41640625 0.3578125 0.071875 0.109375
0 0.62578125 0.396875 0.040625 0.05
0 0.603125 0.41640625 0.05 0.1359375
0 0.57734375 0.38828125 0.0296875 0.09375
0 0.47734375 0.38515625 0.025 0.0453125
0 0.4546875 0.37734375 0.0375 0.0359375
0 0.3234375 0.753125 0.353125 0.4890625