0 0.89296875 0.53515625 0.025 0.059375
0 0.4953125 0.81171875 0.0265625 0.0703125
0 0.68125 0.6390625 0.0265625 0.06875
0 0.890625 0.49453125 0.0234375 0.0546875
0 0.89765625 0.35625 0.0265625 0.053125
0 0.8421875 0.34140625 0.01875 0.0515625
0 0.82734375 0.4796875 0.0296875 0.059375
0 0.759375 0.51875 0.0203125 0.05625
0 0.7484375 0.4296875 0.021875 0.0578125
0 0.6484375 0.32890625 0.021875 0.053125
0 0.57109375 0.10234375 0.0171875 0.0453125
0 0.559375 0.2578125 0.0171875 0.05
0 0.5328125 0.26171875 0.0203125 0.0421875
0 0.50859375 0.33125 0.01875 0.046875
0 0.42265625 0.2453125 0.015625 0.046875
0 0.4015625 0.2453125 0.021875 0.0515625
0 0.32109375 0.29609375 0.0203125 0.053125
0 0.4140625 0.38125 0.021875 0.053125
0 0.396875 0.4140625 0.021875 0.053125
0 0.409375 0.51015625 0.0234375 0.0625
0 0.3 0.58203125 0.0234375 0.065625
0 0.2546875 0.2625 0.021875 0.053125
0 0.04921875 0.165625 0.0203125 0.0453125
0 0.028125 0.2921875 0.015625 0.0546875