0 0.84609375 0.4875 0.01875 0.053125
0 0.54296875 0.809375 0.0203125 0.0640625
0 0.6765625 0.6203125 0.0203125 0.0625
0 0.83671875 0.4515625 0.0171875 0.05
0 0.81640625 0.3265625 0.021875 0.0484375
0 0.76328125 0.32421875 0.0140625 0.0453125
0 0.7765625 0.45 0.0234375 0.053125
0 0.72421875 0.4984375 0.015625 0.05
0 0.696875 0.4203125 0.015625 0.0515625
0 0.58828125 0.35 0.0171875 0.0484375
0 0.47578125 0.16171875 0.0140625 0.040625
0 0.49453125 0.303125 0.0125 0.0453125
0 0.471875 0.3109375 0.015625 0.0375
0 0.4640625 0.37890625 0.0140625 0.0421875
0 0.3703125 0.3171875 0.0125 0.0421875
0 0.35234375 0.321875 0.0171875 0.046875
0 0.2890625 0.38203125 0.015625 0.0484375
0 0.38828125 0.440625 0.0171875 0.046875
0 0.37890625 0.47265625 0.0171875 0.0484375
0 0.409375 0.55625 0.0171875 0.05625
0 0.32421875 0.64140625 0.0171875 0.059375
0 0.2234375 0.36484375 0.0171875 0.0484375
0 0.01875 0.31796875 0.01875 0.040625
0 0.0234375 0.4359375 0.015625 0.05