0 0.7375 0.57578125 0.071875 0.246875
0 0.68671875 0.58359375 0.08125 0.3046875
0 0.62421875 0.5828125 0.0921875 0.2890625
0 0.5640625 0.58125 0.084375 0.3078125
0 0.50390625 0.5703125 0.090625 0.2984375
0 0.4421875 0.559375 0.0703125 0.2953125
0 0.3921875 0.5796875 0.1140625 0.315625
0 0.36875 0.82890625 0.146875 0.3421875
0 0.4578125 0.796875 0.1484375 0.365625
0 0.55234375 0.7984375 0.1328125 0.3453125
0 0.61328125 0.80546875 0.0921875 0.3078125
0 0.68125 0.80078125 0.1140625 0.321875
0 0.72890625 0.796875 0.078125 0.3078125
0 0.803125 0.81953125 0.1296875 0.3390625
0 0.15078125 0.0734375 0.0203125 0.06875
0 0.00390625 0.61328125 0.00625 0.14375