0 0.57265625 0.7234375 0.0625 0.1125
0 0.44296875 0.703125 0.0640625 0.121875
0 0.3390625 0.7171875 0.0625 0.05625
0 0.4109375 0.67890625 0.046875 0.053125
0 0.64453125 0.7046875 0.05625 0.05625
0 0.0609375 0.66640625 0.0453125 0.071875
0 0.76015625 0.7390625 0.0375 0.0421875
0 0.79140625 0.75546875 0.0375 0.04375
0 0.80390625 0.7234375 0.0296875 0.0328125
0 0.86640625 0.7546875 0.0296875 0.053125
0 0.8890625 0.74765625 0.040625 0.0484375
0 0.96796875 0.75390625 0.021875 0.0703125
0 0.5296875 0.72265625 0.0859375 0.1078125
0 0.51640625 0.68359375 0.0296875 0.0265625
0 0.48515625 0.71640625 0.0640625 0.06875