0 0.1796875 0.6625 0.23125 0.675
0 0.39921875 0.7296875 0.2203125 0.540625
0 0.9046875 0.7078125 0.190625 0.35625
0 0.8453125 0.69921875 0.115625 0.165625
0 0.7125 0.68203125 0.1265625 0.175
0 0.6734375 0.65 0.0921875 0.1484375
0 0.67734375 0.53125 0.146875 0.3484375
0 0.56953125 0.61484375 0.0921875 0.1453125
0 0.5703125 0.584375 0.1296875 0.2140625
0 0.496875 0.5828125 0.0890625 0.153125
0 0.45390625 0.56875 0.08125 0.1375
0 0.4109375 0.5203125 0.053125 0.1078125
0 0.20625 0.475 0.0828125 0.1609375
0 0.10390625 0.5984375 0.0703125 0.275
0 0.03671875 0.55703125 0.0734375 0.1203125
0 0.01328125 0.61015625 0.0234375 0.134375