0 0.61328125 0.71875 0.0609375 0.1125
0 0.48125 0.7234375 0.0625 0.1234375
0 0.37890625 0.75859375 0.0625 0.05625
0 0.44453125 0.70625 0.046875 0.053125
0 0.68125 0.68671875 0.05625 0.05625
0 0.09296875 0.7625 0.0453125 0.0734375
0 0.80234375 0.6984375 0.0375 0.0421875
0 0.83671875 0.70859375 0.0375 0.04375
0 0.84296875 0.675 0.0296875 0.0328125
0 0.91171875 0.69296875 0.028125 0.053125
0 0.93125 0.6828125 0.040625 0.0484375
0 0.57109375 0.72578125 0.0859375 0.109375
0 0.54921875 0.690625 0.0296875 0.0265625
0 0.525 0.72890625 0.0640625 0.06875