0 0.82578125 0.64296875 0.2 0.70625
0 0.60546875 0.72421875 0.196875 0.5515625
0 0.0890625 0.74453125 0.1765625 0.353125
0 0.15 0.728125 0.109375 0.165625
0 0.2828125 0.69921875 0.1203125 0.1734375
0 0.3203125 0.66328125 0.0875 0.146875
0 0.30546875 0.5421875 0.13125 0.35
0 0.42265625 0.61796875 0.0875 0.14375
0 0.41953125 0.5875 0.121875 0.2125
0 0.49296875 0.57890625 0.0828125 0.153125
0 0.53515625 0.5609375 0.0765625 0.1359375
0 0.57578125 0.50703125 0.0484375 0.1078125
0 0.7796875 0.44296875 0.0765625 0.1609375
0 0.89453125 0.55859375 0.0578125 0.2796875
0 0.96171875 0.51015625 0.0765625 0.1203125
0 0.98984375 0.5625 0.0203125 0.1375