0 0.91484375 0.5640625 0.028125 0.0625
0 0.859375 0.496875 0.021875 0.0625
0 0.89765625 0.453125 0.0234375 0.0546875
0 0.921875 0.35078125 0.0203125 0.053125
0 0.83125 0.3375 0.025 0.05625
0 0.70625 0.42890625 0.0265625 0.059375
0 0.6609375 0.5296875 0.025 0.059375
0 0.59375 0.62578125 0.025 0.06875
0 0.46875 0.8453125 0.0296875 0.075
0 0.6171875 0.3515625 0.0203125 0.0515625
0 0.5375 0.1140625 0.0171875 0.046875
0 0.55234375 0.278125 0.01875 0.0515625
0 0.534375 0.29375 0.01875 0.046875
0 0.4734375 0.3421875 0.01875 0.046875
0 0.4484375 0.26484375 0.021875 0.0546875
0 0.39453125 0.25703125 0.01875 0.0546875
0 0.39375 0.415625 0.01875 0.05625
0 0.36171875 0.43359375 0.025 0.0578125
0 0.36640625 0.53515625 0.021875 0.0625
0 0.3359375 0.28984375 0.021875 0.0546875
0 0.23359375 0.27734375 0.021875 0.0546875
0 0.23203125 0.60078125 0.0234375 0.06875