0 0.09140625 0.51171875 0.021875 0.059375
0 0.153125 0.4546875 0.015625 0.059375
0 0.121875 0.40703125 0.01875 0.0515625
0 0.11171875 0.30546875 0.015625 0.0515625
0 0.20078125 0.3046875 0.01875 0.053125
0 0.309375 0.41015625 0.0203125 0.05625
0 0.33984375 0.51328125 0.01875 0.05625
0 0.390625 0.61484375 0.0171875 0.065625
0 0.48203125 0.84375 0.0203125 0.071875
0 0.4046875 0.34765625 0.015625 0.05
0 0.51484375 0.12890625 0.0125 0.0453125
0 0.478125 0.28515625 0.0140625 0.05
0 0.4921875 0.303125 0.0125 0.0453125
0 0.54453125 0.3578125 0.0125 0.0453125
0 0.5796875 0.2859375 0.0171875 0.053125
0 0.6328125 0.28671875 0.0125 0.0515625
0 0.61171875 0.43828125 0.0125 0.0546875
0 0.63984375 0.46015625 0.01875 0.0546875
0 0.621875 0.5578125 0.015625 0.059375
0 0.684375 0.3265625 0.015625 0.0515625
0 0.784375 0.328125 0.015625 0.0515625
0 0.74296875 0.6390625 0.015625 0.065625