0 0.58671875 0.82890625 0.0234375 0.06875
0 0.5765625 0.5890625 0.0203125 0.059375
0 0.5515625 0.5296875 0.021875 0.0515625
0 0.7390625 0.5515625 0.01875 0.0609375
0 0.67265625 0.46328125 0.01875 0.0515625
0 0.990625 0.45546875 0.0171875 0.0546875
0 0.859375 0.2859375 0.0140625 0.0453125
0 0.8 0.3265625 0.015625 0.0484375
0 0.671875 0.30078125 0.0203125 0.0484375
0 0.6453125 0.3015625 0.0171875 0.04375
0 0.58828125 0.35078125 0.015625 0.05
0 0.51953125 0.41640625 0.0171875 0.0453125
0 0.50546875 0.1578125 0.0171875 0.0390625
0 0.48046875 0.31640625 0.0140625 0.046875
0 0.44140625 0.328125 0.015625 0.0484375
0 0.40390625 0.359375 0.0140625 0.0515625
0 0.38984375 0.5640625 0.025 0.0484375
0 0.3359375 0.63359375 0.0203125 0.0578125
0 0.2421875 0.36875 0.0171875 0.0484375
0 0.1578125 0.49375 0.01875 0.0484375
0 0.1015625 0.371875 0.015625 0.0484375
0 0.075 0.3390625 0.0171875 0.0453125
0 0.465625 0.4453125 0.0171875 0.0453125
0 0.48515625 0.434375 0.0203125 0.046875