0 0.49453125 0.68125 0.0234375 0.0578125
0 0.61015625 0.659375 0.01875 0.0484375
0 0.64140625 0.57109375 0.01875 0.0578125
0 0.890625 0.57734375 0.0203125 0.05
0 0.82265625 0.3734375 0.0171875 0.046875
0 0.75625 0.3609375 0.0171875 0.05
0 0.61171875 0.38515625 0.015625 0.053125
0 0.59296875 0.38046875 0.0140625 0.0453125
0 0.5015625 0.215625 0.0140625 0.0421875
0 0.5125 0.515625 0.0171875 0.04375
0 0.4546875 0.38515625 0.015625 0.046875
0 0.475 0.4953125 0.015625 0.0484375
0 0.48671875 0.61640625 0.025 0.0421875
0 0.384375 0.39609375 0.015625 0.0484375
0 0.37265625 0.40625 0.015625 0.0484375
0 0.41171875 0.60625 0.01875 0.0484375
0 0.34921875 0.61328125 0.0234375 0.0484375
0 0.3703125 0.7421875 0.0234375 0.0609375
0 0.28125 0.7078125 0.01875 0.05
0 0.2578125 0.61953125 0.021875 0.05
0 0.2234375 0.4390625 0.0171875 0.05
0 0.13828125 0.4578125 0.0171875 0.05
0 0.0640625 0.40625 0.015625 0.0453125