0 0.57578125 0.6765625 0.021875 0.0578125
0 0.45859375 0.675 0.0171875 0.0484375
0 0.41171875 0.59296875 0.0171875 0.0578125
0 0.16796875 0.64296875 0.01875 0.05
0 0.19921875 0.43046875 0.015625 0.046875
0 0.2625 0.40625 0.015625 0.0484375
0 0.40859375 0.40546875 0.0140625 0.053125
0 0.42734375 0.396875 0.0125 0.0453125
0 0.48828125 0.21796875 0.0125 0.040625
0 0.5296875 0.51640625 0.015625 0.04375
0 0.56328125 0.378125 0.0140625 0.046875
0 0.5625 0.48984375 0.0140625 0.046875
0 0.57109375 0.6109375 0.0234375 0.040625
0 0.63359375 0.3765625 0.0140625 0.046875
0 0.6484375 0.38359375 0.0140625 0.046875
0 0.64453125 0.5875 0.0171875 0.0484375
0 0.70703125 0.584375 0.021875 0.046875
0 0.70859375 0.71484375 0.021875 0.0609375
0 0.790625 0.665625 0.0171875 0.05
0 0.7984375 0.575 0.0203125 0.05
0 0.80078125 0.390625 0.015625 0.05
0 0.88828125 0.39453125 0.015625 0.05
0 0.9515625 0.3296875 0.0140625 0.0453125