0 0.44296875 0.8 0.025 0.0734375
0 0.4609375 0.578125 0.01875 0.0625
0 0.4578125 0.48125 0.021875 0.06875
0 0.46484375 0.38828125 0.01875 0.065625
0 0.4609375 0.26875 0.0171875 0.0546875
0 0.46015625 0.23359375 0.0171875 0.0546875
0 0.540625 0.15078125 0.0140625 0.0515625
0 0.57734375 0.65859375 0.028125 0.071875
0 0.66875 0.46484375 0.0171875 0.0671875
0 0.653125 0.128125 0.015625 0.0546875
0 0.66484375 0.13203125 0.0140625 0.05625
0 0.87265625 0.10234375 0.0171875 0.05625
0 0.73203125 0.3515625 0.0171875 0.05625
0 0.7546875 0.378125 0.021875 0.0640625
0 0.83359375 0.421875 0.025 0.0578125
0 0.86796875 0.45078125 0.0296875 0.0640625
0 0.80859375 0.55859375 0.0203125 0.06875
0 0.81796875 0.58125 0.025 0.0703125
0 0.96640625 0.55625 0.025 0.059375
0 0.978125 0.56796875 0.0296875 0.0640625
0 0.16953125 0.18828125 0.01875 0.0578125
0 0.121875 0.27890625 0.015625 0.0578125
0 0.1734375 0.5359375 0.01875 0.0640625