0 0.35078125 0.97421875 0.0296875 0.0515625
0 0.35390625 0.7671875 0.03125 0.078125
0 0.0953125 0.75078125 0.028125 0.075
0 0.0109375 0.5421875 0.021875 0.065625
0 0.0375 0.4953125 0.025 0.0609375
0 0.1171875 0.59375 0.025 0.0640625
0 0.1796875 0.6796875 0.0234375 0.0640625
0 0.1828125 0.5046875 0.0234375 0.0625
0 0.2328125 0.45 0.0171875 0.05
0 0.2125 0.3046875 0.021875 0.0546875
0 0.23828125 0.303125 0.021875 0.0515625
0 0.334375 0.28671875 0.0203125 0.0546875
0 0.28984375 0.5296875 0.021875 0.0640625
0 0.378125 0.4328125 0.01875 0.053125
0 0.425 0.3390625 0.021875 0.0609375
0 0.51015625 0.48203125 0.028125 0.0640625
0 0.49609375 0.55859375 0.025 0.0625
0 0.48125 0.63984375 0.025 0.0609375
0 0.70078125 0.2875 0.021875 0.053125
0 0.740625 0.32421875 0.01875 0.05625
0 0.9015625 0.57890625 0.0265625 0.0640625
0 0.42265625 0.08125 0.0171875 0.0484375