0 0.38671875 0.92109375 0.0234375 0.0734375
0 0.4 0.71953125 0.0234375 0.0703125
0 0.165625 0.6921875 0.021875 0.0671875
0 0.0234375 0.7265625 0.015625 0.0625
0 0.09921875 0.4984375 0.01875 0.059375
0 0.0546875 0.2953125 0.0125 0.0421875
0 0.125 0.45703125 0.0203125 0.0546875
0 0.19296875 0.55078125 0.0203125 0.0578125
0 0.2453125 0.63125 0.01875 0.059375
0 0.25703125 0.471875 0.01875 0.0578125
0 0.3046875 0.425 0.0125 0.0453125
0 0.29296875 0.2921875 0.0171875 0.05
0 0.31640625 0.29140625 0.0171875 0.046875
0 0.4046875 0.28203125 0.015625 0.0484375
0 0.35234375 0.5 0.0171875 0.0578125
0 0.4375 0.4171875 0.0140625 0.0484375
0 0.484375 0.334375 0.015625 0.0546875
0 0.55546875 0.4671875 0.0234375 0.0578125
0 0.5390625 0.53671875 0.0203125 0.05625
0 0.52109375 0.609375 0.01875 0.0546875
0 0.73828125 0.29921875 0.01875 0.046875
0 0.771875 0.33515625 0.0140625 0.05
0 0.90625 0.57421875 0.021875 0.0578125
0 0.4953125 0.09921875 0.0125 0.0421875