0 0.5578125 0.88125 0.021875 0.071875
0 0.4859375 0.67734375 0.0203125 0.059375
0 0.42109375 0.5296875 0.0171875 0.0515625
0 0.40390625 0.46484375 0.0140625 0.0484375
0 0.31328125 0.440625 0.0125 0.0515625
0 0.16015625 0.54140625 0.01875 0.0546875
0 0.16796875 0.39375 0.0171875 0.0421875
0 0.2296875 0.353125 0.015625 0.0421875
0 0.44609375 0.31171875 0.0125 0.0453125
0 0.49375 0.315625 0.0171875 0.0453125
0 0.50703125 0.3125 0.015625 0.04375
0 0.5078125 0.3875 0.015625 0.0421875
0 0.534375 0.4140625 0.015625 0.0484375
0 0.54296875 0.3875 0.01875 0.046875
0 0.59140625 0.565625 0.0171875 0.053125
0 0.63203125 0.3140625 0.0125 0.04375
0 0.6890625 0.4859375 0.015625 0.05
0 0.7390625 0.415625 0.015625 0.05
0 0.77578125 0.35859375 0.0171875 0.05
0 0.76640625 0.6421875 0.01875 0.0578125
0 0.86484375 0.575 0.021875 0.05625
0 0.93828125 0.4078125 0.0140625 0.053125
0 0.97890625 0.27890625 0.015625 0.0453125
0 0.51171875 0.15234375 0.0125 0.0375