0 0.74921875 0.309375 0.0140625 0.0453125
0 0.7421875 0.30234375 0.0125 0.0453125
0 0.85546875 0.31640625 0.0125 0.0515625
0 0.87578125 0.43984375 0.0171875 0.0578125
0 0.73046875 0.36015625 0.0171875 0.05625
0 0.67578125 0.45390625 0.01875 0.05625
0 0.6375 0.60546875 0.021875 0.0640625
0 0.6484375 0.3734375 0.01875 0.059375
0 0.63125 0.28359375 0.015625 0.04375
0 0.6234375 0.3015625 0.015625 0.04375
0 0.61953125 0.2578125 0.01875 0.0484375
0 0.57265625 0.3203125 0.015625 0.0546875
0 0.525 0.084375 0.0109375 0.04375
0 0.42109375 0.25390625 0.0140625 0.05
0 0.4171875 0.4015625 0.015625 0.0546875
0 0.48125 0.52421875 0.01875 0.0609375
0 0.33515625 0.34140625 0.0171875 0.059375
0 0.27734375 0.27265625 0.015625 0.0546875
0 0.31640625 0.57421875 0.01875 0.0640625
0 0.25234375 0.46484375 0.015625 0.05625
0 0.059375 0.29921875 0.01875 0.0546875
0 0.94765625 0.39140625 0.015625 0.0609375
0 0.478125 0.859375 0.025 0.0796875