0 0.27265625 0.2515625 0.0140625 0.0484375
0 0.28125 0.24609375 0.0125 0.0484375
0 0.1578125 0.24609375 0.0125 0.0546875
0 0.1203125 0.37578125 0.01875 0.0609375
0 0.2859375 0.309375 0.01875 0.0609375
0 0.3328125 0.41640625 0.01875 0.059375
0 0.35390625 0.584375 0.021875 0.06875
0 0.37265625 0.334375 0.01875 0.0625
0 0.40234375 0.23984375 0.0171875 0.046875
0 0.40859375 0.2609375 0.0171875 0.046875
0 0.41796875 0.2140625 0.01875 0.0515625
0 0.46015625 0.2875 0.0171875 0.059375
0 0.54296875 0.040625 0.0125 0.046875
0 0.63125 0.2359375 0.0140625 0.0546875
0 0.61640625 0.39609375 0.015625 0.059375
0 0.53203125 0.51796875 0.01875 0.0640625
0 0.7125 0.34140625 0.0171875 0.0625
0 0.78359375 0.27578125 0.0171875 0.0578125
0 0.7015625 0.59375 0.01875 0.06875
0 0.784375 0.484375 0.015625 0.0609375
0 0.05 0.3140625 0.015625 0.065625
0 0.49140625 0.87890625 0.0265625 0.0859375