0 0.05859375 0.46875 0.025 0.0625
0 0.55546875 0.85 0.0296875 0.0796875
0 0.2984375 0.653125 0.0265625 0.06875
0 0.31015625 0.50390625 0.0234375 0.0640625
0 0.21015625 0.43515625 0.021875 0.05625
0 0.34375 0.3859375 0.0171875 0.0515625
0 0.365625 0.43515625 0.021875 0.059375
0 0.3515625 0.30234375 0.0203125 0.0484375
0 0.38046875 0.35078125 0.021875 0.0546875
0 0.40625 0.2828125 0.0203125 0.040625
0 0.515625 0.53515625 0.021875 0.0625
0 0.51171875 0.421875 0.01875 0.053125
0 0.55078125 0.28046875 0.01875 0.0546875
0 0.63515625 0.36015625 0.021875 0.0546875
0 0.64296875 0.428125 0.0234375 0.053125
0 0.671875 0.57578125 0.025 0.0671875
0 0.709375 0.27421875 0.0203125 0.059375
0 0.9203125 0.27421875 0.0234375 0.0546875
0 0.46484375 0.134375 0.0171875 0.0421875
0 0.10390625 0.39140625 0.0203125 0.05625
0 0.11484375 0.54921875 0.025 0.059375
0 0.13125 0.390625 0.0234375 0.05625
0 0.1421875 0.3640625 0.021875 0.0546875