0 0.95625 0.4421875 0.0234375 0.065625
0 0.44921875 0.86171875 0.028125 0.084375
0 0.71171875 0.64453125 0.025 0.071875
0 0.69453125 0.48828125 0.021875 0.06875
0 0.7953125 0.4125 0.0203125 0.059375
0 0.6546875 0.365625 0.0171875 0.0546875
0 0.63359375 0.41796875 0.0203125 0.0609375
0 0.64375 0.278125 0.0203125 0.05
0 0.61484375 0.3296875 0.0203125 0.05625
0 0.58515625 0.2609375 0.0203125 0.040625
0 0.4796875 0.5296875 0.01875 0.065625
0 0.48046875 0.41015625 0.0171875 0.05625
0 0.43359375 0.2625 0.0171875 0.0578125
0 0.34765625 0.35 0.021875 0.0578125
0 0.34296875 0.421875 0.0234375 0.05625
0 0.3171875 0.5765625 0.0234375 0.0703125
0 0.2671875 0.26171875 0.01875 0.0609375
0 0.04609375 0.2703125 0.021875 0.0578125
0 0.5171875 0.10703125 0.0171875 0.0453125
0 0.90625 0.3625 0.01875 0.059375
0 0.9 0.5296875 0.0234375 0.0609375
0 0.87734375 0.3640625 0.021875 0.059375
0 0.86484375 0.3359375 0.0203125 0.0578125