0 0.4703125 0.77265625 0.01875 0.0703125
0 0.2421875 0.58046875 0.0171875 0.0625
0 0.246875 0.44296875 0.0203125 0.0546875
0 0.32734375 0.3953125 0.0171875 0.05625
0 0.296875 0.34296875 0.0140625 0.0484375
0 0.30703125 0.2921875 0.0109375 0.0515625
0 0.35234375 0.30546875 0.0140625 0.05
0 0.2265625 0.284375 0.01875 0.040625
0 0.44921875 0.121875 0.0125 0.0421875
0 0.50859375 0.29453125 0.009375 0.0421875
0 0.503125 0.32265625 0.015625 0.053125
0 0.5234375 0.3859375 0.028125 0.0546875
0 0.53203125 0.3734375 0.0140625 0.053125
0 0.50390625 0.484375 0.0140625 0.05625
0 0.60078125 0.5421875 0.0171875 0.0640625
0 0.67734375 0.27109375 0.0109375 0.0578125
0 0.89921875 0.2703125 0.0125 0.05
0 0.0421875 0.40078125 0.0171875 0.053125
0 0.07109375 0.3796875 0.0171875 0.0578125
0 0.13046875 0.4 0.0203125 0.05
0 0.16875 0.3390625 0.01875 0.05625
0 0.171875 0.31171875 0.0125 0.0484375
0 0.1234375 0.46640625 0.01875 0.059375