0 0.08203125 0.5546875 0.01875 0.0578125
0 0.08671875 0.509375 0.0203125 0.05
0 0.0296875 0.47734375 0.015625 0.059375
0 0.040625 0.46796875 0.0140625 0.05625
0 0.16328125 0.34453125 0.0171875 0.046875
0 0.2046875 0.371875 0.015625 0.053125
0 0.23203125 0.38359375 0.01875 0.059375
0 0.1953125 0.45625 0.01875 0.053125
0 0.215625 0.43984375 0.0234375 0.0421875
0 0.246875 0.50625 0.0234375 0.0546875
0 0.28515625 0.36484375 0.0171875 0.053125
0 0.275 0.62578125 0.01875 0.0671875
0 0.36953125 0.35703125 0.015625 0.0484375
0 0.49140625 0.1421875 0.0125 0.0453125
0 0.503125 0.31328125 0.0140625 0.0515625
0 0.5328125 0.3421875 0.0140625 0.0421875
0 0.5421875 0.42109375 0.0171875 0.0578125
0 0.565625 0.39765625 0.015625 0.053125
0 0.56796875 0.50625 0.015625 0.059375
0 0.653125 0.57421875 0.0171875 0.0609375
0 0.7265625 0.31171875 0.0171875 0.053125
0 0.95 0.3046875 0.0171875 0.0578125
0 0.51953125 0.81796875 0.021875 0.071875