0 0.075 0.4796875 0.021875 0.05625
0 0.08515625 0.4375 0.021875 0.046875
0 0.03515625 0.3984375 0.01875 0.0578125
0 0.04765625 0.39140625 0.0171875 0.0546875
0 0.1828125 0.2921875 0.01875 0.046875
0 0.21875 0.32421875 0.0171875 0.053125
0 0.24296875 0.3390625 0.021875 0.0578125
0 0.196875 0.40390625 0.0203125 0.05
0 0.21953125 0.39140625 0.025 0.0421875
0 0.23828125 0.459375 0.025 0.0546875
0 0.29609375 0.33046875 0.01875 0.053125
0 0.246875 0.57734375 0.021875 0.065625
0 0.37734375 0.33515625 0.0171875 0.046875
0 0.52578125 0.14921875 0.0140625 0.04375
0 0.5109375 0.3140625 0.015625 0.05
0 0.5359375 0.3453125 0.015625 0.0421875
0 0.5328125 0.421875 0.0203125 0.05625
0 0.5578125 0.403125 0.0171875 0.0515625
0 0.54296875 0.5078125 0.0171875 0.0578125
0 0.61484375 0.584375 0.0203125 0.059375
0 0.72421875 0.34609375 0.01875 0.0515625
0 0.9375 0.37265625 0.01875 0.05625
0 0.4515625 0.796875 0.025 0.0703125