0 0.48671875 0.7390625 0.0234375 0.0734375
0 0.17109375 0.678125 0.0234375 0.075
0 0.040625 0.49140625 0.0171875 0.0625
0 0.13828125 0.2890625 0.015625 0.0546875
0 0.1578125 0.190625 0.0171875 0.05
0 0.20078125 0.21640625 0.0171875 0.0546875
0 0.24765625 0.40625 0.0234375 0.0625
0 0.321875 0.190625 0.0140625 0.05
0 0.3828125 0.203125 0.0171875 0.05
0 0.315625 0.5390625 0.01875 0.0640625
0 0.46640625 0.284375 0.0171875 0.05
0 0.45234375 0.3765625 0.01875 0.0515625
0 0.453125 0.4640625 0.015625 0.05625
0 0.50390625 0.19375 0.0140625 0.04375
0 0.53203125 0.196875 0.0171875 0.05
0 0.61796875 0.2109375 0.0140625 0.0453125
0 0.60546875 0.340625 0.01875 0.0515625
0 0.61796875 0.3171875 0.0140625 0.053125
0 0.7234375 0.4671875 0.015625 0.053125
0 0.840625 0.2578125 0.01875 0.0515625
0 0.8640625 0.6265625 0.021875 0.065625
0 0.58515625 0.0125 0.0140625 0.0171875