0 0.57421875 0.74609375 0.025 0.0703125
0 0.8671875 0.6734375 0.025 0.071875
0 0.97890625 0.4921875 0.0203125 0.059375
0 0.87890625 0.30859375 0.0171875 0.0515625
0 0.85546875 0.21796875 0.01875 0.046875
0 0.815625 0.24375 0.01875 0.05
0 0.78203125 0.4234375 0.025 0.059375
0 0.7015625 0.22578125 0.015625 0.0484375
0 0.6453125 0.23984375 0.01875 0.046875
0 0.72421875 0.55078125 0.0203125 0.0609375
0 0.57109375 0.3203125 0.01875 0.046875
0 0.58828125 0.40546875 0.0203125 0.0484375
0 0.5921875 0.4875 0.0171875 0.053125
0 0.53046875 0.23828125 0.015625 0.0421875
0 0.50546875 0.2421875 0.01875 0.046875
0 0.42578125 0.25859375 0.015625 0.04375
0 0.44375 0.3796875 0.0203125 0.0484375
0 0.43046875 0.3578125 0.015625 0.05
0 0.3390625 0.503125 0.0171875 0.05
0 0.21875 0.31328125 0.0203125 0.0484375
0 0.04765625 0.3125 0.021875 0.0484375
0 0.01484375 0.29453125 0.0171875 0.046875
0 0.215625 0.659375 0.0234375 0.0609375
0 0.44453125 0.05859375 0.0171875 0.04375