0 0.4421875 0.7515625 0.0296875 0.078125
0 0.7328125 0.753125 0.0265625 0.0703125
0 0.63046875 0.60546875 0.028125 0.0625
0 0.73984375 0.47109375 0.021875 0.059375
0 0.66015625 0.34140625 0.0203125 0.05
0 0.6578125 0.31953125 0.0171875 0.053125
0 0.46953125 0.575 0.034375 0.0640625
0 0.4734375 0.5484375 0.0171875 0.0390625
0 0.38671875 0.434375 0.028125 0.0484375
0 0.38125 0.38984375 0.0203125 0.0515625
0 0.24375 0.525 0.0203125 0.0609375
0 0.12890625 0.64609375 0.028125 0.06875
0 0.04140625 0.23203125 0.01875 0.05
0 0.053125 0.16171875 0.01875 0.0484375
0 0.18984375 0.21953125 0.021875 0.040625
0 0.44921875 0.24609375 0.021875 0.0453125
0 0.528125 0.259375 0.01875 0.0484375
0 0.52578125 0.2484375 0.0125 0.04375
0 0.54765625 0.353125 0.021875 0.0515625
0 0.53515625 0.053125 0.0171875 0.040625
0 0.9171875 0.58984375 0.025 0.0609375
0 0.84765625 0.4140625 0.0234375 0.053125
0 0.846875 0.3125 0.0203125 0.0453125
0 0.81171875 0.31484375 0.0234375 0.05