0 0.5 0.71796875 0.0203125 0.071875
0 0.2328125 0.6625 0.01875 0.0640625
0 0.35625 0.546875 0.0203125 0.0578125
0 0.28203125 0.4015625 0.0140625 0.05625
0 0.3796875 0.2984375 0.015625 0.046875
0 0.3875 0.27890625 0.0109375 0.05
0 0.509375 0.55078125 0.0265625 0.0578125
0 0.5109375 0.52578125 0.0125 0.0359375
0 0.6125 0.4375 0.021875 0.04375
0 0.6265625 0.396875 0.0140625 0.046875
0 0.72734375 0.5484375 0.0140625 0.05625
0 0.809375 0.68203125 0.01875 0.0640625
0 0.971875 0.31875 0.0171875 0.046875
0 0.97421875 0.25234375 0.0140625 0.0453125
0 0.83671875 0.278125 0.0171875 0.0359375
0 0.59296875 0.25234375 0.015625 0.040625
0 0.51796875 0.2484375 0.0125 0.0453125
0 0.52109375 0.23984375 0.00625 0.040625
0 0.48125 0.33046875 0.0171875 0.046875
0 0.55234375 0.0578125 0.0125 0.0375
0 0.09609375 0.4765625 0.0171875 0.05625
0 0.19375 0.32890625 0.01875 0.0484375
0 0.21328125 0.23515625 0.015625 0.0421875
0 0.24609375 0.24453125 0.015625 0.0453125