0 0.56328125 0.7828125 0.0296875 0.0703125
0 0.5140625 0.5984375 0.025 0.06875
0 0.453125 0.5734375 0.025 0.0625
0 0.4484375 0.41328125 0.0203125 0.0578125
0 0.42734375 0.33125 0.01875 0.0484375
0 0.409375 0.14296875 0.015625 0.0375
0 0.45625 0.2640625 0.015625 0.0515625
0 0.4984375 0.26640625 0.01875 0.0515625
0 0.5546875 0.24140625 0.01875 0.0484375
0 0.54765625 0.3703125 0.0265625 0.0546875
0 0.56015625 0.4609375 0.0203125 0.0609375
0 0.6453125 0.34140625 0.01875 0.05
0 0.6640625 0.3328125 0.01875 0.0546875
0 0.70546875 0.2375 0.0171875 0.053125
0 0.8296875 0.20625 0.0171875 0.0453125
0 0.85390625 0.2890625 0.015625 0.0546875
0 0.90546875 0.3015625 0.0140625 0.04375
0 0.7640625 0.425 0.0203125 0.05625
0 0.78125 0.421875 0.01875 0.0546875
0 0.778125 0.52578125 0.0203125 0.0578125
0 0.8421875 0.54921875 0.0234375 0.0671875
0 0.1890625 0.5765625 0.0234375 0.0578125
0 0.21875 0.4234375 0.0203125 0.0546875
0 0.21640625 0.35546875 0.0171875 0.053125