0 0.53984375 0.75234375 0.0296875 0.06875
0 0.4890625 0.5734375 0.025 0.0671875
0 0.4296875 0.55 0.025 0.0609375
0 0.421875 0.39609375 0.0203125 0.05625
0 0.4 0.31640625 0.01875 0.046875
0 0.3796875 0.13359375 0.0171875 0.0359375
0 0.4265625 0.25078125 0.0171875 0.05
0 0.46796875 0.25234375 0.01875 0.05
0 0.521875 0.2265625 0.01875 0.046875
0 0.5171875 0.35234375 0.0265625 0.053125
0 0.53125 0.440625 0.0203125 0.059375
0 0.6125 0.3234375 0.01875 0.0484375
0 0.6296875 0.3140625 0.01875 0.053125
0 0.66796875 0.2203125 0.0171875 0.0515625
0 0.7875 0.18828125 0.0171875 0.04375
0 0.81328125 0.26875 0.0171875 0.053125
0 0.86328125 0.2796875 0.015625 0.04375
0 0.728125 0.4015625 0.0203125 0.0546875
0 0.74453125 0.3984375 0.01875 0.053125
0 0.74375 0.49921875 0.0203125 0.05625
0 0.80625 0.5203125 0.0234375 0.065625
0 0.1734375 0.55859375 0.0234375 0.05625
0 0.2 0.409375 0.0203125 0.053125
0 0.19609375 0.34375 0.01875 0.0515625