0 0.54453125 0.825 0.0296875 0.0671875
0 0.8390625 0.4734375 0.028125 0.065625
0 0.8328125 0.2921875 0.0203125 0.0546875
0 0.79375 0.225 0.0234375 0.0546875
0 0.62734375 0.075 0.0171875 0.0375
0 0.5671875 0.24375 0.0171875 0.05625
0 0.54375 0.29921875 0.01875 0.0515625
0 0.5109375 0.3046875 0.0171875 0.0578125
0 0.4578125 0.20234375 0.0125 0.05
0 0.4484375 0.20859375 0.0203125 0.0515625
0 0.478125 0.39609375 0.0265625 0.0578125
0 0.5765625 0.47578125 0.021875 0.059375
0 0.50546875 0.5515625 0.01875 0.0671875
0 0.37109375 0.45234375 0.0234375 0.06875
0 0.37890625 0.29296875 0.0140625 0.0484375
0 0.3796875 0.259375 0.01875 0.0546875
0 0.35234375 0.225 0.0171875 0.05625
0 0.18515625 0.2109375 0.01875 0.05
0 0.21640625 0.32265625 0.01875 0.0578125
0 0.25078125 0.39375 0.021875 0.059375
0 0.22578125 0.39921875 0.01875 0.0578125
0 0.11796875 0.39140625 0.0203125 0.06875
0 0.11875 0.5671875 0.0265625 0.0734375
0 0.24140625 0.51875 0.0234375 0.0625