0 0.546875 0.875 0.034375 0.075
0 0.140625 0.578125 0.0328125 0.0734375
0 0.09921875 0.3828125 0.0234375 0.0609375
0 0.12265625 0.30078125 0.028125 0.0609375
0 0.259375 0.09609375 0.0203125 0.0421875
0 0.36875 0.26015625 0.0203125 0.0609375
0 0.4078125 0.3125 0.021875 0.05625
0 0.4453125 0.31015625 0.0203125 0.0625
0 0.47421875 0.18671875 0.0140625 0.0546875
0 0.4859375 0.190625 0.0234375 0.0578125
0 0.50390625 0.39921875 0.03125 0.0640625
0 0.4203125 0.509375 0.0265625 0.065625
0 0.51640625 0.571875 0.0234375 0.075
0 0.6328125 0.43046875 0.028125 0.0765625
0 0.58203125 0.26171875 0.0171875 0.0546875
0 0.57265625 0.22734375 0.021875 0.059375
0 0.5921875 0.1828125 0.0203125 0.0609375
0 0.76640625 0.1234375 0.021875 0.0546875
0 0.76328125 0.25 0.021875 0.0625
0 0.74609375 0.33515625 0.0265625 0.065625
0 0.7734375 0.33515625 0.021875 0.0640625
0 0.88671875 0.2984375 0.025 0.0765625
0 0.93203125 0.48671875 0.03125 0.0796875
0 0.78984375 0.4671875 0.0265625 0.06875