0 0.49609375 0.23671875 0.015625 0.053125
0 0.44375 0.33984375 0.0203125 0.0578125
0 0.40390625 0.30546875 0.0234375 0.05
0 0.3421875 0.2265625 0.01875 0.0546875
0 0.35625 0.3171875 0.0234375 0.05
0 0.33671875 0.2859375 0.021875 0.0578125
0 0.459375 0.56171875 0.0234375 0.0671875
0 0.4625 0.52890625 0.01875 0.059375
0 0.3328125 0.4609375 0.0296875 0.065625
0 0.29140625 0.37265625 0.021875 0.0546875
0 0.2515625 0.3328125 0.01875 0.0625
0 0.2765625 0.26796875 0.015625 0.059375
0 0.2703125 0.2515625 0.015625 0.05625
0 0.240625 0.359375 0.0171875 0.0625
0 0.25078125 0.43671875 0.0234375 0.0609375
0 0.23125 0.5609375 0.0234375 0.0734375
0 0.19765625 0.58515625 0.0203125 0.0703125
0 0.17890625 0.403125 0.021875 0.0609375
0 0.13828125 0.2390625 0.0234375 0.05625
0 0.62421875 0.11015625 0.0171875 0.0546875
0 0.778125 0.24921875 0.0234375 0.0609375
0 0.803125 0.31796875 0.0203125 0.0640625
0 0.6484375 0.50078125 0.0234375 0.065625
0 0.6296875 0.96484375 0.0296875 0.053125