0 0.46953125 0.83203125 0.03125 0.090625
0 0.44765625 0.471875 0.025 0.0640625
0 0.4859375 0.465625 0.0203125 0.071875
0 0.54765625 0.346875 0.01875 0.0640625
0 0.2875 0.41171875 0.0203125 0.0640625
0 0.228125 0.146875 0.0171875 0.046875
0 0.28046875 0.16875 0.0171875 0.05625
0 0.2921875 0.225 0.01875 0.065625
0 0.35234375 0.296875 0.01875 0.053125
0 0.3859375 0.2875 0.0203125 0.0625
0 0.41796875 0.23828125 0.01875 0.046875
0 0.4953125 0.0609375 0.015625 0.0484375
0 0.6640625 0.11640625 0.0125 0.053125
0 0.640625 0.1765625 0.0171875 0.053125
0 0.65234375 0.2734375 0.0203125 0.0609375
0 0.63828125 0.378125 0.021875 0.0609375
0 0.69921875 0.47109375 0.021875 0.071875
0 0.78125 0.3953125 0.021875 0.059375
0 0.9015625 0.21171875 0.0203125 0.0609375
0 0.88046875 0.44296875 0.021875 0.0640625
0 0.87734375 0.48984375 0.0203125 0.0640625
0 0.83359375 0.29921875 0.0203125 0.0578125
0 0.84453125 0.30078125 0.015625 0.0625