0 0.56328125 0.81796875 0.025 0.0671875
0 0.51953125 0.1546875 0.0140625 0.0421875
0 0.5109375 0.29296875 0.0171875 0.0484375
0 0.54140625 0.275 0.0203125 0.05
0 0.5828125 0.31640625 0.015625 0.04375
0 0.65078125 0.1828125 0.015625 0.0453125
0 0.6015625 0.396875 0.01875 0.0515625
0 0.67734375 0.375 0.0171875 0.046875
0 0.68515625 0.38984375 0.0203125 0.0515625
0 0.84375 0.18359375 0.0140625 0.0421875
0 0.89453125 0.13828125 0.0140625 0.04375
0 0.90625 0.3234375 0.0234375 0.0546875
0 0.890625 0.35859375 0.0171875 0.05
0 0.8125 0.28125 0.01875 0.0515625
0 0.73359375 0.44921875 0.0171875 0.0546875
0 0.72421875 0.4515625 0.0203125 0.059375
0 0.5078125 0.48984375 0.01875 0.059375
0 0.4265625 0.38984375 0.0171875 0.0515625
0 0.38828125 0.50859375 0.01875 0.0515625
0 0.37265625 0.5015625 0.021875 0.053125
0 0.3484375 0.3625 0.01875 0.04375
0 0.2578125 0.278125 0.0140625 0.0484375
0 0.2265625 0.41484375 0.01875 0.0484375
0 0.06015625 0.47890625 0.01875 0.053125