0 0.43984375 0.83046875 0.021875 0.0671875
0 0.44921875 0.15703125 0.0109375 0.0421875
0 0.465625 0.29609375 0.015625 0.0484375
0 0.4328125 0.2796875 0.0171875 0.05
0 0.39375 0.32421875 0.0125 0.04375
0 0.31796875 0.19296875 0.0140625 0.0453125
0 0.37890625 0.40625 0.0171875 0.0515625
0 0.3015625 0.38828125 0.015625 0.0453125
0 0.29453125 0.40390625 0.01875 0.053125
0 0.1234375 0.20390625 0.0125 0.0421875
0 0.06953125 0.1609375 0.0125 0.04375
0 0.0671875 0.3484375 0.0203125 0.0546875
0 0.08515625 0.3828125 0.015625 0.05
0 0.1609375 0.30078125 0.0171875 0.0515625
0 0.2484375 0.465625 0.0140625 0.0546875
0 0.25859375 0.4671875 0.0171875 0.0609375
0 0.478125 0.49453125 0.015625 0.059375
0 0.55546875 0.390625 0.0140625 0.0515625
0 0.60078125 0.50859375 0.0171875 0.053125
0 0.615625 0.5 0.01875 0.0546875
0 0.6328125 0.3578125 0.0171875 0.0453125
0 0.71953125 0.26796875 0.0125 0.0484375
0 0.759375 0.40390625 0.0171875 0.0484375
0 0.93125 0.46015625 0.0171875 0.053125