0 0.47578125 0.8234375 0.0140625 0.0625
0 0.4625 0.20625 0.009375 0.040625
0 0.42734375 0.27890625 0.009375 0.040625
0 0.37421875 0.30625 0.0125 0.0453125
0 0.38203125 0.33203125 0.0125 0.0375
0 0.2390625 0.3203125 0.009375 0.04375
0 0.071875 0.28203125 0.009375 0.040625
0 0.0765625 0.45546875 0.0125 0.05
0 0.1296875 0.47890625 0.0109375 0.053125
0 0.23203125 0.37578125 0.0125 0.05
0 0.32265625 0.5296875 0.0125 0.053125
0 0.3359375 0.521875 0.0109375 0.0515625
0 0.3640625 0.45 0.0125 0.046875
0 0.40078125 0.44375 0.0109375 0.04375
0 0.39921875 0.4796875 0.0125 0.05
0 0.53203125 0.528125 0.0109375 0.053125
0 0.553125 0.4234375 0.009375 0.05
0 0.5703125 0.353125 0.0125 0.046875
0 0.58125 0.5390625 0.0171875 0.053125
0 0.61640625 0.5203125 0.009375 0.05
0 0.64296875 0.3828125 0.009375 0.04375
0 0.69375 0.30234375 0.009375 0.046875
0 0.77578125 0.4953125 0.0125 0.05
0 0.928125 0.50078125 0.0125 0.0515625