0 0.57421875 0.86171875 0.025 0.0828125
0 0.5578125 0.15703125 0.0140625 0.046875
0 0.55625 0.24453125 0.0140625 0.0453125
0 0.76875 0.28515625 0.01875 0.05
0 0.66484375 0.3140625 0.0171875 0.0515625
0 0.65546875 0.33515625 0.015625 0.0484375
0 0.6421875 0.384375 0.015625 0.05
0 0.684375 0.40390625 0.0171875 0.05
0 0.8 0.33359375 0.021875 0.0515625
0 0.66328125 0.47578125 0.015625 0.0578125
0 0.67265625 0.52265625 0.01875 0.0578125
0 0.69375 0.53046875 0.0234375 0.0625
0 0.9640625 0.20234375 0.0125 0.0453125
0 0.97734375 0.3625 0.01875 0.05625
0 0.96796875 0.4125 0.0203125 0.05625
0 0.52890625 0.5421875 0.0203125 0.0625
0 0.475 0.42265625 0.0203125 0.0578125
0 0.43125 0.3484375 0.0171875 0.0546875
0 0.41953125 0.53984375 0.0203125 0.0578125
0 0.3734375 0.4015625 0.015625 0.05
0 0.38046875 0.5515625 0.021875 0.0578125
0 0.24765625 0.30859375 0.015625 0.0515625
0 0.2203125 0.55078125 0.0203125 0.0578125
0 0.03515625 0.5484375 0.0203125 0.0609375