0 0.51953125 0.8109375 0.021875 0.08125
0 0.52734375 0.11328125 0.0125 0.046875
0 0.52265625 0.20078125 0.0125 0.04375
0 0.73359375 0.24765625 0.0171875 0.0484375
0 0.628125 0.27265625 0.015625 0.05
0 0.61796875 0.29296875 0.0140625 0.046875
0 0.60390625 0.34140625 0.0140625 0.05
0 0.64453125 0.3625 0.015625 0.05
0 0.76171875 0.29609375 0.0203125 0.05
0 0.62109375 0.4328125 0.0140625 0.05625
0 0.6296875 0.4796875 0.0171875 0.05625
0 0.65 0.4875 0.021875 0.0625
0 0.92890625 0.17265625 0.0109375 0.0453125
0 0.93671875 0.33125 0.0171875 0.0546875
0 0.925 0.38046875 0.0171875 0.0546875
0 0.4859375 0.49375 0.01875 0.0609375
0 0.4359375 0.37421875 0.0171875 0.05625
0 0.39453125 0.2984375 0.015625 0.053125
0 0.37734375 0.48828125 0.0171875 0.05625
0 0.33671875 0.34921875 0.0140625 0.05
0 0.33828125 0.4984375 0.0203125 0.0578125
0 0.21484375 0.253125 0.0125 0.0515625
0 0.1796875 0.4921875 0.0171875 0.05625
0 0.00234375 0.4828125 0.0046875 0.059375