0 0.53125 0.884375 0.0171875 0.0671875
0 0.5734375 0.1953125 0.0109375 0.04375
0 0.5234375 0.3328125 0.0140625 0.0484375
0 0.63828125 0.39609375 0.0171875 0.0453125
0 0.63671875 0.46328125 0.015625 0.05
0 0.68359375 0.45234375 0.0140625 0.05
0 0.51875 0.55390625 0.0109375 0.0578125
0 0.6390625 0.5671875 0.0140625 0.05625
0 0.646875 0.5609375 0.009375 0.046875
0 0.6546875 0.51875 0.0125 0.0578125
0 0.69609375 0.37734375 0.0140625 0.0546875
0 0.8015625 0.3359375 0.0140625 0.046875
0 0.79375 0.41640625 0.0140625 0.05
0 0.928125 0.496875 0.0125 0.0515625
0 0.95234375 0.440625 0.015625 0.046875
0 0.425 0.4453125 0.0171875 0.0515625
0 0.4078125 0.38359375 0.0203125 0.0515625
0 0.29921875 0.409375 0.0171875 0.0375
0 0.25390625 0.3171875 0.009375 0.05
0 0.20390625 0.5203125 0.015625 0.0515625
0 0.35625 0.54765625 0.015625 0.05
0 0.3671875 0.54765625 0.0140625 0.05625
0 0.04296875 0.5015625 0.0140625 0.0484375