0 0.51328125 0.85234375 0.015625 0.0625
0 0.54140625 0.203125 0.009375 0.040625
0 0.496875 0.334375 0.0125 0.0453125
0 0.60625 0.39140625 0.0140625 0.0421875
0 0.60546875 0.4546875 0.0125 0.046875
0 0.65 0.44375 0.0125 0.046875
0 0.4953125 0.5421875 0.009375 0.053125
0 0.609375 0.55234375 0.0125 0.053125
0 0.61640625 0.546875 0.0078125 0.04375
0 0.6234375 0.50703125 0.0109375 0.053125
0 0.659375 0.3734375 0.0125 0.05
0 0.75859375 0.33203125 0.0125 0.04375
0 0.75234375 0.4078125 0.0125 0.046875
0 0.88125 0.48125 0.0109375 0.05
0 0.903125 0.428125 0.0125 0.04375
0 0.9546875 0.29765625 0.009375 0.0390625
0 0.40625 0.44140625 0.015625 0.046875
0 0.38828125 0.38359375 0.01875 0.05
0 0.2859375 0.41015625 0.015625 0.034375
0 0.2421875 0.32421875 0.009375 0.046875
0 0.1984375 0.515625 0.0125 0.046875
0 0.34296875 0.5390625 0.0140625 0.046875
0 0.353125 0.5390625 0.0125 0.053125
0 0.04609375 0.50078125 0.0125 0.046875