0 0.24296875 0.075 0.015625 0.0421875
0 0.70859375 0.6484375 0.021875 0.0671875
0 0.59296875 0.62578125 0.0140625 0.05625
0 0.59140625 0.58515625 0.0171875 0.0625
0 0.49609375 0.65546875 0.0171875 0.0625
0 0.43203125 0.4546875 0.0140625 0.0515625
0 0.68125 0.1859375 0.0109375 0.046875
0 0.28359375 0.3515625 0.0125 0.053125
0 0.29375 0.79609375 0.01875 0.071875
0 0.24609375 0.7890625 0.01875 0.0640625
0 0.19921875 0.7703125 0.0140625 0.06875
0 0.23046875 0.84921875 0.0234375 0.078125
0 0.2609375 0.71640625 0.0171875 0.065625
0 0.0734375 0.51171875 0.0171875 0.0578125
0 0.14921875 0.64296875 0.0125 0.0625
0 0.21640625 0.59765625 0.0171875 0.0609375
0 0.17265625 0.58984375 0.0125 0.0328125
0 0.17265625 0.63046875 0.0171875 0.059375
0 0.18515625 0.61171875 0.015625 0.034375
0 0.18671875 0.65078125 0.015625 0.0640625
0 0.2 0.6515625 0.0171875 0.0640625
0 0.9515625 0.7625 0.0171875 0.0453125