0 0.68046875 0.04609375 0.01875 0.0421875
0 0.271875 0.65 0.0265625 0.0671875
0 0.38359375 0.6171875 0.01875 0.05625
0 0.38203125 0.57734375 0.021875 0.0625
0 0.48203125 0.63828125 0.0234375 0.0625
0 0.52734375 0.4359375 0.0171875 0.0515625
0 0.25859375 0.1921875 0.0140625 0.046875
0 0.6640625 0.32109375 0.015625 0.053125
0 0.6921875 0.76015625 0.025 0.071875
0 0.73828125 0.7484375 0.025 0.065625
0 0.78359375 0.7265625 0.01875 0.06875
0 0.76015625 0.80625 0.0296875 0.078125
0 0.7171875 0.678125 0.021875 0.065625
0 0.88515625 0.4609375 0.021875 0.0578125
0 0.821875 0.596875 0.0171875 0.0625
0 0.7515625 0.5578125 0.021875 0.0609375
0 0.79375 0.54609375 0.015625 0.0328125
0 0.7984375 0.5859375 0.021875 0.059375
0 0.78359375 0.56953125 0.01875 0.034375
0 0.7859375 0.60703125 0.021875 0.0640625
0 0.7734375 0.609375 0.021875 0.065625
0 0.0421875 0.7828125 0.0203125 0.0453125