0 0.46953125 0.80234375 0.021875 0.0765625
0 0.43125 0.0890625 0.0140625 0.04375
0 0.7046875 0.2484375 0.0171875 0.0546875
0 0.55859375 0.2828125 0.01875 0.05625
0 0.52421875 0.30546875 0.021875 0.05
0 0.5 0.375 0.021875 0.0515625
0 0.54296875 0.40546875 0.025 0.0546875
0 0.5515625 0.45546875 0.0171875 0.0578125
0 0.6390625 0.5046875 0.025 0.0671875
0 0.6671875 0.34609375 0.021875 0.0546875
0 0.6625 0.45234375 0.0265625 0.05625
0 0.825 0.4296875 0.021875 0.0609375
0 0.86171875 0.35390625 0.0171875 0.0609375
0 0.89296875 0.190625 0.0171875 0.05
0 0.38515625 0.27265625 0.015625 0.05
0 0.47890625 0.48359375 0.01875 0.0640625
0 0.40625 0.4140625 0.0203125 0.059375
0 0.26875 0.540625 0.028125 0.0640625
0 0.25625 0.27734375 0.0140625 0.0515625
0 0.25546875 0.36015625 0.01875 0.05625
0 0.20546875 0.4203125 0.021875 0.05
0 0.19140625 0.54453125 0.021875 0.05625
0 0.12109375 0.534375 0.0203125 0.059375