0 0.421875 0.8 0.028125 0.078125
0 0.57421875 0.07890625 0.01875 0.046875
0 0.8046875 0.31171875 0.021875 0.05625
0 0.64921875 0.30625 0.0234375 0.059375
0 0.61015625 0.32109375 0.0265625 0.053125
0 0.5671875 0.38359375 0.0265625 0.0546875
0 0.6015625 0.42421875 0.0296875 0.05625
0 0.596875 0.47734375 0.021875 0.059375
0 0.67109375 0.54921875 0.03125 0.071875
0 0.740625 0.3984375 0.028125 0.0578125
0 0.70859375 0.50234375 0.03125 0.0578125
0 0.875 0.52421875 0.028125 0.0625
0 0.9328125 0.4578125 0.021875 0.0625
0 0.99765625 0.30390625 0.0046875 0.0515625
0 0.48046875 0.25078125 0.0203125 0.0515625
0 0.51640625 0.4859375 0.025 0.065625
0 0.4625 0.396875 0.0265625 0.0625
0 0.29296875 0.48671875 0.034375 0.065625
0 0.35078125 0.2203125 0.0203125 0.053125
0 0.328125 0.303125 0.0234375 0.0578125
0 0.26171875 0.35 0.0265625 0.053125
0 0.215625 0.46953125 0.028125 0.059375
0 0.14765625 0.44140625 0.025 0.0625
0 0.0171875 0.40625 0.0265625 0.0609375