0 0.58984375 0.74375 0.0234375 0.071875
0 0.65859375 0.44765625 0.021875 0.0609375
0 0.66953125 0.29609375 0.0171875 0.0578125
0 0.65625 0.2203125 0.015625 0.05625
0 0.49609375 0.209375 0.0171875 0.0515625
0 0.471875 0.04296875 0.0140625 0.0453125
0 0.521875 0.36328125 0.021875 0.0578125
0 0.45546875 0.45390625 0.021875 0.0625
0 0.3890625 0.42421875 0.021875 0.05625
0 0.38125 0.31875 0.0140625 0.0515625
0 0.378125 0.2796875 0.015625 0.0515625
0 0.334375 0.32578125 0.015625 0.0484375
0 0.3140625 0.37265625 0.0203125 0.0546875
0 0.22578125 0.25546875 0.0203125 0.0515625
0 0.2109375 0.3609375 0.01875 0.05625
0 0.20703125 0.40078125 0.01875 0.053125
0 0.19453125 0.39375 0.0171875 0.0484375
0 0.178125 0.3234375 0.01875 0.046875
0 0.16875 0.32734375 0.0203125 0.04375
0 0.0640625 0.2390625 0.0140625 0.0515625
0 0.709375 0.33515625 0.0140625 0.05
0 0.73984375 0.48046875 0.021875 0.065625
0 0.8046875 0.43359375 0.0203125 0.0609375
0 0.95234375 0.3875 0.0203125 0.059375