0 0.55390625 0.72890625 0.0296875 0.071875
0 0.65859375 0.46484375 0.0234375 0.0609375
0 0.69609375 0.48515625 0.021875 0.05625
0 0.746875 0.31875 0.01875 0.0484375
0 0.7609375 0.17578125 0.01875 0.0546875
0 0.7265625 0.2765625 0.021875 0.0578125
0 0.5828125 0.3171875 0.0203125 0.05625
0 0.56796875 0.1234375 0.01875 0.0515625
0 0.4890625 0.1765625 0.01875 0.0546875
0 0.47265625 0.19609375 0.0203125 0.0484375
0 0.4734375 0.41328125 0.021875 0.059375
0 0.378125 0.33984375 0.021875 0.053125
0 0.384375 0.18203125 0.0203125 0.0578125
0 0.35 0.11015625 0.01875 0.0484375
0 0.171875 0.04296875 0.015625 0.05
0 0.33203125 0.2453125 0.0203125 0.05
0 0.2921875 0.21171875 0.0203125 0.0578125
0 0.2703125 0.21328125 0.01875 0.0484375
0 0.23515625 0.225 0.01875 0.04375
0 0.1828125 0.4296875 0.0265625 0.0640625
0 0.08359375 0.42890625 0.0265625 0.0578125
0 0.84609375 0.44140625 0.0234375 0.0546875
0 0.97421875 0.4453125 0.0234375 0.05625