0 0.54375 0.73125 0.025 0.06875
0 0.6328125 0.4671875 0.0203125 0.0609375
0 0.6703125 0.48515625 0.0171875 0.0546875
0 0.71171875 0.31953125 0.015625 0.046875
0 0.71796875 0.1796875 0.015625 0.0515625
0 0.68984375 0.27890625 0.01875 0.05625
0 0.5515625 0.3265625 0.0171875 0.0546875
0 0.52578125 0.13828125 0.015625 0.05
0 0.453125 0.19375 0.015625 0.053125
0 0.4375 0.2140625 0.0171875 0.046875
0 0.44921875 0.4265625 0.01875 0.0578125
0 0.353125 0.359375 0.01875 0.053125
0 0.35078125 0.20546875 0.01875 0.05625
0 0.3125 0.13515625 0.015625 0.0484375
0 0.1359375 0.07890625 0.0140625 0.0484375
0 0.303125 0.26875 0.0171875 0.05
0 0.26171875 0.23828125 0.0171875 0.05625
0 0.24140625 0.240625 0.015625 0.046875
0 0.20625 0.2546875 0.0171875 0.04375
0 0.165625 0.4578125 0.0234375 0.0625
0 0.06953125 0.46171875 0.0234375 0.05625
0 0.815625 0.434375 0.0203125 0.053125
0 0.940625 0.43203125 0.0203125 0.0546875