0 0.53046875 0.759375 0.0203125 0.071875
0 0.62578125 0.50703125 0.021875 0.0609375
0 0.559375 0.5046875 0.0171875 0.0640625
0 0.51953125 0.5078125 0.01875 0.065625
0 0.54453125 0.40546875 0.0203125 0.0609375
0 0.52890625 0.38671875 0.0171875 0.0515625
0 0.53984375 0.33125 0.0203125 0.059375
0 0.59609375 0.2796875 0.0140625 0.0546875
0 0.46328125 0.22734375 0.015625 0.0515625
0 0.42109375 0.29296875 0.01875 0.05
0 0.41640625 0.4203125 0.01875 0.059375
0 0.35390625 0.2265625 0.01875 0.0515625
0 0.34609375 0.36953125 0.015625 0.0578125
0 0.32734375 0.38828125 0.0171875 0.0578125
0 0.30625 0.4828125 0.0171875 0.0671875
0 0.23359375 0.325 0.0203125 0.0578125
0 0.19921875 0.4171875 0.01875 0.0625
0 0.14296875 0.46796875 0.0203125 0.0640625
0 0.03046875 0.43125 0.0171875 0.0609375
0 0.1 0.1140625 0.0125 0.05
0 0.6859375 0.21953125 0.0109375 0.0515625
0 0.859375 0.4953125 0.0203125 0.0625
0 0.96875 0.446875 0.0203125 0.059375