0 0.47265625 0.1203125 0.0140625 0.0390625
0 0.37578125 0.33359375 0.0140625 0.0515625
0 0.42890625 0.35625 0.0125 0.0515625
0 0.5046875 0.34765625 0.0125 0.05
0 0.56640625 0.39609375 0.0171875 0.0484375
0 0.634375 0.3703125 0.0125 0.0515625
0 0.7171875 0.4296875 0.0140625 0.053125
0 0.91015625 0.28671875 0.015625 0.0421875
0 0.79140625 0.49375 0.0171875 0.0578125
0 0.8546875 0.53046875 0.015625 0.0609375
0 0.83984375 0.60546875 0.021875 0.0578125
0 0.75 0.73515625 0.0203125 0.0640625
0 0.53671875 0.9140625 0.0203125 0.06875
0 0.3359375 0.7328125 0.0125 0.0640625
0 0.3953125 0.6296875 0.0140625 0.0609375
0 0.10859375 0.4625 0.01875 0.059375
0 0.1484375 0.45703125 0.0171875 0.05625
0 0.19375 0.6109375 0.0203125 0.059375
0 0.36484375 0.5078125 0.0171875 0.065625
0 0.3984375 0.43125 0.0203125 0.0515625
0 0.45078125 0.46328125 0.0140625 0.0484375
0 0.4703125 0.503125 0.0203125 0.05625
0 0.59296875 0.48203125 0.0140625 0.0515625
0 0.6203125 0.496875 0.015625 0.053125