0 0.59140625 0.0734375 0.0171875 0.040625
0 0.67265625 0.303125 0.015625 0.053125
0 0.615625 0.32109375 0.015625 0.0546875
0 0.5390625 0.30546875 0.015625 0.0515625
0 0.46953125 0.35 0.01875 0.0515625
0 0.403125 0.3171875 0.015625 0.053125
0 0.31171875 0.37109375 0.0171875 0.05625
0 0.12578125 0.20546875 0.01875 0.0453125
0 0.22890625 0.4296875 0.0203125 0.0609375
0 0.16015625 0.46328125 0.01875 0.0640625
0 0.16953125 0.54140625 0.025 0.0609375
0 0.25078125 0.6828125 0.0234375 0.0671875
0 0.4546875 0.88671875 0.025 0.0734375
0 0.678125 0.71875 0.0171875 0.065625
0 0.62578125 0.60625 0.0171875 0.0640625
0 0.9375 0.46015625 0.021875 0.0625
0 0.896875 0.45 0.0203125 0.0578125
0 0.8359375 0.6046875 0.025 0.0609375
0 0.66875 0.48359375 0.021875 0.06875
0 0.64140625 0.40078125 0.0234375 0.0546875
0 0.584375 0.42890625 0.0171875 0.0515625
0 0.56015625 0.46875 0.0234375 0.0578125
0 0.43515625 0.4359375 0.015625 0.053125
0 0.40546875 0.4484375 0.01875 0.05625