0 0.25859375 0.7453125 0.0140625 0.059375
0 0.19453125 0.4703125 0.0140625 0.05
0 0.875 0.55390625 0.0203125 0.05
0 0.65078125 0.41796875 0.0171875 0.0484375
0 0.71484375 0.73828125 0.0171875 0.0640625
0 0.5953125 0.53359375 0.015625 0.0515625
0 0.653125 0.48359375 0.015625 0.0515625
0 0.2375 0.44296875 0.0109375 0.0484375
0 0.5375 0.4171875 0.0109375 0.040625
0 0.26328125 0.7453125 0.0140625 0.0578125
0 0.54375 0.82890625 0.01875 0.0609375
0 0.315625 0.38828125 0.0125 0.0453125
0 0.2703125 0.59140625 0.0140625 0.05
0 0.5 0.32109375 0.0109375 0.0421875
0 0.85234375 0.4171875 0.0203125 0.0484375
0 0.26640625 0.5921875 0.0140625 0.05
0 0.39921875 0.3390625 0.0125 0.0421875
0 0.85546875 0.371875 0.015625 0.046875
0 0.465625 0.4484375 0.0109375 0.04375
0 0.42890625 0.44765625 0.0125 0.046875
0 0.54921875 0.4515625 0.0140625 0.0484375
0 0.56875 0.3234375 0.0140625 0.0421875
0 0.6421875 0.32421875 0.0140625 0.0421875
0 0.53203125 0.13671875 0.009375 0.034375
0 0.45390625 0.36015625 0.0109375 0.0421875
0 0.12734375 0.30234375 0.0140625 0.040625