0 0.034375 0.559375 0.021875 0.05
0 0.27578125 0.74921875 0.015625 0.0671875
0 0.66640625 0.60390625 0.0203125 0.053125
0 0.8171875 0.425 0.0109375 0.046875
0 0.740625 0.75625 0.015625 0.0609375
0 0.11953125 0.41015625 0.015625 0.0484375
0 0.40625 0.84296875 0.0171875 0.0625
0 0.34453125 0.49921875 0.01875 0.0453125
0 0.28828125 0.4703125 0.0140625 0.0515625
0 0.475 0.45625 0.0109375 0.0484375
0 0.7234375 0.4015625 0.0125 0.0484375
0 0.090625 0.3484375 0.0125 0.04375
0 0.5046875 0.33984375 0.0078125 0.040625
0 0.284375 0.41796875 0.0171875 0.0484375
0 0.4515625 0.3125 0.009375 0.0421875
0 0.2796875 0.328125 0.015625 0.0453125
0 0.51484375 0.4359375 0.0109375 0.0453125
0 0.665625 0.35390625 0.0109375 0.0453125
0 0.42265625 0.4203125 0.015625 0.0484375
0 0.56640625 0.31875 0.0125 0.04375
0 0.45234375 0.13828125 0.0109375 0.0375
0 0.87109375 0.29375 0.009375 0.0421875
0 0.42890625 0.39921875 0.009375 0.04375
0 0.36796875 0.3203125 0.009375 0.0421875