0 0.2984375 0.70234375 0.0203125 0.0671875
0 0.65 0.64765625 0.0203125 0.0640625
0 0.5625 0.83359375 0.0203125 0.0671875
0 0.13515625 0.39765625 0.0171875 0.0546875
0 0.57109375 0.46328125 0.0171875 0.0515625
0 0.7625 0.5078125 0.0203125 0.05
0 0.54140625 0.3265625 0.0125 0.04375
0 0.32109375 0.346875 0.0203125 0.0484375
0 0.39375 0.33359375 0.015625 0.0453125
0 0.76171875 0.42578125 0.015625 0.053125
0 0.61484375 0.3984375 0.0125 0.04375
0 0.60390625 0.315625 0.0140625 0.0421875
0 0.14609375 0.26171875 0.0171875 0.046875
0 0.90625 0.39453125 0.015625 0.0515625
0 0.921875 0.3625 0.01875 0.0453125
0 0.4703125 0.31328125 0.0140625 0.0453125
0 0.66640625 0.38203125 0.015625 0.046875
0 0.7484375 0.33515625 0.0140625 0.05
0 0.396875 0.6015625 0.015625 0.05625
0 0.54453125 0.44765625 0.015625 0.0484375
0 0.59609375 0.1359375 0.0125 0.0390625
0 0.71171875 0.33671875 0.015625 0.046875
0 0.74765625 0.46171875 0.0140625 0.053125