0 0.57265625 0.37421875 0.0265625 0.05
0 0.04765625 0.49375 0.0203125 0.0484375
0 0.39296875 0.48359375 0.021875 0.0609375
0 0.69375 0.53203125 0.021875 0.0609375
0 0.6015625 0.478125 0.0203125 0.0546875
0 0.12578125 0.31875 0.0171875 0.046875
0 0.49296875 0.71953125 0.025 0.0609375
0 0.5046875 0.3625 0.0203125 0.046875
0 0.26171875 0.3828125 0.0171875 0.0515625
0 0.671875 0.24453125 0.0171875 0.046875
0 0.4171875 0.25078125 0.0171875 0.04375
0 0.3890625 0.09375 0.0171875 0.040625
0 0.1484375 0.3078125 0.0171875 0.0453125
0 0.371875 0.29140625 0.01875 0.0453125
0 0.83828125 0.1578125 0.0203125 0.0453125
0 0.89921875 0.2828125 0.021875 0.0515625
0 0.27421875 0.3609375 0.0203125 0.0484375
0 0.3984375 0.325 0.01875 0.04375
0 0.31328125 0.2890625 0.01875 0.0453125
0 0.56953125 0.28359375 0.021875 0.0515625
0 0.2671875 0.44765625 0.021875 0.053125
0 0.296875 0.27890625 0.01875 0.0453125
0 0.5328125 0.2453125 0.01875 0.04375
0 0.53828125 0.23671875 0.015625 0.040625