0 0.61015625 0.384375 0.0234375 0.0484375
0 0.09765625 0.490625 0.0203125 0.046875
0 0.4328125 0.4875 0.021875 0.059375
0 0.72421875 0.5390625 0.0203125 0.059375
0 0.6359375 0.4859375 0.01875 0.053125
0 0.1765625 0.32265625 0.015625 0.0453125
0 0.52578125 0.7171875 0.0234375 0.059375
0 0.54375 0.37109375 0.01875 0.0453125
0 0.3078125 0.38671875 0.0171875 0.05
0 0.7078125 0.26015625 0.015625 0.0453125
0 0.4609375 0.2609375 0.0171875 0.0421875
0 0.43671875 0.10859375 0.015625 0.0390625
0 0.1984375 0.3125 0.015625 0.04375
0 0.41640625 0.30078125 0.01875 0.04375
0 0.87109375 0.17890625 0.01875 0.04375
0 0.92890625 0.30078125 0.0203125 0.05
0 0.31953125 0.365625 0.0203125 0.046875
0 0.4421875 0.3328125 0.0171875 0.0421875
0 0.35859375 0.29765625 0.01875 0.04375
0 0.60859375 0.29609375 0.0203125 0.05
0 0.31171875 0.45 0.0203125 0.0515625
0 0.34375 0.28671875 0.0171875 0.04375
0 0.5734375 0.25859375 0.015625 0.0421875
0 0.57890625 0.24921875 0.0140625 0.0390625