0 0.5375 0.68203125 0.015625 0.0578125
0 0.54375 0.38359375 0.0234375 0.0453125
0 0.63359375 0.37890625 0.0171875 0.053125
0 0.6921875 0.3515625 0.0125 0.0453125
0 0.66328125 0.31875 0.0109375 0.04375
0 0.7265625 0.25625 0.0140625 0.0375
0 0.734375 0.26640625 0.0125 0.0375
0 0.6109375 0.2640625 0.0125 0.0421875
0 0.60078125 0.27578125 0.0109375 0.0421875
0 0.5703125 0.27109375 0.0125 0.0390625
0 0.52265625 0.29609375 0.015625 0.0328125
0 0.5078125 0.23515625 0.0109375 0.0390625
0 0.48046875 0.2375 0.0125 0.040625
0 0.54921875 0.1140625 0.0109375 0.034375
0 0.4390625 0.3515625 0.0140625 0.034375
0 0.41484375 0.2421875 0.009375 0.0375
0 0.3765625 0.2765625 0.009375 0.040625
0 0.34140625 0.25078125 0.0125 0.04375
0 0.29921875 0.36015625 0.0109375 0.0453125
0 0.15078125 0.2125 0.0109375 0.040625
0 0.1359375 0.30390625 0.0140625 0.04375
0 0.88984375 0.38984375 0.0140625 0.0421875
0 0.4109375 0.46171875 0.015625 0.05
0 0.37734375 0.484375 0.0140625 0.05625