0 0.5375 0.6765625 0.01875 0.05625
0 0.50859375 0.3921875 0.0234375 0.0453125
0 0.59296875 0.3765625 0.01875 0.0515625
0 0.6453125 0.34453125 0.0140625 0.04375
0 0.61484375 0.31640625 0.0140625 0.0421875
0 0.66796875 0.24921875 0.015625 0.0375
0 0.6765625 0.25859375 0.0140625 0.0359375
0 0.55859375 0.26953125 0.0140625 0.040625
0 0.55078125 0.2828125 0.0125 0.040625
0 0.52109375 0.28203125 0.0140625 0.0375
0 0.47890625 0.31015625 0.015625 0.0328125
0 0.45703125 0.2546875 0.0125 0.0375
0 0.43125 0.26015625 0.0140625 0.0390625
0 0.4828125 0.13515625 0.0125 0.0328125
0 0.4046875 0.3734375 0.015625 0.034375
0 0.3703125 0.271875 0.0109375 0.0359375
0 0.3375 0.309375 0.0125 0.0390625
0 0.3015625 0.2890625 0.0140625 0.04375
0 0.27421875 0.3984375 0.0125 0.04375
0 0.115625 0.275 0.0125 0.0390625
0 0.1125 0.36328125 0.015625 0.0421875
0 0.83828125 0.3578125 0.015625 0.0421875
0 0.9796875 0.290625 0.0109375 0.0421875
0 0.39140625 0.48125 0.0171875 0.05
0 0.3625 0.50703125 0.015625 0.0546875