0 0.53359375 0.73828125 0.021875 0.0625
0 0.509375 0.45 0.01875 0.0546875
0 0.56875 0.4078125 0.021875 0.05
0 0.6140625 0.36328125 0.01875 0.05
0 0.5609375 0.33125 0.01875 0.05
0 0.52890625 0.26953125 0.0140625 0.0453125
0 0.51484375 0.26328125 0.015625 0.046875
0 0.48671875 0.29140625 0.0203125 0.04375
0 0.47421875 0.1390625 0.0140625 0.0375
0 0.42265625 0.26484375 0.015625 0.0453125
0 0.4125 0.26953125 0.0140625 0.0453125
0 0.3890625 0.490625 0.0171875 0.0515625
0 0.35703125 0.52109375 0.0203125 0.0546875
0 0.35390625 0.35234375 0.01875 0.040625
0 0.27890625 0.36484375 0.01875 0.040625
0 0.2671875 0.384375 0.021875 0.0390625
0 0.203125 0.31484375 0.015625 0.040625
0 0.21796875 0.42265625 0.0203125 0.0453125
0 0.171875 0.4421875 0.0171875 0.0484375
0 0.0984375 0.34140625 0.0171875 0.0453125
0 0.09921875 0.29453125 0.0125 0.0421875
0 0.6375 0.24765625 0.015625 0.04375
0 0.68515625 0.25078125 0.015625 0.0453125
0 0.82421875 0.38046875 0.0234375 0.05