0 0.51171875 0.74453125 0.0265625 0.0765625
0 0.50703125 0.25078125 0.0203125 0.0578125
0 0.53828125 0.1796875 0.0234375 0.0609375
0 0.53359375 0.16953125 0.0171875 0.05625
0 0.6046875 0.23515625 0.01875 0.0609375
0 0.65 0.20859375 0.0203125 0.0546875
0 0.65859375 0.2078125 0.015625 0.0578125
0 0.5625 0.02109375 0.0140625 0.0359375
0 0.6953125 0.2484375 0.01875 0.05
0 0.71171875 0.34140625 0.0203125 0.053125
0 0.7140625 0.4140625 0.0203125 0.0609375
0 0.74609375 0.465625 0.0296875 0.0703125
0 0.8328125 0.3375 0.0265625 0.05625
0 0.8171875 0.25625 0.01875 0.04375
0 0.83515625 0.26640625 0.025 0.0390625
0 0.8921875 0.36953125 0.021875 0.0578125
0 0.89375 0.34765625 0.021875 0.03125
0 0.97109375 0.2875 0.021875 0.0546875
0 0.41328125 0.34140625 0.01875 0.065625
0 0.309375 0.1515625 0.021875 0.0578125
0 0.246875 0.16328125 0.021875 0.0546875
0 0.18203125 0.34296875 0.025 0.0609375