0 0.5375 0.76796875 0.0234375 0.071875
0 0.55 0.296875 0.01875 0.05625
0 0.521875 0.22890625 0.0203125 0.0578125
0 0.52734375 0.21875 0.0140625 0.053125
0 0.45703125 0.28046875 0.015625 0.05625
0 0.415625 0.2546875 0.0171875 0.0515625
0 0.40625 0.25390625 0.0140625 0.0546875
0 0.50078125 0.07421875 0.0140625 0.04375
0 0.37109375 0.2921875 0.0171875 0.046875
0 0.35390625 0.38125 0.01875 0.0515625
0 0.35 0.44921875 0.01875 0.0578125
0 0.31875 0.49765625 0.028125 0.0671875
0 0.2375 0.37421875 0.0234375 0.053125
0 0.2546875 0.296875 0.0171875 0.0421875
0 0.2375 0.30703125 0.021875 0.0375
0 0.18125 0.40390625 0.0203125 0.05625
0 0.18046875 0.38359375 0.0203125 0.0296875
0 0.10859375 0.325 0.01875 0.0515625
0 0.04921875 0.34453125 0.01875 0.0578125
0 0.05234375 0.23671875 0.0125 0.0421875
0 0.6390625 0.38515625 0.0171875 0.0609375
0 0.740625 0.20625 0.0203125 0.0546875
0 0.79921875 0.21796875 0.0203125 0.0515625
0 0.85859375 0.390625 0.0234375 0.0578125