0 0.4921875 0.73828125 0.025 0.0703125
0 0.48828125 0.4046875 0.0203125 0.0546875
0 0.5140625 0.3 0.0171875 0.0546875
0 0.61640625 0.25 0.01875 0.053125
0 0.63515625 0.246875 0.01875 0.0546875
0 0.621875 0.325 0.021875 0.05625
0 0.65078125 0.1140625 0.015625 0.046875
0 0.52265625 0.23046875 0.0203125 0.053125
0 0.50625 0.234375 0.01875 0.053125
0 0.44765625 0.30234375 0.0203125 0.046875
0 0.43515625 0.284375 0.0171875 0.05
0 0.4015625 0.22734375 0.01875 0.0515625
0 0.36875 0.4125 0.021875 0.0609375
0 0.36953125 0.31875 0.0203125 0.0546875
0 0.35859375 0.3140625 0.0203125 0.053125
0 0.32265625 0.37734375 0.025 0.05625
0 0.303125 0.296875 0.01875 0.05
0 0.3015625 0.2296875 0.01875 0.053125
0 0.22578125 0.2625 0.01875 0.053125
0 0.1734375 0.1484375 0.0171875 0.05
0 0.6609375 0.40390625 0.0234375 0.0609375
0 0.76171875 0.48984375 0.021875 0.05625
0 0.82578125 0.28046875 0.01875 0.0515625
0 0.90234375 0.33046875 0.021875 0.053125