0 0.5546875 0.928125 0.0296875 0.1109375
0 0.6578125 0.58359375 0.03125 0.084375
0 0.5484375 0.5 0.01875 0.065625
0 0.5796875 0.425 0.025 0.06875
0 0.56875 0.36953125 0.0171875 0.0625
0 0.51171875 0.165625 0.0140625 0.040625
0 0.46015625 0.2875 0.01875 0.0625
0 0.4875 0.29140625 0.015625 0.059375
0 0.58046875 0.278125 0.015625 0.0578125
0 0.58984375 0.28515625 0.015625 0.0609375
0 0.621875 0.35078125 0.01875 0.0546875
0 0.49375 0.37421875 0.0171875 0.0671875
0 0.6640625 0.33828125 0.015625 0.053125
0 0.68203125 0.28203125 0.0203125 0.0640625
0 0.79453125 0.43828125 0.021875 0.0671875
0 0.82421875 0.3953125 0.025 0.0640625
0 0.92421875 0.31953125 0.01875 0.0671875
0 0.88828125 0.43984375 0.015625 0.0671875
0 0.90546875 0.546875 0.025 0.078125
0 0.2265625 0.30625 0.0171875 0.0609375
0 0.1328125 0.5109375 0.01875 0.06875
0 0.06015625 0.37578125 0.021875 0.0640625