0 0.5484375 0.86796875 0.0375 0.109375
0 0.6203125 0.52421875 0.0375 0.084375
0 0.50625 0.4515625 0.0234375 0.0640625
0 0.53046875 0.37578125 0.03125 0.06875
0 0.515625 0.3234375 0.021875 0.0625
0 0.44140625 0.1296875 0.0171875 0.040625
0 0.40234375 0.253125 0.0234375 0.0625
0 0.42890625 0.2546875 0.021875 0.059375
0 0.51875 0.23359375 0.0203125 0.0578125
0 0.528125 0.23984375 0.01875 0.059375
0 0.56484375 0.3 0.0234375 0.0546875
0 0.44296875 0.334375 0.0234375 0.0671875
0 0.60546875 0.28515625 0.0203125 0.053125
0 0.6171875 0.2296875 0.025 0.0625
0 0.740625 0.371875 0.0265625 0.065625
0 0.76484375 0.32734375 0.028125 0.0625
0 0.85703125 0.24453125 0.0234375 0.065625
0 0.83125 0.36484375 0.021875 0.065625
0 0.8578125 0.4671875 0.03125 0.078125
0 0.1765625 0.290625 0.021875 0.0609375
0 0.10390625 0.4984375 0.0234375 0.0671875
0 0.0203125 0.3734375 0.0265625 0.0625