0 0.5625 0.88515625 0.0265625 0.0796875
0 0.48671875 0.48828125 0.0234375 0.065625
0 0.6296875 0.55625 0.0234375 0.06875
0 0.47578125 0.159375 0.0171875 0.05
0 0.45703125 0.28984375 0.0171875 0.0546875
0 0.453125 0.28828125 0.0171875 0.05
0 0.4953125 0.34921875 0.0203125 0.059375
0 0.5109375 0.325 0.0203125 0.0515625
0 0.54140625 0.3203125 0.0171875 0.0515625
0 0.546875 0.27890625 0.0203125 0.0546875
0 0.61875 0.2703125 0.0203125 0.053125
0 0.61640625 0.34765625 0.0203125 0.0390625
0 0.62265625 0.378125 0.025 0.053125
0 0.684375 0.41328125 0.01875 0.0640625
0 0.753125 0.35546875 0.0171875 0.05625
0 0.76796875 0.3765625 0.01875 0.0578125
0 0.82265625 0.27421875 0.0203125 0.0578125
0 0.85078125 0.50234375 0.025 0.0703125
0 0.23125 0.3125 0.0203125 0.0578125
0 0.18203125 0.4515625 0.025 0.0625
0 0.0703125 0.365625 0.0234375 0.0578125