0 0.47890625 0.915625 0.025 0.08125
0 0.475 0.52734375 0.0234375 0.0671875
0 0.58125 0.475 0.0203125 0.059375
0 0.65859375 0.2625 0.01875 0.0546875
0 0.59765625 0.24609375 0.0140625 0.04375
0 0.5421875 0.15078125 0.021875 0.04375
0 0.58515625 0.32734375 0.021875 0.053125
0 0.57734375 0.30546875 0.0140625 0.053125
0 0.5734375 0.271875 0.015625 0.046875
0 0.5375 0.24140625 0.0140625 0.0515625
0 0.49765625 0.31015625 0.0171875 0.053125
0 0.4984375 0.27421875 0.0203125 0.04375
0 0.48828125 0.27421875 0.0140625 0.05
0 0.44921875 0.24765625 0.0203125 0.0546875
0 0.44296875 0.2875 0.0203125 0.053125
0 0.31484375 0.23515625 0.015625 0.053125
0 0.3125 0.3203125 0.01875 0.05625
0 0.3515625 0.3328125 0.0171875 0.053125
0 0.3859375 0.42265625 0.01875 0.059375
0 0.2546875 0.4890625 0.0203125 0.0671875
0 0.10390625 0.2859375 0.01875 0.059375
0 0.0453125 0.18203125 0.015625 0.0515625
0 0.76796875 0.378125 0.0234375 0.05625
0 0.8515625 0.2953125 0.0171875 0.0546875