0 0.534375 0.940625 0.0296875 0.0921875
0 0.54921875 0.49765625 0.0203125 0.0625
0 0.57421875 0.4734375 0.021875 0.0609375
0 0.62265625 0.30078125 0.0171875 0.0546875
0 0.6125 0.2703125 0.0140625 0.0453125
0 0.57578125 0.26171875 0.0140625 0.0453125
0 0.57109375 0.2484375 0.0125 0.0515625
0 0.57421875 0.30546875 0.0171875 0.0546875
0 0.5578125 0.315625 0.0203125 0.053125
0 0.44609375 0.1828125 0.0171875 0.040625
0 0.41640625 0.253125 0.01875 0.0484375
0 0.396875 0.26171875 0.0171875 0.065625
0 0.38515625 0.2671875 0.0140625 0.053125
0 0.38046875 0.33125 0.0234375 0.053125
0 0.37421875 0.38359375 0.0234375 0.05625
0 0.3640625 0.4625 0.0203125 0.05625
0 0.31875 0.5171875 0.0234375 0.0640625
0 0.2921875 0.359375 0.0203125 0.0546875
0 0.25703125 0.28203125 0.015625 0.053125
0 0.15859375 0.315625 0.0203125 0.0546875
0 0.6859375 0.26015625 0.0171875 0.046875
0 0.725 0.26484375 0.0203125 0.0484375
0 0.75703125 0.30078125 0.0171875 0.05