0 0.865625 0.62421875 0.028125 0.0875
0 0.74765625 0.18515625 0.0171875 0.0609375
0 0.6078125 0.38359375 0.01875 0.0703125
0 0.55390625 0.46484375 0.0234375 0.075
0 0.46484375 0.39296875 0.025 0.071875
0 0.43515625 0.278125 0.015625 0.065625
0 0.39296875 0.37109375 0.01875 0.0734375
0 0.35 0.3140625 0.0203125 0.071875
0 0.31015625 0.2453125 0.0171875 0.0609375
0 0.2828125 0.11171875 0.015625 0.0609375
0 0.23203125 0.0859375 0.015625 0.0578125
0 0.065625 0.03984375 0.0171875 0.0421875
0 0.10703125 0.13125 0.015625 0.0609375
0 0.1171875 0.1921875 0.0171875 0.0640625
0 0.11796875 0.31015625 0.0234375 0.0703125
0 0.1578125 0.3734375 0.0234375 0.06875
0 0.05 0.4421875 0.0171875 0.0765625
0 0.0484375 0.175 0.0171875 0.0609375
0 0.025 0.11640625 0.015625 0.0671875