0 0.1203125 0.61328125 0.0359375 0.0875
0 0.3078125 0.2109375 0.021875 0.059375
0 0.409375 0.425 0.025 0.0703125
0 0.44765625 0.5125 0.0296875 0.0734375
0 0.54609375 0.459375 0.0296875 0.0703125
0 0.59375 0.353125 0.021875 0.0640625
0 0.61875 0.45078125 0.025 0.0734375
0 0.66953125 0.403125 0.0265625 0.071875
0 0.71953125 0.34296875 0.0234375 0.0609375
0 0.76875 0.21875 0.021875 0.0609375
0 0.821875 0.203125 0.0203125 0.0578125
0 0.98984375 0.18671875 0.0203125 0.0421875
0 0.93515625 0.26796875 0.021875 0.059375
0 0.91484375 0.325 0.0234375 0.0625
0 0.89375 0.4375 0.028125 0.06875
0 0.84453125 0.49140625 0.028125 0.06875
0 0.9375 0.5765625 0.0234375 0.075
0 0.984375 0.31953125 0.0234375 0.0609375