0 0.16796875 0.44140625 0.01875 0.0578125
0 0.103125 0.3875 0.025 0.0515625
0 0.11484375 0.21171875 0.015625 0.0453125
0 0.125 0.24921875 0.015625 0.0515625
0 0.1421875 0.19921875 0.015625 0.0515625
0 0.16484375 0.3015625 0.01875 0.0390625
0 0.171875 0.24296875 0.0140625 0.0453125
0 0.19296875 0.1296875 0.0140625 0.04375
0 0.21171875 0.2078125 0.015625 0.0484375
0 0.25859375 0.25078125 0.01875 0.053125
0 0.29921875 0.19375 0.0125 0.0421875
0 0.34296875 0.20625 0.015625 0.0484375
0 0.2203125 0.3828125 0.021875 0.053125
0 0.3390625 0.34765625 0.0171875 0.046875
0 0.34375 0.32109375 0.0140625 0.034375
0 0.39140625 0.35 0.015625 0.0515625
0 0.41171875 0.38671875 0.0203125 0.05625
0 0.41875 0.3984375 0.015625 0.05
0 0.68203125 0.27734375 0.015625 0.0484375
0 0.6296875 0.4859375 0.01875 0.0609375
0 0.703125 0.59765625 0.025 0.0609375
0 0.834375 0.684375 0.0203125 0.0703125