0 0.47265625 0.73046875 0.03125 0.0671875
0 0.44453125 0.72890625 0.0203125 0.071875
0 0.39375 0.7171875 0.021875 0.06875
0 0.35703125 0.740625 0.025 0.0703125
0 0.36328125 0.71015625 0.028125 0.0484375
0 0.3140625 0.7609375 0.0203125 0.06875
0 0.31953125 0.80390625 0.0171875 0.059375
0 0.22734375 0.8328125 0.0328125 0.0625
0 0.271875 0.721875 0.0265625 0.071875
0 0.25 0.71640625 0.021875 0.0671875
0 0.2265625 0.6734375 0.0203125 0.065625
0 0.2515625 0.60234375 0.0234375 0.059375
0 0.2921875 0.5484375 0.028125 0.0546875
0 0.384375 0.55234375 0.0203125 0.059375
0 0.41484375 0.53359375 0.0234375 0.059375
0 0.490625 0.45703125 0.0171875 0.0515625
0 0.53125 0.525 0.015625 0.053125
0 0.88515625 0.69765625 0.0203125 0.0609375
0 0.7109375 0.19921875 0.0109375 0.04375
0 0.31171875 0.06328125 0.0125 0.0421875
0 0.3078125 0.32890625 0.015625 0.0515625
0 0.0375 0.49609375 0.0203125 0.0578125
0 0.0578125 0.69140625 0.0234375 0.071875
0 0.09375 0.7140625 0.0265625 0.0640625