0 0.0859375 0.7078125 0.021875 0.0671875
0 0.08125 0.69296875 0.028125 0.0609375
0 0.2640625 0.5859375 0.0203125 0.0703125
0 0.359375 0.27265625 0.0109375 0.053125
0 0.50859375 0.51015625 0.0203125 0.059375
0 0.67734375 0.44609375 0.0265625 0.0578125
0 0.6984375 0.4484375 0.021875 0.053125
0 0.70859375 0.43515625 0.0171875 0.053125
0 0.71328125 0.2921875 0.0140625 0.0515625
0 0.76171875 0.2890625 0.015625 0.05
0 0.7578125 0.33671875 0.0171875 0.05
0 0.75859375 0.415625 0.0171875 0.0578125
0 0.88046875 0.23046875 0.0171875 0.05
0 0.85078125 0.30859375 0.015625 0.0515625
0 0.87890625 0.35546875 0.0171875 0.0515625
0 0.88671875 0.4 0.0171875 0.0546875
0 0.84453125 0.54375 0.01875 0.0609375
0 0.9078125 0.48984375 0.01875 0.05625
0 0.9390625 0.30390625 0.0125 0.028125
0 0.93203125 0.33046875 0.0125 0.0375
0 0.92890625 0.365625 0.015625 0.053125