0 0.3296875 0.209375 0.015625 0.04375
0 0.34609375 0.28359375 0.0125 0.0421875
0 0.32265625 0.32421875 0.0125 0.04375
0 0.35 0.3828125 0.015625 0.0484375
0 0.315625 0.4515625 0.0203125 0.05
0 0.29375 0.359375 0.0140625 0.04375
0 0.25625 0.325 0.0140625 0.046875
0 0.29296875 0.29609375 0.0125 0.0375
0 0.2515625 0.28046875 0.0125 0.04375
0 0.4171875 0.2859375 0.0125 0.0421875
0 0.4421875 0.31953125 0.015625 0.046875
0 0.46953125 0.29765625 0.0125 0.04375
0 0.4203125 0.4015625 0.0125 0.040625
0 0.421875 0.425 0.0125 0.0453125
0 0.4296875 0.39921875 0.015625 0.053125
0 0.74765625 0.3 0.0109375 0.0421875
0 0.72421875 0.578125 0.0203125 0.053125
0 0.89765625 0.67578125 0.0203125 0.0609375
0 0.94765625 0.72109375 0.01875 0.0625
0 0.953125 0.73046875 0.0203125 0.0703125
0 0.2 0.40625 0.015625 0.046875
0 0.04140625 0.3265625 0.015625 0.046875