0 0.478125 0.3234375 0.0125 0.0328125
0 0.4734375 0.4140625 0.0125 0.0359375
0 0.47265625 0.44609375 0.0109375 0.03125
0 0.4734375 0.46484375 0.0109375 0.0203125
0 0.478125 0.4859375 0.015625 0.040625
0 0.4875 0.5265625 0.0140625 0.0359375
0 0.49609375 0.50390625 0.0125 0.0375
0 0.5078125 0.49609375 0.0125 0.0359375
0 0.5671875 0.41640625 0.0125 0.0375
0 0.584375 0.4609375 0.0140625 0.0375
0 0.375 0.4359375 0.0140625 0.0359375
0 0.37421875 0.4578125 0.0125 0.03125
0 0.3625 0.4796875 0.0125 0.0390625
0 0.3859375 0.534375 0.01875 0.0390625
0 0.16015625 0.47109375 0.0125 0.0328125
0 0.16875 0.71328125 0.0203125 0.0484375
0 0.190625 0.7109375 0.0203125 0.0453125
0 0.21640625 0.71328125 0.015625 0.046875
0 0.29609375 0.6953125 0.0203125 0.046875
0 0.5515625 0.86484375 0.0171875 0.05
0 0.72109375 0.43125 0.0140625 0.040625
0 0.7390625 0.4640625 0.015625 0.0375
0 0.77734375 0.46484375 0.01875 0.0390625
0 0.8875 0.55234375 0.0140625 0.04375
0 0.90546875 0.51953125 0.009375 0.0328125