0 0.53203125 0.32109375 0.0125 0.0296875
0 0.5546875 0.4046875 0.009375 0.034375
0 0.56171875 0.434375 0.009375 0.0296875
0 0.5640625 0.45234375 0.0109375 0.01875
0 0.5640625 0.4734375 0.0140625 0.0390625
0 0.5640625 0.5125 0.0125 0.034375
0 0.55078125 0.49296875 0.0109375 0.0359375
0 0.53828125 0.48828125 0.0109375 0.034375
0 0.46796875 0.42578125 0.0109375 0.0359375
0 0.4609375 0.4703125 0.0109375 0.0359375
0 0.6515625 0.40546875 0.0125 0.0328125
0 0.65625 0.42578125 0.0109375 0.0296875
0 0.671875 0.44453125 0.0109375 0.0359375
0 0.66015625 0.49921875 0.0171875 0.0375
0 0.85859375 0.39453125 0.0109375 0.03125
0 0.89921875 0.62265625 0.0171875 0.046875
0 0.878125 0.62578125 0.01875 0.04375
0 0.8546875 0.6328125 0.0140625 0.04375
0 0.77578125 0.63203125 0.0171875 0.0453125
0 0.57109375 0.84140625 0.015625 0.046875
0 0.3265625 0.46953125 0.0109375 0.0390625
0 0.31640625 0.5046875 0.0140625 0.0359375
0 0.28046875 0.51328125 0.0171875 0.0375
0 0.19453125 0.61640625 0.0125 0.040625
0 0.17109375 0.5890625 0.0078125 0.03125