0 0.52734375 0.90703125 0.015625 0.05
0 0.5671875 0.34375 0.0109375 0.03125
0 0.57734375 0.43359375 0.0109375 0.0375
0 0.58125 0.46796875 0.0109375 0.03125
0 0.56171875 0.4890625 0.009375 0.034375
0 0.5609375 0.52734375 0.0125 0.0328125
0 0.5546875 0.53125 0.0109375 0.034375
0 0.54609375 0.51875 0.009375 0.0390625
0 0.54140625 0.5046875 0.0109375 0.040625
0 0.48359375 0.46640625 0.009375 0.0390625
0 0.46484375 0.490625 0.0109375 0.0390625
0 0.6796875 0.44453125 0.009375 0.021875
0 0.67890625 0.46953125 0.0109375 0.03125
0 0.69453125 0.49296875 0.009375 0.0375
0 0.696875 0.57734375 0.0125 0.040625
0 0.70546875 0.66875 0.0125 0.0453125
0 0.89375 0.46328125 0.0109375 0.0375
0 0.853125 0.67578125 0.0203125 0.0515625
0 0.80703125 0.6828125 0.015625 0.04375
0 0.7953125 0.6953125 0.0125 0.0453125
0 0.3203125 0.47578125 0.0109375 0.0390625
0 0.2765625 0.5015625 0.0140625 0.0359375
0 0.2296875 0.5 0.0125 0.0375
0 0.2265625 0.6015625 0.0171875 0.0421875
0 0.14375 0.60546875 0.0109375 0.0296875
0 0.16171875 0.56328125 0.0109375 0.040625