0 0.41171875 0.84296875 0.0203125 0.05
0 0.4890625 0.290625 0.0140625 0.03125
0 0.46015625 0.375 0.015625 0.0375
0 0.45 0.4078125 0.0125 0.03125
0 0.4640625 0.43203125 0.0125 0.0359375
0 0.45703125 0.46875 0.015625 0.0328125
0 0.4625 0.4734375 0.0140625 0.0359375
0 0.47265625 0.4640625 0.0125 0.0390625
0 0.48046875 0.45078125 0.0140625 0.040625
0 0.54453125 0.42578125 0.0125 0.0390625
0 0.5578125 0.453125 0.0140625 0.0390625
0 0.35859375 0.365625 0.0109375 0.021875
0 0.3546875 0.38828125 0.0125 0.03125
0 0.33515625 0.40859375 0.0140625 0.0375
0 0.31484375 0.48984375 0.015625 0.0421875
0 0.2875 0.5765625 0.0171875 0.0453125
0 0.1484375 0.3390625 0.0140625 0.0375
0 0.14453125 0.553125 0.025 0.0515625
0 0.18671875 0.56796875 0.0203125 0.0453125
0 0.1953125 0.58359375 0.0171875 0.0453125
0 0.69921875 0.46796875 0.015625 0.0390625
0 0.73671875 0.50234375 0.0171875 0.0359375
0 0.7828125 0.5109375 0.0171875 0.0375
0 0.76484375 0.609375 0.0203125 0.0421875
0 0.84375 0.63046875 0.0140625 0.0296875
0 0.83515625 0.5859375 0.0140625 0.040625