0 0.50625 0.87109375 0.021875 0.053125
0 0.37265625 0.609375 0.015625 0.04375
0 0.4015625 0.31875 0.0109375 0.0328125
0 0.41796875 0.40625 0.0140625 0.0359375
0 0.4171875 0.4375 0.0140625 0.03125
0 0.4390625 0.4953125 0.0140625 0.034375
0 0.446875 0.49921875 0.0125 0.0359375
0 0.4546875 0.4859375 0.015625 0.0390625
0 0.45703125 0.4578125 0.0140625 0.0359375
0 0.49375 0.46875 0.015625 0.040625
0 0.5171875 0.43828125 0.0171875 0.04375
0 0.66953125 0.42578125 0.0140625 0.0390625
0 0.72421875 0.53984375 0.01875 0.040625
0 0.7609375 0.43984375 0.0203125 0.0375
0 0.7828125 0.4390625 0.015625 0.0390625
0 0.87109375 0.5640625 0.0140625 0.040625
0 0.81171875 0.475 0.0140625 0.040625
0 0.21484375 0.63671875 0.0203125 0.05
0 0.2734375 0.65546875 0.01875 0.0453125
0 0.275 0.63671875 0.0140625 0.04375
0 0.27890625 0.5875 0.0203125 0.04375
0 0.3109375 0.46640625 0.0140625 0.0390625
0 0.3265625 0.46015625 0.0140625 0.0375
0 0.31953125 0.43515625 0.0125 0.028125
0 0.1109375 0.4515625 0.0109375 0.0375