0 0.44140625 0.89765625 0.0234375 0.05625
0 0.39375 0.6 0.0171875 0.0453125
0 0.5125 0.325 0.0125 0.0328125
0 0.50078125 0.4171875 0.015625 0.0359375
0 0.49140625 0.446875 0.0140625 0.0328125
0 0.49453125 0.51015625 0.015625 0.034375
0 0.5 0.51640625 0.0140625 0.0375
0 0.5125 0.50546875 0.0171875 0.040625
0 0.5234375 0.47890625 0.015625 0.0359375
0 0.55625 0.50078125 0.01875 0.0421875
0 0.58828125 0.47890625 0.01875 0.0453125
0 0.73984375 0.51484375 0.015625 0.040625
0 0.75703125 0.64296875 0.0203125 0.0421875
0 0.82421875 0.55703125 0.021875 0.0390625
0 0.8453125 0.5640625 0.0171875 0.040625
0 0.89140625 0.7125 0.015625 0.0421875
0 0.86328125 0.6078125 0.0140625 0.040625
0 0.23125 0.5765625 0.0234375 0.053125
0 0.28203125 0.6140625 0.0203125 0.046875
0 0.2890625 0.5953125 0.015625 0.0453125
0 0.30859375 0.54921875 0.021875 0.0453125
0 0.37890625 0.4421875 0.015625 0.040625
0 0.3953125 0.440625 0.015625 0.0375
0 0.396875 0.41328125 0.0140625 0.0296875
0 0.1890625 0.36328125 0.0140625 0.0390625