0 0.44453125 0.84921875 0.015625 0.053125
0 0.42265625 0.546875 0.0140625 0.04375
0 0.446875 0.4859375 0.0109375 0.034375
0 0.45390625 0.46640625 0.0125 0.03125
0 0.4671875 0.46328125 0.0109375 0.034375
0 0.4578125 0.4390625 0.009375 0.0234375
0 0.53125 0.4609375 0.0109375 0.0359375
0 0.5375 0.4328125 0.0109375 0.0375
0 0.496875 0.42109375 0.009375 0.0375
0 0.46328125 0.29140625 0.009375 0.03125
0 0.4421875 0.38203125 0.0109375 0.0359375
0 0.44140625 0.41171875 0.0109375 0.03125
0 0.34375 0.42734375 0.0109375 0.034375
0 0.34453125 0.3859375 0.0109375 0.034375
0 0.30859375 0.428125 0.0125 0.0375
0 0.13984375 0.3625 0.0078125 0.028125
0 0.24296875 0.54140625 0.0171875 0.0421875
0 0.328125 0.56875 0.015625 0.0421875
0 0.30859375 0.5828125 0.015625 0.04375
0 0.68671875 0.4453125 0.0109375 0.0390625
0 0.67109375 0.565625 0.0140625 0.040625
0 0.784375 0.47890625 0.0109375 0.0359375
0 0.79375 0.478125 0.0109375 0.0359375
0 0.803125 0.50234375 0.0109375 0.0375
0 0.8515625 0.609375 0.0125 0.0375