0 0.45625 0.30859375 0.009375 0.0296875
0 0.43515625 0.40546875 0.009375 0.034375
0 0.4390625 0.43046875 0.0078125 0.03125
0 0.428125 0.4703125 0.009375 0.0328125
0 0.44140625 0.51171875 0.009375 0.0328125
0 0.45546875 0.48359375 0.0125 0.0359375
0 0.46015625 0.53515625 0.0125 0.0453125
0 0.4765625 0.43515625 0.0109375 0.0359375
0 0.48046875 0.47265625 0.009375 0.0375
0 0.52734375 0.45390625 0.009375 0.034375
0 0.53203125 0.49140625 0.009375 0.0359375
0 0.3875 0.56875 0.009375 0.0375
0 0.35703125 0.590625 0.009375 0.040625
0 0.36484375 0.453125 0.0125 0.034375
0 0.346875 0.40859375 0.009375 0.0328125
0 0.30703125 0.44765625 0.009375 0.0375
0 0.30078125 0.53828125 0.009375 0.0390625
0 0.27109375 0.5421875 0.0140625 0.040625
0 0.14921875 0.39140625 0.0078125 0.0296875
0 0.45078125 0.846875 0.0140625 0.0515625
0 0.621875 0.5734375 0.0140625 0.040625
0 0.68125 0.459375 0.009375 0.0375
0 0.77421875 0.4890625 0.0109375 0.034375
0 0.78203125 0.48828125 0.009375 0.0359375
0 0.83671875 0.5984375 0.0109375 0.0375
0 0.80078125 0.4953125 0.0078125 0.0359375