0 0.5 0.83671875 0.0359375 0.03125
0 0.43125 0.73984375 0.0234375 0.0671875
0 0.409375 0.72890625 0.021875 0.0609375
0 0.3828125 0.72109375 0.025 0.06875
0 0.35390625 0.6828125 0.0171875 0.0609375
0 0.29296875 0.65546875 0.021875 0.065625
0 0.2578125 0.63046875 0.0234375 0.0609375
0 0.23046875 0.6 0.021875 0.05625
0 0.3578125 0.53828125 0.0171875 0.053125
0 0.3703125 0.528125 0.0171875 0.053125
0 0.47890625 0.7 0.021875 0.0640625
0 0.4875 0.59375 0.0171875 0.0578125
0 0.5703125 0.678125 0.0171875 0.065625
0 0.59921875 0.62578125 0.01875 0.05625
0 0.5265625 0.49375 0.015625 0.05625
0 0.57265625 0.48515625 0.015625 0.05
0 0.50625 0.39921875 0.015625 0.04375
0 0.83125 0.55546875 0.0171875 0.053125
0 0.74453125 0.19609375 0.009375 0.04375
0 0.30703125 0.09609375 0.0109375 0.0390625
0 0.35625 0.32734375 0.0203125 0.05
0 0.09609375 0.478125 0.0203125 0.053125
0 0.1359375 0.71640625 0.0328125 0.0640625
0 0.24453125 0.88671875 0.0296875 0.0703125