0 0.55703125 0.325 0.0125 0.0296875
0 0.56484375 0.4203125 0.0125 0.034375
0 0.553125 0.446875 0.0109375 0.03125
0 0.48671875 0.4359375 0.0109375 0.0328125
0 0.46171875 0.45234375 0.0140625 0.0375
0 0.46015625 0.5234375 0.0125 0.040625
0 0.49921875 0.47578125 0.0125 0.0359375
0 0.51171875 0.5421875 0.0140625 0.040625
0 0.53359375 0.49375 0.0140625 0.0359375
0 0.5421875 0.5671875 0.0140625 0.0375
0 0.5609375 0.51328125 0.0140625 0.034375
0 0.58515625 0.4953125 0.0140625 0.034375
0 0.5875 0.60078125 0.0140625 0.040625
0 0.61796875 0.478125 0.015625 0.0390625
0 0.65 0.43515625 0.0125 0.034375
0 0.665625 0.4765625 0.0125 0.0359375
0 0.64609375 0.540625 0.0140625 0.040625
0 0.6734375 0.55859375 0.0125 0.0375
0 0.84765625 0.4546875 0.009375 0.03125
0 0.4828125 0.83984375 0.0265625 0.0625
0 0.3953125 0.55703125 0.0125 0.0390625
0 0.3078125 0.4390625 0.0171875 0.0375
0 0.2203125 0.4390625 0.009375 0.01875
0 0.2171875 0.46328125 0.0125 0.0328125
0 0.21015625 0.44453125 0.0140625 0.0328125
0 0.14921875 0.5359375 0.0125 0.0359375