0 0.44609375 0.28515625 0.0125 0.0328125
0 0.4359375 0.3890625 0.0125 0.0375
0 0.4484375 0.41796875 0.0125 0.034375
0 0.5203125 0.4078125 0.0109375 0.0375
0 0.54765625 0.4265625 0.015625 0.040625
0 0.54765625 0.5046875 0.0125 0.04375
0 0.50546875 0.45078125 0.0140625 0.0390625
0 0.490625 0.52421875 0.0140625 0.0453125
0 0.46796875 0.4703125 0.015625 0.0390625
0 0.4578125 0.55078125 0.015625 0.040625
0 0.43828125 0.490625 0.0140625 0.0375
0 0.4125 0.471875 0.0140625 0.0375
0 0.40703125 0.5859375 0.0140625 0.0453125
0 0.3765625 0.4515625 0.0171875 0.0421875
0 0.3421875 0.403125 0.0125 0.0375
0 0.32421875 0.4484375 0.0140625 0.0390625
0 0.34453125 0.51953125 0.015625 0.04375
0 0.3140625 0.53828125 0.0140625 0.040625
0 0.12578125 0.421875 0.009375 0.0328125
0 0.5171875 0.85 0.0265625 0.06875
0 0.61875 0.5421875 0.0125 0.0421875
0 0.715625 0.415625 0.0171875 0.040625
0 0.81171875 0.41640625 0.0109375 0.0203125
0 0.81484375 0.44296875 0.0125 0.0359375
0 0.82265625 0.42265625 0.015625 0.0359375
0 0.8875 0.5234375 0.0125 0.0390625