0 0.54921875 0.27109375 0.0125 0.034375
0 0.5765625 0.371875 0.0125 0.0390625
0 0.57109375 0.40703125 0.0125 0.034375
0 0.4765625 0.38984375 0.0109375 0.0390625
0 0.46640625 0.43359375 0.0125 0.0421875
0 0.43203125 0.553125 0.0140625 0.0421875
0 0.496875 0.54765625 0.0140625 0.0453125
0 0.50859375 0.515625 0.0125 0.0421875
0 0.56328125 0.5203125 0.0140625 0.0421875
0 0.52421875 0.46015625 0.015625 0.0359375
0 0.56015625 0.4609375 0.0125 0.0375
0 0.6125 0.4390625 0.0140625 0.0390625
0 0.62734375 0.47109375 0.0140625 0.0375
0 0.646875 0.57109375 0.0140625 0.0453125
0 0.6640625 0.46875 0.0125 0.0328125
0 0.66015625 0.43671875 0.0125 0.034375
0 0.671875 0.3703125 0.0125 0.040625
0 0.7109375 0.4140625 0.0125 0.040625
0 0.740625 0.51953125 0.0140625 0.0421875
0 0.88828125 0.353125 0.0109375 0.034375
0 0.5765625 0.846875 0.015625 0.0546875
0 0.30625 0.446875 0.0125 0.0421875
0 0.26015625 0.4765625 0.0171875 0.0390625
0 0.26328125 0.51328125 0.015625 0.040625
0 0.1875 0.48203125 0.0109375 0.0390625
0 0.1453125 0.6046875 0.0125 0.040625