0 0.60078125 0.26640625 0.0109375 0.034375
0 0.61953125 0.37109375 0.009375 0.0390625
0 0.6109375 0.40546875 0.009375 0.0359375
0 0.51796875 0.37890625 0.009375 0.0390625
0 0.50390625 0.42265625 0.0109375 0.0421875
0 0.4578125 0.540625 0.0125 0.0421875
0 0.52421875 0.540625 0.0109375 0.046875
0 0.53984375 0.51015625 0.009375 0.04375
0 0.59453125 0.51953125 0.0125 0.0421875
0 0.56015625 0.45390625 0.0140625 0.034375
0 0.5953125 0.45859375 0.0109375 0.0390625
0 0.65078125 0.440625 0.0109375 0.0390625
0 0.6625 0.475 0.0109375 0.0375
0 0.67265625 0.57734375 0.0125 0.0453125
0 0.7 0.47578125 0.0109375 0.0328125
0 0.6984375 0.44296875 0.0109375 0.0359375
0 0.71640625 0.37734375 0.0109375 0.040625
0 0.75234375 0.425 0.0109375 0.040625
0 0.77265625 0.53359375 0.0125 0.0421875
0 0.93671875 0.37890625 0.0078125 0.034375
0 0.578125 0.85 0.0140625 0.0546875
0 0.34140625 0.421875 0.009375 0.0421875
0 0.2921875 0.4484375 0.0140625 0.0390625
0 0.2921875 0.48515625 0.0125 0.040625
0 0.21875 0.44765625 0.009375 0.0390625
0 0.16484375 0.56796875 0.009375 0.040625