0 0.38046875 0.83125 0.0234375 0.059375
0 0.553125 0.53125 0.0171875 0.04375
0 0.53984375 0.3546875 0.015625 0.0390625
0 0.53046875 0.4140625 0.0140625 0.040625
0 0.5125 0.4328125 0.0171875 0.0375
0 0.46328125 0.54453125 0.01875 0.0484375
0 0.46953125 0.4921875 0.015625 0.04375
0 0.415625 0.4875 0.01875 0.0421875
0 0.43671875 0.42734375 0.015625 0.040625
0 0.4625 0.240625 0.0140625 0.034375
0 0.428125 0.37421875 0.015625 0.0375
0 0.4265625 0.33828125 0.0140625 0.0375
0 0.39296875 0.41171875 0.0140625 0.0390625
0 0.34609375 0.43828125 0.0171875 0.0390625
0 0.34140625 0.53359375 0.01875 0.0484375
0 0.3328125 0.4171875 0.0171875 0.0453125
0 0.32734375 0.40703125 0.0140625 0.0359375
0 0.33046875 0.328125 0.0140625 0.0390625
0 0.2484375 0.37578125 0.0171875 0.040625
0 0.21953125 0.471875 0.0171875 0.04375
0 0.1140625 0.2875 0.0125 0.0359375
0 0.6578125 0.5078125 0.0171875 0.040625
0 0.6765625 0.46796875 0.0171875 0.040625
0 0.696875 0.43984375 0.0171875 0.0375
0 0.8078125 0.4796875 0.0171875 0.0375
0 0.83984375 0.61015625 0.0140625 0.034375