0 0.43671875 0.32578125 0.0125 0.0328125
0 0.45 0.44921875 0.0125 0.0296875
0 0.42265625 0.41328125 0.0140625 0.034375
0 0.46875 0.5109375 0.0140625 0.0359375
0 0.46953125 0.54375 0.0140625 0.0375
0 0.55078125 0.39375 0.0125 0.0328125
0 0.5484375 0.4484375 0.0140625 0.0359375
0 0.56328125 0.47109375 0.015625 0.034375
0 0.534375 0.5125 0.015625 0.0359375
0 0.5296875 0.58203125 0.0171875 0.0421875
0 0.41796875 0.6015625 0.015625 0.0421875
0 0.42421875 0.5046875 0.0125 0.0328125
0 0.415625 0.51796875 0.0171875 0.0328125
0 0.37890625 0.48515625 0.015625 0.0375
0 0.38125 0.5171875 0.0140625 0.0359375
0 0.33828125 0.44453125 0.0140625 0.0359375
0 0.26328125 0.50546875 0.0140625 0.0390625
0 0.27265625 0.57421875 0.0140625 0.0375
0 0.15078125 0.45546875 0.0109375 0.0328125
0 0.60859375 0.553125 0.015625 0.0390625
0 0.63359375 0.4671875 0.0140625 0.0375
0 0.659375 0.50078125 0.015625 0.0390625
0 0.725 0.43515625 0.015625 0.0359375
0 0.85859375 0.53984375 0.009375 0.028125
0 0.82734375 0.42421875 0.0125 0.028125
0 0.5203125 0.82890625 0.01875 0.0515625