0 0.45625 0.31015625 0.0125 0.0328125
0 0.4390625 0.440625 0.0125 0.03125
0 0.41953125 0.396875 0.0140625 0.0359375
0 0.4421875 0.5078125 0.0125 0.0375
0 0.434375 0.5421875 0.0140625 0.0390625
0 0.55625 0.40859375 0.0125 0.034375
0 0.53984375 0.46484375 0.0140625 0.0375
0 0.5484375 0.49140625 0.015625 0.0375
0 0.5078125 0.5265625 0.0140625 0.0375
0 0.48671875 0.59609375 0.015625 0.0453125
0 0.3671875 0.58828125 0.0140625 0.04375
0 0.3984375 0.48984375 0.0109375 0.034375
0 0.3859375 0.5015625 0.0171875 0.034375
0 0.35703125 0.459375 0.0140625 0.0390625
0 0.35078125 0.49296875 0.0125 0.0375
0 0.32578125 0.40703125 0.0125 0.0375
0 0.23359375 0.45 0.0140625 0.040625
0 0.22578125 0.52265625 0.0140625 0.0390625
0 0.13125 0.3703125 0.009375 0.034375
0 0.57421875 0.5875 0.015625 0.040625
0 0.621875 0.50546875 0.0125 0.0390625
0 0.63984375 0.54609375 0.015625 0.040625
0 0.72421875 0.49609375 0.015625 0.0375
0 0.83359375 0.6375 0.009375 0.0296875
0 0.83125 0.51015625 0.0109375 0.028125
0 0.4140625 0.846875 0.01875 0.0546875