0 0.4546875 0.8265625 0.0203125 0.053125
0 0.52578125 0.59296875 0.015625 0.0453125
0 0.484375 0.534375 0.0140625 0.040625
0 0.4390625 0.56875 0.015625 0.0421875
0 0.4296875 0.58984375 0.0171875 0.040625
0 0.428125 0.52578125 0.0125 0.0421875
0 0.41015625 0.51875 0.0140625 0.0390625
0 0.39453125 0.4640625 0.0140625 0.040625
0 0.4828125 0.4671875 0.0140625 0.034375
0 0.50078125 0.46875 0.0125 0.034375
0 0.56796875 0.4640625 0.015625 0.0390625
0 0.58515625 0.46640625 0.0140625 0.0375
0 0.63359375 0.43125 0.0125 0.0375
0 0.64453125 0.5140625 0.015625 0.0390625
0 0.615625 0.578125 0.0140625 0.040625
0 0.590625 0.5546875 0.0140625 0.040625
0 0.509375 0.32890625 0.0109375 0.03125
0 0.44296875 0.40390625 0.0125 0.0375
0 0.328125 0.4140625 0.0125 0.0390625
0 0.26640625 0.5421875 0.0125 0.0421875
0 0.253125 0.48828125 0.0140625 0.040625
0 0.1625 0.37890625 0.0109375 0.0359375
0 0.721875 0.546875 0.015625 0.0390625
0 0.803125 0.52421875 0.0140625 0.0390625
0 0.8921875 0.53828125 0.0125 0.0359375
0 0.86953125 0.6328125 0.0109375 0.03125