0 0.53671875 0.74296875 0.015625 0.05
0 0.56796875 0.53046875 0.015625 0.0375
0 0.55703125 0.41796875 0.009375 0.0359375
0 0.6078125 0.53984375 0.0109375 0.0359375
0 0.46796875 0.41015625 0.0109375 0.034375
0 0.46015625 0.41875 0.0125 0.034375
0 0.446875 0.5109375 0.0140625 0.0375
0 0.4328125 0.49140625 0.0125 0.034375
0 0.59609375 0.29140625 0.009375 0.028125
0 0.63828125 0.34375 0.009375 0.03125
0 0.63359375 0.4671875 0.0125 0.034375
0 0.678125 0.4078125 0.0109375 0.0296875
0 0.6859375 0.41484375 0.0109375 0.025
0 0.74609375 0.409375 0.0140625 0.0296875
0 0.75625 0.384375 0.0109375 0.03125
0 0.6828125 0.47265625 0.0125 0.03125
0 0.67109375 0.5515625 0.0171875 0.040625
0 0.75234375 0.47734375 0.0140625 0.0359375
0 0.825 0.36640625 0.0109375 0.0296875
0 0.82265625 0.52265625 0.0125 0.0328125
0 0.83828125 0.5234375 0.0109375 0.034375
0 0.41484375 0.3390625 0.009375 0.034375
0 0.34921875 0.459375 0.0140625 0.034375
0 0.2421875 0.44140625 0.0125 0.034375
0 0.153125 0.509375 0.009375 0.034375