0 0.58515625 0.74375 0.01875 0.053125
0 0.5703125 0.5125 0.0171875 0.040625
0 0.534375 0.396875 0.0109375 0.0375
0 0.6140625 0.5140625 0.0140625 0.0390625
0 0.4390625 0.409375 0.0125 0.0359375
0 0.4328125 0.4203125 0.015625 0.0375
0 0.4390625 0.51953125 0.0171875 0.040625
0 0.4203125 0.50234375 0.0140625 0.0375
0 0.54609375 0.25546875 0.0109375 0.03125
0 0.60234375 0.30078125 0.0125 0.0328125
0 0.625 0.43203125 0.015625 0.0375
0 0.659375 0.36015625 0.0125 0.0328125
0 0.66953125 0.365625 0.0125 0.028125
0 0.73046875 0.34609375 0.015625 0.03125
0 0.73515625 0.31796875 0.0125 0.034375
0 0.678125 0.4265625 0.015625 0.034375
0 0.68359375 0.51328125 0.01875 0.04375
0 0.7515625 0.41640625 0.015625 0.0375
0 0.80234375 0.28359375 0.0125 0.03125
0 0.83515625 0.4484375 0.0140625 0.0359375
0 0.8515625 0.4453125 0.0125 0.0359375
0 0.3671875 0.3453125 0.0109375 0.0375
0 0.325 0.48671875 0.015625 0.0375
0 0.21015625 0.4921875 0.0140625 0.0390625
0 0.13203125 0.58359375 0.0109375 0.0359375