0 0.48046875 0.7984375 0.0125 0.0484375
0 0.4921875 0.56484375 0.0125 0.0375
0 0.428125 0.57109375 0.009375 0.0359375
0 0.41875 0.58046875 0.0125 0.0390625
0 0.42890625 0.471875 0.0109375 0.0296875
0 0.39765625 0.51875 0.009375 0.0359375
0 0.3859375 0.5359375 0.0109375 0.0375
0 0.43046875 0.4390625 0.0109375 0.0296875
0 0.365625 0.48203125 0.0125 0.0296875
0 0.34375 0.4640625 0.009375 0.034375
0 0.28046875 0.440625 0.009375 0.03125
0 0.159375 0.42109375 0.0078125 0.0328125
0 0.196875 0.50390625 0.009375 0.0359375
0 0.22734375 0.5734375 0.0125 0.040625
0 0.26015625 0.58046875 0.0125 0.040625
0 0.44921875 0.32265625 0.0078125 0.028125
0 0.54296875 0.4734375 0.0125 0.03125
0 0.525 0.5109375 0.0140625 0.0375
0 0.59453125 0.565625 0.0125 0.0375
0 0.59765625 0.56015625 0.0078125 0.0375
0 0.6265625 0.48671875 0.015625 0.0359375
0 0.63359375 0.42265625 0.0109375 0.03125
0 0.69140625 0.55390625 0.015625 0.040625
0 0.790625 0.55625 0.0125 0.0390625
0 0.85234375 0.5046875 0.009375 0.0359375
0 0.86015625 0.57421875 0.0078125 0.0328125