0 0.58671875 0.86171875 0.0234375 0.065625
0 0.6359375 0.596875 0.015625 0.0609375
0 0.64765625 0.5828125 0.015625 0.05625
0 0.64609375 0.53125 0.01875 0.053125
0 0.63125 0.4375 0.0140625 0.040625
0 0.51015625 0.578125 0.01875 0.059375
0 0.55234375 0.42890625 0.0171875 0.0453125
0 0.58046875 0.49609375 0.015625 0.05
0 0.6453125 0.2125 0.0125 0.040625
0 0.6359375 0.35234375 0.0140625 0.0453125
0 0.39296875 0.475 0.0203125 0.053125
0 0.41953125 0.54296875 0.01875 0.053125
0 0.3359375 0.55078125 0.0203125 0.0546875
0 0.328125 0.396875 0.0171875 0.0453125
0 0.33046875 0.35 0.01875 0.0453125
0 0.28046875 0.38046875 0.021875 0.0484375
0 0.21953125 0.50859375 0.0203125 0.0515625
0 0.13359375 0.52109375 0.0171875 0.053125
0 0.07734375 0.53515625 0.015625 0.0515625
0 0.15703125 0.38203125 0.0171875 0.046875
0 0.75546875 0.46484375 0.015625 0.053125
0 0.85546875 0.39765625 0.015625 0.05
0 0.87265625 0.6015625 0.0203125 0.05625
0 0.89453125 0.55625 0.01875 0.0546875