0 0.54375 0.8546875 0.021875 0.0671875
0 0.5890625 0.58671875 0.015625 0.0625
0 0.60078125 0.57265625 0.0140625 0.05625
0 0.59765625 0.52109375 0.01875 0.053125
0 0.58125 0.42734375 0.0140625 0.040625
0 0.46171875 0.5703125 0.01875 0.059375
0 0.5015625 0.41953125 0.0171875 0.046875
0 0.53046875 0.48671875 0.0140625 0.05
0 0.59140625 0.2 0.0125 0.040625
0 0.584375 0.34140625 0.0140625 0.0453125
0 0.34140625 0.46875 0.01875 0.053125
0 0.36953125 0.5359375 0.0171875 0.053125
0 0.28515625 0.54609375 0.0203125 0.0546875
0 0.275 0.39140625 0.015625 0.0453125
0 0.2765625 0.3453125 0.01875 0.0453125
0 0.2265625 0.37578125 0.0203125 0.0484375
0 0.16796875 0.5046875 0.01875 0.0515625
0 0.08203125 0.51953125 0.015625 0.053125
0 0.025 0.534375 0.015625 0.0515625
0 0.10234375 0.3796875 0.0171875 0.046875
0 0.70703125 0.45234375 0.015625 0.053125
0 0.80546875 0.3828125 0.015625 0.05
0 0.82734375 0.58828125 0.01875 0.05625
0 0.84765625 0.5421875 0.0171875 0.0546875
0 0.9734375 0.50390625 0.0171875 0.0515625