0 0.4453125 0.8296875 0.0171875 0.065625
0 0.40390625 0.578125 0.0125 0.05625
0 0.3859375 0.57734375 0.015625 0.05625
0 0.421875 0.51328125 0.0125 0.053125
0 0.5671875 0.54609375 0.015625 0.05625
0 0.4984375 0.4734375 0.0109375 0.05
0 0.51875 0.41953125 0.0125 0.046875
0 0.4609375 0.4046875 0.009375 0.040625
0 0.44453125 0.328125 0.0125 0.046875
0 0.30234375 0.44609375 0.0125 0.0515625
0 0.1984375 0.565625 0.015625 0.05625
0 0.24609375 0.47734375 0.0140625 0.05
0 0.00859375 0.475 0.0109375 0.0515625
0 0.2453125 0.35078125 0.0125 0.0609375
0 0.45 0.18125 0.009375 0.0375
0 0.625 0.37421875 0.0140625 0.0515625
0 0.62578125 0.459375 0.0171875 0.053125
0 0.71484375 0.4046875 0.0125 0.05
0 0.671875 0.5609375 0.01875 0.05625
0 0.65234375 0.5515625 0.0171875 0.05
0 0.81484375 0.54296875 0.01875 0.05
0 0.82421875 0.39765625 0.0109375 0.046875
0 0.93671875 0.55234375 0.0125 0.0375
0 0.95625 0.39140625 0.009375 0.04375