0 0.5765625 0.78046875 0.0234375 0.065625
0 0.6390625 0.53359375 0.01875 0.0578125
0 0.65703125 0.534375 0.021875 0.0578125
0 0.62734375 0.4671875 0.0171875 0.0546875
0 0.47890625 0.4875 0.0203125 0.0578125
0 0.55390625 0.42109375 0.015625 0.05
0 0.5390625 0.365625 0.0171875 0.0484375
0 0.59765625 0.35546875 0.0140625 0.0421875
0 0.6203125 0.28046875 0.015625 0.046875
0 0.75234375 0.4109375 0.0171875 0.053125
0 0.84453125 0.5390625 0.0203125 0.0578125
0 0.8046875 0.446875 0.01875 0.0515625
0 0.8171875 0.31953125 0.0171875 0.0625
0 0.62734375 0.13359375 0.0140625 0.0375
0 0.4375 0.3109375 0.01875 0.053125
0 0.428125 0.3953125 0.021875 0.0546875
0 0.34453125 0.33359375 0.0171875 0.05
0 0.37421875 0.49296875 0.025 0.05625
0 0.39375 0.48515625 0.021875 0.05
0 0.2328125 0.4625 0.0234375 0.0515625
0 0.2359375 0.3171875 0.015625 0.0484375
0 0.1109375 0.4609375 0.015625 0.0390625
0 0.03984375 0.4765625 0.0171875 0.053125
0 0.10546875 0.29921875 0.0140625 0.0453125