0 0.5453125 0.81328125 0.0203125 0.065625
0 0.53359375 0.5703125 0.0203125 0.0578125
0 0.578125 0.55234375 0.0171875 0.05625
0 0.36953125 0.51484375 0.0234375 0.053125
0 0.41015625 0.41640625 0.01875 0.04375
0 0.49296875 0.4015625 0.0140625 0.0421875
0 0.49375 0.33125 0.0171875 0.046875
0 0.60078125 0.4296875 0.015625 0.0515625
0 0.63125 0.45390625 0.01875 0.0546875
0 0.6875 0.34609375 0.01875 0.0484375
0 0.715625 0.5421875 0.0203125 0.0578125
0 0.91953125 0.4625 0.0234375 0.0515625
0 0.97265625 0.28125 0.01875 0.0515625
0 0.45390625 0.1625 0.0140625 0.0390625
0 0.3453125 0.5765625 0.021875 0.05625
0 0.2765625 0.47890625 0.021875 0.0515625
0 0.240625 0.3640625 0.01875 0.0484375
0 0.17109375 0.4796875 0.0171875 0.0546875
0 0.13515625 0.4546875 0.0171875 0.0515625
0 0.1546875 0.5359375 0.0171875 0.05
0 0.11796875 0.52265625 0.021875 0.0328125
0 0.08046875 0.51171875 0.0203125 0.0546875
0 0.084375 0.46953125 0.0171875 0.053125
0 0.0140625 0.6109375 0.015625 0.0515625
0 0.05234375 0.42890625 0.0171875 0.0484375
0 0.50234375 0.4703125 0.0203125 0.0625