0 0.55 0.80546875 0.0171875 0.0640625
0 0.546875 0.56484375 0.0171875 0.0578125
0 0.5921875 0.54765625 0.0140625 0.0546875
0 0.3859375 0.503125 0.021875 0.0515625
0 0.43046875 0.4078125 0.0171875 0.04375
0 0.5125 0.3953125 0.0125 0.040625
0 0.51640625 0.325 0.015625 0.046875
0 0.61875 0.4265625 0.0140625 0.0515625
0 0.6484375 0.45234375 0.015625 0.053125
0 0.7078125 0.34609375 0.0171875 0.0484375
0 0.7296875 0.54375 0.0171875 0.0578125
0 0.93515625 0.4703125 0.0203125 0.05
0 0.48125 0.15625 0.0140625 0.0375
0 0.359375 0.56484375 0.01875 0.05625
0 0.29453125 0.4640625 0.0203125 0.0515625
0 0.26328125 0.34921875 0.0171875 0.0484375
0 0.190625 0.46171875 0.0140625 0.053125
0 0.1546875 0.4359375 0.015625 0.05
0 0.171875 0.5171875 0.015625 0.0484375
0 0.1359375 0.503125 0.0203125 0.03125
0 0.0984375 0.490625 0.01875 0.053125
0 0.10390625 0.4484375 0.015625 0.0515625
0 0.02890625 0.58671875 0.015625 0.0515625
0 0.0734375 0.4078125 0.015625 0.046875
0 0.51953125 0.4640625 0.01875 0.0625