0 0.5765625 0.7921875 0.025 0.071875
0 0.525 0.5640625 0.0234375 0.059375
0 0.3578125 0.571875 0.0234375 0.0703125
0 0.37578125 0.5359375 0.0203125 0.053125
0 0.371875 0.43203125 0.0203125 0.046875
0 0.45234375 0.415625 0.021875 0.04375
0 0.46796875 0.478125 0.021875 0.053125
0 0.57578125 0.54765625 0.021875 0.0546875
0 0.56328125 0.4046875 0.021875 0.053125
0 0.696875 0.540625 0.021875 0.0546875
0 0.68125 0.43359375 0.0171875 0.053125
0 0.66328125 0.33515625 0.0171875 0.0421875
0 0.865625 0.46328125 0.0234375 0.0515625
0 0.44296875 0.165625 0.0140625 0.03125
0 0.46484375 0.31953125 0.01875 0.0484375
0 0.23828125 0.50390625 0.0203125 0.0546875
0 0.20546875 0.35703125 0.0203125 0.05
0 0.15859375 0.453125 0.0203125 0.05
0 0.19140625 0.4890625 0.01875 0.05
0 0.18671875 0.57421875 0.021875 0.053125
0 0.1203125 0.53515625 0.0171875 0.05
0 0.03671875 0.63125 0.021875 0.053125
0 0.04609375 0.4875 0.0296875 0.0375
0 0.07734375 0.51171875 0.021875 0.05625
0 0.075 0.46015625 0.021875 0.0484375