0 0.5171875 0.790625 0.025 0.0734375
0 0.5046875 0.55546875 0.0234375 0.059375
0 0.66875 0.515625 0.0234375 0.0703125
0 0.640625 0.48515625 0.0203125 0.0546875
0 0.615625 0.384375 0.0203125 0.046875
0 0.5328125 0.390625 0.021875 0.0453125
0 0.5359375 0.45546875 0.0234375 0.053125
0 0.44921875 0.553125 0.021875 0.0546875
0 0.42265625 0.4109375 0.021875 0.053125
0 0.33046875 0.58046875 0.021875 0.0546875
0 0.315625 0.471875 0.01875 0.0546875
0 0.30625 0.37109375 0.0171875 0.0421875
0 0.1453125 0.5515625 0.025 0.0515625
0 0.4734375 0.1453125 0.0140625 0.0328125
0 0.49375 0.30078125 0.01875 0.0484375
0 0.76484375 0.41640625 0.021875 0.05625
0 0.75625 0.26484375 0.0203125 0.05
0 0.828125 0.3453125 0.0203125 0.0515625
0 0.80703125 0.3890625 0.0203125 0.0515625
0 0.834375 0.4703125 0.021875 0.053125
0 0.88828125 0.4140625 0.01875 0.0515625
0 0.99296875 0.48203125 0.0140625 0.0515625
0 0.946875 0.34609375 0.0296875 0.0375
0 0.92421875 0.3796875 0.021875 0.05625
0 0.9125 0.328125 0.021875 0.0484375