0 0.4765625 0.809375 0.03125 0.0703125
0 0.41484375 0.5609375 0.01875 0.0578125
0 0.4546875 0.56015625 0.01875 0.059375
0 0.61875 0.52578125 0.021875 0.05625
0 0.59296875 0.3984375 0.0203125 0.0453125
0 0.5734375 0.4875 0.01875 0.053125
0 0.52734375 0.46796875 0.021875 0.05
0 0.5171875 0.4046875 0.0171875 0.0453125
0 0.4734375 0.2953125 0.015625 0.0453125
0 0.459375 0.16328125 0.0140625 0.034375
0 0.40546875 0.3859375 0.0203125 0.0515625
0 0.27421875 0.36953125 0.015625 0.0515625
0 0.2859375 0.4796875 0.0171875 0.0546875
0 0.30390625 0.57578125 0.0375 0.0609375
0 0.1703125 0.5484375 0.021875 0.053125
0 0.73203125 0.28125 0.0171875 0.0484375
0 0.70625 0.42890625 0.0234375 0.0546875
0 0.7625 0.43984375 0.0171875 0.0515625
0 0.775 0.49765625 0.0171875 0.0546875
0 0.78515625 0.37734375 0.0203125 0.05
0 0.8578125 0.34609375 0.021875 0.05
0 0.88671875 0.4515625 0.021875 0.053125
0 0.9015625 0.4421875 0.021875 0.0546875
0 0.9828125 0.5046875 0.0203125 0.05
0 0.90859375 0.36640625 0.0203125 0.05