0 0.40859375 0.75625 0.0359375 0.0734375
0 0.40859375 0.490625 0.0203125 0.059375
0 0.44921875 0.49921875 0.0203125 0.0625
0 0.62265625 0.50625 0.0234375 0.059375
0 0.62890625 0.37109375 0.0234375 0.0484375
0 0.5859375 0.45625 0.0203125 0.05625
0 0.54453125 0.425 0.025 0.053125
0 0.55078125 0.35859375 0.0203125 0.046875
0 0.534375 0.23828125 0.0171875 0.0484375
0 0.55390625 0.10234375 0.015625 0.0359375
0 0.44375 0.31171875 0.0234375 0.0546875
0 0.315625 0.2625 0.01875 0.053125
0 0.3 0.3765625 0.01875 0.05625
0 0.29296875 0.47734375 0.040625 0.065625
0 0.16640625 0.41640625 0.0234375 0.0546875
0 0.796875 0.28828125 0.01875 0.05
0 0.734375 0.43046875 0.0265625 0.05625
0 0.7875 0.45625 0.0203125 0.053125
0 0.78515625 0.5171875 0.0203125 0.05625
0 0.82578125 0.39921875 0.021875 0.053125
0 0.90703125 0.38515625 0.0234375 0.053125
0 0.909375 0.4984375 0.025 0.05625
0 0.92734375 0.4921875 0.0234375 0.0578125
0 0.990625 0.575 0.0140625 0.05
0 0.953125 0.41953125 0.021875 0.0515625