0 0.5296875 0.80078125 0.0265625 0.0703125
0 0.39765625 0.5109375 0.0203125 0.0578125
0 0.29375 0.44296875 0.01875 0.0546875
0 0.39609375 0.365625 0.0171875 0.05
0 0.4328125 0.371875 0.0203125 0.0484375
0 0.4703125 0.43671875 0.01875 0.05
0 0.4828125 0.4453125 0.01875 0.05
0 0.45546875 0.26953125 0.01875 0.0484375
0 0.43359375 0.1171875 0.015625 0.0453125
0 0.565625 0.3484375 0.0203125 0.059375
0 0.5765625 0.5234375 0.01875 0.0609375
0 0.58203125 0.51640625 0.015625 0.05625
0 0.6453125 0.39609375 0.021875 0.05
0 0.7078125 0.48203125 0.0234375 0.053125
0 0.69140625 0.28984375 0.021875 0.0515625
0 0.765625 0.421875 0.01875 0.053125
0 0.95859375 0.2265625 0.015625 0.046875
0 0.209375 0.31171875 0.0171875 0.05
0 0.1953125 0.3890625 0.0171875 0.0515625
0 0.21484375 0.51796875 0.0234375 0.0578125
0 0.1875 0.5 0.021875 0.0578125
0 0.0921875 0.5359375 0.0203125 0.0578125
0 0.03515625 0.528125 0.021875 0.059375
0 0.09765625 0.3671875 0.0203125 0.053125