0 0.43984375 0.82734375 0.0265625 0.0625
0 0.671875 0.578125 0.021875 0.0546875
0 0.6765625 0.43125 0.01875 0.05
0 0.678125 0.36015625 0.0234375 0.0484375
0 0.5625 0.48671875 0.01875 0.05
0 0.49765625 0.39921875 0.021875 0.04375
0 0.47734375 0.3171875 0.01875 0.0421875
0 0.45546875 0.40859375 0.01875 0.046875
0 0.43984375 0.55390625 0.0203125 0.0609375
0 0.40390625 0.47421875 0.021875 0.0515625
0 0.36796875 0.53203125 0.0234375 0.053125
0 0.29765625 0.53203125 0.0234375 0.059375
0 0.31171875 0.4734375 0.0203125 0.05
0 0.30625 0.41328125 0.0234375 0.053125
0 0.2265625 0.43515625 0.0203125 0.0515625
0 0.2640625 0.315625 0.0171875 0.040625
0 0.15390625 0.38203125 0.0171875 0.0515625
0 0.159375 0.34609375 0.021875 0.0453125
0 0.096875 0.253125 0.01875 0.0421875
0 0.5203125 0.159375 0.015625 0.04375
0 0.84296875 0.4578125 0.0203125 0.053125
0 0.8875 0.59140625 0.0234375 0.0578125
0 0.8078125 0.60234375 0.025 0.05625
0 0.74296875 0.57578125 0.0203125 0.0546875