0 0.5125 0.80625 0.0203125 0.059375
0 0.30859375 0.54453125 0.0171875 0.0515625
0 0.315625 0.403125 0.015625 0.0484375
0 0.32109375 0.334375 0.01875 0.0453125
0 0.421875 0.46640625 0.0140625 0.0484375
0 0.49140625 0.38671875 0.0171875 0.040625
0 0.51796875 0.309375 0.0140625 0.040625
0 0.53125 0.39921875 0.0140625 0.04375
0 0.53515625 0.54140625 0.0140625 0.059375
0 0.57578125 0.46640625 0.0171875 0.0484375
0 0.60625 0.5265625 0.01875 0.05
0 0.6734375 0.53203125 0.0171875 0.05625
0 0.66484375 0.47421875 0.015625 0.0484375
0 0.675 0.4171875 0.0203125 0.0515625
0 0.75 0.4453125 0.015625 0.0484375
0 0.72421875 0.32578125 0.0140625 0.0375
0 0.825 0.39921875 0.0125 0.05
0 0.82265625 0.36484375 0.0171875 0.0421875
0 0.890625 0.2796875 0.0140625 0.0390625
0 0.490625 0.15390625 0.0109375 0.040625
0 0.15390625 0.4140625 0.015625 0.05
0 0.1 0.53984375 0.01875 0.0546875
0 0.17578125 0.5578125 0.01875 0.053125
0 0.23984375 0.53671875 0.0140625 0.0515625