0 0.59140625 0.784375 0.021875 0.0703125
0 0.56796875 0.4296875 0.01875 0.0609375
0 0.4578125 0.51796875 0.021875 0.065625
0 0.4328125 0.52578125 0.01875 0.059375
0 0.4171875 0.4671875 0.015625 0.0578125
0 0.3625 0.53046875 0.0203125 0.0640625
0 0.41796875 0.39453125 0.0203125 0.05
0 0.43125 0.34921875 0.0140625 0.053125
0 0.459375 0.26640625 0.0171875 0.0515625
0 0.28203125 0.31640625 0.0171875 0.053125
0 0.21015625 0.34921875 0.021875 0.0515625
0 0.2421875 0.39453125 0.01875 0.0609375
0 0.29609375 0.4484375 0.0203125 0.0546875
0 0.1765625 0.446875 0.021875 0.05625
0 0.16328125 0.45546875 0.0203125 0.0578125
0 0.0859375 0.271875 0.015625 0.0484375
0 0.49375 0.0765625 0.0140625 0.04375
0 0.6703125 0.2625 0.015625 0.0515625
0 0.68125 0.3421875 0.0203125 0.05625
0 0.715625 0.50625 0.025 0.059375
0 0.7890625 0.48671875 0.021875 0.0625
0 0.87890625 0.48671875 0.021875 0.059375
0 0.9 0.3453125 0.0203125 0.0578125