0 0.4578125 0.759375 0.028125 0.071875
0 0.6234375 0.43984375 0.021875 0.059375
0 0.6078125 0.46171875 0.0265625 0.059375
0 0.559375 0.315625 0.0234375 0.0484375
0 0.56875 0.2171875 0.01875 0.0546875
0 0.4890625 0.38984375 0.025 0.0546875
0 0.39375 0.4828125 0.0265625 0.0625
0 0.36484375 0.24375 0.0203125 0.046875
0 0.33671875 0.33203125 0.01875 0.05
0 0.32578125 0.31484375 0.0203125 0.046875
0 0.31796875 0.509375 0.028125 0.0609375
0 0.284375 0.5109375 0.025 0.059375
0 0.303125 0.44140625 0.028125 0.05625
0 0.271875 0.428125 0.0234375 0.053125
0 0.2125 0.37734375 0.0234375 0.0546875
0 0.190625 0.36484375 0.025 0.0578125
0 0.128125 0.31328125 0.01875 0.05625
0 0.1 0.52421875 0.0265625 0.0609375
0 0.059375 0.50546875 0.0265625 0.0640625
0 0.35546875 0.059375 0.0140625 0.0453125
0 0.77265625 0.2953125 0.0171875 0.0546875
0 0.77890625 0.43671875 0.0296875 0.059375
0 0.9390625 0.3984375 0.0265625 0.0625
0 0.9640625 0.21484375 0.015625 0.053125