0 0.525 0.759375 0.0265625 0.0671875
0 0.36640625 0.46640625 0.0203125 0.0546875
0 0.38046875 0.4859375 0.0234375 0.05625
0 0.42421875 0.34921875 0.0203125 0.04375
0 0.41328125 0.2578125 0.015625 0.0515625
0 0.490625 0.41640625 0.021875 0.05
0 0.5796875 0.50234375 0.0234375 0.0578125
0 0.603125 0.27890625 0.01875 0.0421875
0 0.63125 0.3609375 0.0171875 0.0453125
0 0.64140625 0.3453125 0.0171875 0.04375
0 0.6515625 0.52421875 0.025 0.05625
0 0.6828125 0.52578125 0.021875 0.0546875
0 0.66328125 0.4625 0.025 0.0515625
0 0.69296875 0.4484375 0.021875 0.0484375
0 0.746875 0.4 0.0203125 0.05
0 0.7671875 0.3890625 0.021875 0.053125
0 0.82421875 0.33984375 0.0171875 0.053125
0 0.8546875 0.53515625 0.0234375 0.05625
0 0.89140625 0.5171875 0.025 0.059375
0 0.60859375 0.1078125 0.0125 0.0421875
0 0.225 0.33359375 0.015625 0.0515625
0 0.221875 0.46484375 0.0265625 0.05625
0 0.07109375 0.43125 0.0234375 0.0578125
0 0.04296875 0.26171875 0.0203125 0.05