0 0.34140625 0.8984375 0.0421875 0.0265625
0 0.325 0.86015625 0.01875 0.059375
0 0.4609375 0.86171875 0.025 0.059375
0 0.46328125 0.71015625 0.015625 0.0578125
0 0.41953125 0.68671875 0.01875 0.059375
0 0.39609375 0.70859375 0.01875 0.059375
0 0.4640625 0.62421875 0.0171875 0.053125
0 0.425 0.6046875 0.0203125 0.05
0 0.453125 0.54140625 0.021875 0.0484375
0 0.49296875 0.34609375 0.015625 0.0453125
0 0.446875 0.4015625 0.0140625 0.040625
0 0.44140625 0.41640625 0.015625 0.0484375
0 0.34609375 0.4859375 0.0140625 0.0453125
0 0.30859375 0.49140625 0.01875 0.05
0 0.29140625 0.49453125 0.01875 0.0484375
0 0.2171875 0.57109375 0.0171875 0.0515625
0 0.1109375 0.29453125 0.0125 0.0421875
0 0.5390625 0.1765625 0.0140625 0.0375
0 0.5859375 0.43515625 0.015625 0.046875
0 0.73125 0.578125 0.015625 0.0515625
0 0.765625 0.46796875 0.015625 0.046875
0 0.75859375 0.5515625 0.01875 0.05
0 0.8 0.71015625 0.0203125 0.0546875
0 0.99375 0.40625 0.0125 0.04375
0 0.56875 0.75859375 0.021875 0.059375