0 0.4921875 0.890625 0.0328125 0.071875
0 0.37421875 0.55 0.028125 0.0625
0 0.30859375 0.41640625 0.0203125 0.0484375
0 0.41484375 0.421875 0.0234375 0.046875
0 0.4078125 0.3921875 0.0265625 0.059375
0 0.29140625 0.3421875 0.021875 0.0546875
0 0.35234375 0.28515625 0.021875 0.0484375
0 0.3921875 0.2765625 0.0203125 0.0484375
0 0.50234375 0.35625 0.0171875 0.0421875
0 0.51171875 0.3328125 0.0203125 0.04375
0 0.53203125 0.3296875 0.0203125 0.0453125
0 0.60703125 0.3109375 0.021875 0.05
0 0.6109375 0.43828125 0.0203125 0.0484375
0 0.625 0.43125 0.021875 0.05
0 0.64375 0.565625 0.0265625 0.05625
0 0.734375 0.53046875 0.025 0.053125
0 0.72734375 0.3359375 0.021875 0.0515625
0 0.75234375 0.36640625 0.021875 0.0515625
0 0.809375 0.375 0.0234375 0.0484375
0 0.99609375 0.4390625 0.0078125 0.053125
0 0.66640625 0.20078125 0.0171875 0.0421875
0 0.20078125 0.440625 0.0234375 0.059375
0 0.2453125 0.3609375 0.0203125 0.0546875
0 0.05078125 0.4546875 0.021875 0.0546875
0 0.0296875 0.3421875 0.021875 0.0546875