0 0.40625 0.89375 0.021875 0.0734375
0 0.59140625 0.56171875 0.01875 0.0625
0 0.684375 0.434375 0.0125 0.05
0 0.5734375 0.4203125 0.0171875 0.046875
0 0.58515625 0.3921875 0.0171875 0.059375
0 0.715625 0.36015625 0.0140625 0.05625
0 0.6625 0.28984375 0.015625 0.0484375
0 0.62265625 0.2734375 0.0125 0.0484375
0 0.49375 0.3359375 0.0125 0.04375
0 0.4875 0.31015625 0.0140625 0.04375
0 0.46796875 0.303125 0.0140625 0.0453125
0 0.39296875 0.2703125 0.0140625 0.0515625
0 0.365625 0.40234375 0.0125 0.05
0 0.35234375 0.3921875 0.0140625 0.0515625
0 0.3078125 0.52890625 0.01875 0.05625
0 0.2203125 0.475 0.015625 0.0546875
0 0.2625 0.27421875 0.0140625 0.053125
0 0.23203125 0.3015625 0.0125 0.053125
0 0.1703125 0.29921875 0.015625 0.05
0 0.35078125 0.14453125 0.0109375 0.04375
0 0.79140625 0.4796875 0.0125 0.0609375
0 0.76015625 0.38828125 0.0125 0.05625
0 0.9453125 0.521875 0.0125 0.05625
0 0.98828125 0.40859375 0.0125 0.05625