0 0.49921875 0.7359375 0.028125 0.071875
0 0.46875 0.45234375 0.028125 0.0625
0 0.446875 0.4328125 0.0265625 0.0609375
0 0.36796875 0.44296875 0.0234375 0.059375
0 0.40546875 0.25390625 0.01875 0.0578125
0 0.42734375 0.32109375 0.025 0.0578125
0 0.475 0.35234375 0.01875 0.05
0 0.5171875 0.38203125 0.025 0.0546875
0 0.534375 0.3078125 0.0265625 0.0484375
0 0.5703125 0.21015625 0.01875 0.053125
0 0.59140625 0.271875 0.0234375 0.04375
0 0.57421875 0.42421875 0.0234375 0.0609375
0 0.63203125 0.50703125 0.0296875 0.0640625
0 0.64140625 0.49140625 0.021875 0.0625
0 0.7 0.35703125 0.021875 0.05625
0 0.80625 0.53671875 0.0234375 0.0640625
0 0.828125 0.3125 0.0234375 0.0578125
0 0.9796875 0.50703125 0.025 0.0640625
0 0.5828125 0.02734375 0.01875 0.0421875
0 0.1203125 0.2640625 0.0234375 0.0625
0 0.265625 0.28984375 0.021875 0.05625
0 0.1609375 0.42734375 0.0265625 0.0609375
0 0.1078125 0.4203125 0.03125 0.0625