0 0.553125 0.7125 0.021875 0.065625
0 0.64375 0.5015625 0.025 0.059375
0 0.60078125 0.4921875 0.0203125 0.0578125
0 0.53984375 0.48984375 0.025 0.0609375
0 0.60078125 0.403125 0.0296875 0.0640625
0 0.58359375 0.40546875 0.0203125 0.053125
0 0.7140625 0.38515625 0.025 0.05625
0 0.74375 0.2734375 0.0171875 0.0515625
0 0.81953125 0.38046875 0.025 0.053125
0 0.83515625 0.509375 0.0234375 0.059375
0 0.790625 0.52265625 0.021875 0.0578125
0 0.59140625 0.0390625 0.0171875 0.04375
0 0.52109375 0.228125 0.01875 0.05
0 0.4359375 0.4640625 0.0234375 0.059375
0 0.41796875 0.40234375 0.0171875 0.05625
0 0.41328125 0.39609375 0.0171875 0.0515625
0 0.31015625 0.4625 0.0265625 0.0625
0 0.221875 0.196875 0.021875 0.046875
0 0.23515625 0.26328125 0.021875 0.05
0 0.2203125 0.39296875 0.01875 0.0546875
0 0.1921875 0.37578125 0.021875 0.0515625
0 0.15390625 0.328125 0.021875 0.053125
0 0.12890625 0.33984375 0.0234375 0.053125
0 0.18046875 0.1421875 0.0171875 0.0484375