0 0.4515625 0.68984375 0.0203125 0.0609375
0 0.4734375 0.46015625 0.01875 0.059375
0 0.359375 0.45 0.0171875 0.0578125
0 0.36875 0.325 0.0171875 0.053125
0 0.3890625 0.446875 0.0171875 0.0546875
0 0.45078125 0.3703125 0.015625 0.05625
0 0.2984375 0.2109375 0.0125 0.0484375
0 0.49453125 0.3734375 0.015625 0.0484375
0 0.559375 0.3578125 0.0203125 0.0546875
0 0.565625 0.253125 0.0140625 0.04375
0 0.596875 0.39921875 0.0171875 0.053125
0 0.5609375 0.44765625 0.0140625 0.05625
0 0.60234375 0.4609375 0.015625 0.0578125
0 0.7046875 0.27734375 0.0203125 0.05
0 0.771875 0.246875 0.0171875 0.0484375
0 0.728125 0.38203125 0.01875 0.05
0 0.7546875 0.421875 0.0140625 0.0546875
0 0.7953125 0.3640625 0.0140625 0.0484375
0 0.803125 0.44609375 0.0171875 0.0515625
0 0.9203125 0.20546875 0.0125 0.0484375
0 0.49375 0.015625 0.0125 0.03125
0 0.24921875 0.2921875 0.01875 0.053125
0 0.18515625 0.45078125 0.0140625 0.053125
0 0.07890625 0.4484375 0.0203125 0.0484375