0 0.50546875 0.778125 0.0265625 0.0734375
0 0.57734375 0.5140625 0.0203125 0.059375
0 0.56015625 0.51015625 0.0265625 0.05625
0 0.44921875 0.49296875 0.0265625 0.0609375
0 0.4703125 0.425 0.0234375 0.0625
0 0.45078125 0.428125 0.01875 0.05625
0 0.67421875 0.321875 0.01875 0.059375
0 0.41953125 0.3828125 0.0203125 0.05625
0 0.41484375 0.25390625 0.0203125 0.059375
0 0.3703125 0.41953125 0.0234375 0.05625
0 0.3609375 0.27109375 0.0203125 0.0625
0 0.35859375 0.36953125 0.0203125 0.0515625
0 0.33515625 0.475 0.025 0.0578125
0 0.3046875 0.17734375 0.021875 0.0578125
0 0.21875 0.32109375 0.01875 0.040625
0 0.225 0.35078125 0.0328125 0.046875
0 0.20859375 0.39609375 0.0203125 0.04375
0 0.08046875 0.375 0.028125 0.046875
0 0.72890625 0.2046875 0.0203125 0.0578125
0 0.81328125 0.3140625 0.01875 0.05625
0 0.7890625 0.50703125 0.021875 0.0484375
0 0.9203125 0.52890625 0.028125 0.0578125