0 0.4546875 0.73984375 0.01875 0.0703125
0 0.57890625 0.50390625 0.0171875 0.0671875
0 0.55625 0.48359375 0.01875 0.0578125
0 0.49140625 0.31015625 0.0203125 0.05625
0 0.40390625 0.33515625 0.0140625 0.0546875
0 0.34375 0.4953125 0.021875 0.071875
0 0.321875 0.49296875 0.01875 0.0625
0 0.3125 0.4015625 0.0171875 0.0578125
0 0.27265625 0.48515625 0.0203125 0.065625
0 0.24609375 0.40390625 0.01875 0.0578125
0 0.30078125 0.29296875 0.015625 0.05625
0 0.37421875 0.28515625 0.0203125 0.0578125
0 0.35625 0.21875 0.0171875 0.0484375
0 0.165625 0.2484375 0.015625 0.06875
0 0.184375 0.3828125 0.0140625 0.0578125
0 0.1296875 0.38671875 0.015625 0.05625
0 0.0984375 0.4125 0.015625 0.053125
0 0.67734375 0.24921875 0.015625 0.0578125
0 0.75078125 0.46328125 0.01875 0.059375
0 0.9609375 0.425 0.025 0.0578125