0 0.6265625 0.7234375 0.021875 0.0609375
0 0.67421875 0.56796875 0.0171875 0.0546875
0 0.70625 0.55703125 0.0171875 0.0546875
0 0.8078125 0.5625 0.0203125 0.059375
0 0.6515625 0.33984375 0.0171875 0.0515625
0 0.6484375 0.4265625 0.015625 0.0515625
0 0.5734375 0.57109375 0.01875 0.059375
0 0.55 0.425 0.0171875 0.05
0 0.53828125 0.47265625 0.015625 0.05625
0 0.50546875 0.3203125 0.0140625 0.05
0 0.43984375 0.50078125 0.015625 0.0546875
0 0.42421875 0.528125 0.015625 0.0515625
0 0.41015625 0.553125 0.01875 0.059375
0 0.38359375 0.37734375 0.01875 0.05
0 0.33203125 0.33515625 0.0140625 0.05
0 0.19921875 0.2296875 0.0125 0.0375
0 0.30078125 0.42421875 0.015625 0.05
0 0.3109375 0.478125 0.0203125 0.05625
0 0.21953125 0.47265625 0.0171875 0.0484375
0 0.184375 0.453125 0.015625 0.0484375
0 0.19765625 0.55546875 0.0234375 0.05625
0 0.17734375 0.553125 0.0234375 0.05625
0 0.546875 0.07890625 0.0125 0.03125
0 0.90703125 0.5234375 0.0171875 0.05625