0 0.4390625 0.934375 0.0421875 0.0234375
0 0.41796875 0.92109375 0.021875 0.0453125
0 0.540625 0.83359375 0.0265625 0.0640625
0 0.43359375 0.7859375 0.0203125 0.059375
0 0.68359375 0.721875 0.0203125 0.059375
0 0.56015625 0.59609375 0.025 0.0546875
0 0.54609375 0.66875 0.0203125 0.0578125
0 0.4953125 0.5703125 0.0203125 0.05
0 0.4109375 0.65078125 0.0234375 0.05625
0 0.38671875 0.7609375 0.0265625 0.0609375
0 0.36875 0.48828125 0.0171875 0.0453125
0 0.36875 0.52109375 0.01875 0.046875
0 0.31875 0.54296875 0.0171875 0.0515625
0 0.22265625 0.5984375 0.0203125 0.053125
0 0.08125 0.3890625 0.0171875 0.0453125
0 0.44453125 0.41015625 0.0171875 0.0453125
0 0.45234375 0.36640625 0.0171875 0.0453125
0 0.4578125 0.34765625 0.015625 0.04375
0 0.46796875 0.18984375 0.0171875 0.0375
0 0.58203125 0.3734375 0.0171875 0.046875
0 0.7453125 0.4921875 0.0203125 0.0515625
0 0.78671875 0.4 0.01875 0.0484375
0 0.7875 0.4625 0.0203125 0.0515625
0 0.8625 0.6234375 0.025 0.0578125
0 0.9171875 0.309375 0.0203125 0.04375