0 0.63515625 0.9265625 0.040625 0.0171875
0 0.65390625 0.91015625 0.015625 0.04375
0 0.51875 0.8390625 0.01875 0.0625
0 0.61875 0.77734375 0.0125 0.0578125
0 0.3609375 0.7484375 0.0125 0.059375
0 0.465625 0.6046875 0.01875 0.053125
0 0.490625 0.675 0.0125 0.0578125
0 0.52734375 0.56953125 0.0140625 0.05
0 0.62265625 0.63828125 0.015625 0.053125
0 0.66328125 0.74609375 0.01875 0.059375
0 0.6421875 0.46953125 0.0125 0.04375
0 0.646875 0.50234375 0.0125 0.046875
0 0.7 0.5171875 0.0109375 0.05
0 0.80390625 0.559375 0.0125 0.053125
0 0.915625 0.33046875 0.0109375 0.04375
0 0.55546875 0.4015625 0.0109375 0.04375
0 0.5421875 0.359375 0.0109375 0.04375
0 0.5328125 0.340625 0.009375 0.0421875
0 0.50078125 0.18515625 0.0125 0.0375
0 0.41328125 0.38515625 0.0109375 0.0453125
0 0.26640625 0.5265625 0.0125 0.05
0 0.2125 0.43984375 0.0125 0.046875
0 0.2203125 0.503125 0.0125 0.0515625
0 0.1671875 0.675 0.0171875 0.05625
0 0.06875 0.36875 0.0140625 0.04375