0 0.39296875 0.81875 0.0265625 0.071875
0 0.29375 0.6109375 0.0234375 0.065625
0 0.3078125 0.4640625 0.021875 0.0578125
0 0.25703125 0.38046875 0.01875 0.05625
0 0.41640625 0.56953125 0.0234375 0.0640625
0 0.4421875 0.4578125 0.0203125 0.059375
0 0.43203125 0.32421875 0.0171875 0.053125
0 0.459375 0.40859375 0.0203125 0.0578125
0 0.50859375 0.48046875 0.025 0.05625
0 0.525 0.48515625 0.021875 0.059375
0 0.5359375 0.49375 0.021875 0.05625
0 0.52109375 0.41640625 0.0234375 0.053125
0 0.56484375 0.4296875 0.01875 0.025
0 0.575 0.42421875 0.021875 0.05625
0 0.625 0.3078125 0.01875 0.0515625
0 0.7140625 0.509375 0.025 0.075
0 0.72578125 0.49140625 0.021875 0.0625
0 0.74921875 0.43203125 0.025 0.0546875
0 0.85 0.453125 0.0234375 0.0546875
0 0.7671875 0.1671875 0.0171875 0.0515625
0 0.35234375 0.06484375 0.0140625 0.034375
0 0.24453125 0.59921875 0.021875 0.065625
0 0.15625 0.61796875 0.0234375 0.0625
0 0.025 0.63046875 0.028125 0.065625