0 0.36640625 0.72890625 0.021875 0.08125
0 0.30859375 0.51953125 0.0140625 0.059375
0 0.30234375 0.50078125 0.015625 0.0578125
0 0.22421875 0.5125 0.0171875 0.0546875
0 0.2875 0.353125 0.0140625 0.053125
0 0.3390625 0.378125 0.0140625 0.0546875
0 0.384375 0.52109375 0.0203125 0.0609375
0 0.4390625 0.446875 0.015625 0.05625
0 0.49140625 0.2953125 0.0125 0.053125
0 0.49140625 0.4671875 0.0140625 0.03125
0 0.49296875 0.49375 0.0171875 0.0578125
0 0.54453125 0.37578125 0.0140625 0.053125
0 0.5484375 0.4078125 0.0140625 0.05625
0 0.5703125 0.434375 0.0140625 0.0546875
0 0.59765625 0.378125 0.0125 0.053125
0 0.6265625 0.328125 0.0140625 0.053125
0 0.61015625 0.41484375 0.015625 0.0546875
0 0.6453125 0.4984375 0.0140625 0.05625
0 0.6640625 0.4703125 0.0171875 0.0578125
0 0.69375 0.41953125 0.0140625 0.0484375
0 0.7734375 0.44765625 0.01875 0.05
0 0.81875 0.17734375 0.0125 0.046875
0 0.421875 0.02265625 0.0125 0.04375
0 0.08125 0.48203125 0.015625 0.059375