0 0.415625 0.7234375 0.0234375 0.078125
0 0.33984375 0.53046875 0.015625 0.05625
0 0.3328125 0.5140625 0.015625 0.0546875
0 0.26015625 0.53203125 0.01875 0.053125
0 0.30390625 0.375 0.0140625 0.0515625
0 0.3546875 0.39375 0.015625 0.053125
0 0.41171875 0.52421875 0.021875 0.059375
0 0.45703125 0.44921875 0.0171875 0.0546875
0 0.49140625 0.30078125 0.0140625 0.0515625
0 0.50859375 0.4625 0.015625 0.03125
0 0.5125 0.4875 0.01875 0.05625
0 0.55 0.3703125 0.0140625 0.0515625
0 0.55625 0.4015625 0.015625 0.0546875
0 0.58046875 0.42421875 0.0140625 0.053125
0 0.6 0.36796875 0.0140625 0.05
0 0.62265625 0.3171875 0.0140625 0.05
0 0.61640625 0.40078125 0.015625 0.0515625
0 0.65859375 0.478125 0.015625 0.053125
0 0.6734375 0.4484375 0.01875 0.05625
0 0.6953125 0.396875 0.015625 0.046875
0 0.7734375 0.415625 0.01875 0.0484375
0 0.78984375 0.15546875 0.0125 0.04375
0 0.3984375 0.04921875 0.0125 0.040625
0 0.12109375 0.51796875 0.015625 0.05625