0 0.3171875 0.790625 0.0359375 0.096875
0 0.0796875 0.42109375 0.025 0.0703125
0 0.19375 0.51875 0.028125 0.0734375
0 0.25703125 0.37109375 0.0234375 0.0703125
0 0.2671875 0.48984375 0.025 0.0703125
0 0.2625 0.52734375 0.0328125 0.071875
0 0.29140625 0.5359375 0.03125 0.075
0 0.3421875 0.3875 0.025 0.0671875
0 0.41015625 0.49921875 0.03125 0.071875
0 0.46328125 0.55625 0.028125 0.078125
0 0.47890625 0.53828125 0.0265625 0.0703125
0 0.51875 0.2984375 0.0234375 0.065625
0 0.540625 0.41796875 0.021875 0.0484375
0 0.5328125 0.465625 0.0265625 0.06875
0 0.5890625 0.546875 0.03125 0.071875
0 0.6 0.446875 0.025 0.0671875
0 0.60546875 0.36328125 0.0265625 0.0625
0 0.65234375 0.40234375 0.0265625 0.065625
0 0.66796875 0.43125 0.0234375 0.0625
0 0.6796875 0.39921875 0.028125 0.0671875
0 0.7484375 0.4640625 0.025 0.0625
0 0.9265625 0.1703125 0.01875 0.046875
0 0.634375 0.5328125 0.025 0.065625