0 0.9171875 0.47734375 0.03125 0.0859375
0 0.778125 0.46015625 0.025 0.071875
0 0.7625 0.51328125 0.034375 0.084375
0 0.7578125 0.5484375 0.0375 0.0828125
0 0.72734375 0.59375 0.03125 0.0859375
0 0.69921875 0.58359375 0.0375 0.096875
0 0.625 0.44921875 0.03125 0.0828125
0 0.57578125 0.5484375 0.0453125 0.096875
0 0.51328125 0.56875 0.0375 0.09375
0 0.51875 0.45546875 0.028125 0.0859375
0 0.490625 0.3828125 0.03125 0.084375
0 0.48515625 0.51953125 0.034375 0.0890625
0 0.46796875 0.5625 0.0296875 0.0890625
0 0.44140625 0.53671875 0.0375 0.090625
0 0.52109375 0.21875 0.0265625 0.0734375
0 0.35234375 0.5359375 0.0328125 0.090625
0 0.28984375 0.33046875 0.0265625 0.0734375
0 0.27578125 0.3328125 0.025 0.0796875
0 0.265625 0.29453125 0.025 0.078125
0 0.25390625 0.27578125 0.028125 0.078125
0 0.5765625 0.86015625 0.0484375 0.1171875