0 0.4078125 0.81640625 0.0296875 0.11875
0 0.11328125 0.39765625 0.0203125 0.0828125
0 0.39765625 0.22890625 0.0203125 0.0734375
0 0.68046875 0.25390625 0.021875 0.065625
0 0.7734375 0.32734375 0.0171875 0.05
0 0.75234375 0.36015625 0.0203125 0.0796875
0 0.7125 0.3890625 0.021875 0.0765625
0 0.66875 0.4015625 0.025 0.08125
0 0.60625 0.55 0.028125 0.0859375
0 0.5546875 0.55546875 0.0203125 0.0875
0 0.54296875 0.54609375 0.0171875 0.0828125
0 0.4796875 0.55078125 0.0421875 0.090625
0 0.44375 0.5203125 0.021875 0.0828125
0 0.38515625 0.54921875 0.0203125 0.0890625
0 0.3421875 0.55625 0.025 0.084375
0 0.30625 0.4796875 0.015625 0.08125
0 0.29453125 0.5125 0.0265625 0.0796875
0 0.31328125 0.5625 0.01875 0.0859375
0 0.28125 0.5578125 0.021875 0.0890625
0 0.2328125 0.55859375 0.0171875 0.0890625
0 0.2234375 0.58671875 0.0203125 0.0890625
0 0.1984375 0.58203125 0.028125 0.0859375