0 0.6140625 0.80859375 0.0484375 0.1265625
0 0.83984375 0.3265625 0.0328125 0.0875
0 0.5171875 0.20625 0.03125 0.0765625
0 0.23359375 0.28203125 0.0328125 0.0703125
0 0.1515625 0.37421875 0.025 0.053125
0 0.1796875 0.4046875 0.0328125 0.084375
0 0.22578125 0.4265625 0.034375 0.0828125
0 0.27265625 0.43125 0.0375 0.0859375
0 0.36171875 0.571875 0.0421875 0.0921875
0 0.41640625 0.56796875 0.0328125 0.0921875
0 0.4265625 0.55625 0.0296875 0.0875
0 0.4921875 0.55 0.0578125 0.1
0 0.5234375 0.5125 0.034375 0.0875
0 0.5890625 0.53125 0.0328125 0.09375
0 0.63359375 0.53046875 0.0390625 0.0890625
0 0.6578125 0.44609375 0.028125 0.0859375
0 0.67421875 0.4765625 0.040625 0.0859375
0 0.6640625 0.53203125 0.03125 0.090625
0 0.69609375 0.52109375 0.0359375 0.09375
0 0.74609375 0.51328125 0.03125 0.09375
0 0.76015625 0.540625 0.034375 0.0953125
0 0.7859375 0.53046875 0.0421875 0.0921875