0 0.390625 0.86640625 0.0296875 0.121875
0 0.1515625 0.56796875 0.025 0.0875
0 0.178125 0.56953125 0.0203125 0.09375
0 0.17578125 0.55859375 0.0296875 0.084375
0 0.228125 0.5984375 0.021875 0.09375
0 0.23984375 0.5671875 0.021875 0.0953125
0 0.2921875 0.575 0.0203125 0.1
0 0.3 0.4828125 0.025 0.08125
0 0.31796875 0.54765625 0.0328125 0.0875
0 0.3640625 0.56640625 0.0328125 0.096875
0 0.3546875 0.571875 0.0328125 0.096875
0 0.440625 0.58671875 0.0390625 0.09375
0 0.47421875 0.5796875 0.03125 0.0734375
0 0.49296875 0.5859375 0.028125 0.09375
0 0.5296875 0.5671875 0.0203125 0.0875
0 0.67265625 0.45390625 0.0328125 0.0875
0 0.703125 0.45546875 0.028125 0.084375
0 0.759375 0.42734375 0.01875 0.084375
0 0.80546875 0.3484375 0.0203125 0.0625
0 0.6578125 0.28203125 0.021875 0.0703125
0 0.39375 0.234375 0.0234375 0.0796875
0 0.10234375 0.3859375 0.021875 0.090625