0 0.375 0.97265625 0.040625 0.021875
0 0.35546875 0.95 0.021875 0.046875
0 0.3640625 0.896875 0.0171875 0.0671875
0 0.49609375 0.87734375 0.01875 0.0421875
0 0.696875 0.796875 0.015625 0.0671875
0 0.29375 0.79609375 0.0171875 0.0625
0 0.35390625 0.7 0.015625 0.059375
0 0.56875 0.6640625 0.0171875 0.0578125
0 0.6015625 0.5875 0.0171875 0.05625
0 0.4578125 0.5984375 0.0140625 0.0546875
0 0.1609375 0.5515625 0.015625 0.053125
0 0.05625 0.35625 0.0109375 0.046875
0 0.3421875 0.528125 0.0109375 0.0546875
0 0.35 0.5296875 0.0109375 0.05
0 0.390625 0.46484375 0.0125 0.04375
0 0.43984375 0.41796875 0.0125 0.046875
0 0.475 0.3484375 0.0125 0.04375
0 0.4890625 0.3453125 0.0140625 0.0421875
0 0.48203125 0.1953125 0.0109375 0.0390625
0 0.60234375 0.36640625 0.0109375 0.0484375
0 0.76796875 0.49765625 0.015625 0.05
0 0.796875 0.47421875 0.015625 0.05
0 0.8 0.42578125 0.0140625 0.0484375
0 0.884375 0.66484375 0.0203125 0.05625
0 0.93203125 0.3609375 0.0109375 0.04375