0 0.4359375 0.86328125 0.0328125 0.0890625
0 0.07734375 0.5515625 0.028125 0.0859375
0 0.121875 0.56875 0.0265625 0.090625
0 0.13828125 0.56953125 0.021875 0.0859375
0 0.17890625 0.5640625 0.025 0.0890625
0 0.2390625 0.55234375 0.0265625 0.0875
0 0.2953125 0.54296875 0.0203125 0.0875
0 0.30625 0.55234375 0.0203125 0.0890625
0 0.3203125 0.484375 0.021875 0.084375
0 0.3453125 0.54140625 0.0203125 0.096875
0 0.35625 0.53828125 0.028125 0.0890625
0 0.3875 0.53359375 0.0234375 0.0875
0 0.4984375 0.52421875 0.0234375 0.084375
0 0.51328125 0.53203125 0.0234375 0.0890625
0 0.6203125 0.51171875 0.025 0.0796875
0 0.39375 0.4265625 0.0296875 0.075
0 0.56484375 0.325 0.0234375 0.0703125
0 0.73125 0.41796875 0.025 0.0734375
0 0.7421875 0.50625 0.03125 0.084375
0 0.75546875 0.25703125 0.021875 0.075
0 0.3765625 0.221875 0.0234375 0.0765625
0 0.121875 0.3703125 0.025 0.0828125