0 0.60078125 0.8296875 0.05 0.0875
0 0.8421875 0.55703125 0.0328125 0.0828125
0 0.825 0.52578125 0.0328125 0.0703125
0 0.76875 0.54609375 0.0328125 0.084375
0 0.6953125 0.42890625 0.0359375 0.090625
0 0.68125 0.5296875 0.0359375 0.075
0 0.6578125 0.53359375 0.03125 0.0875
0 0.63984375 0.5328125 0.03125 0.075
0 0.615625 0.55234375 0.0296875 0.0859375
0 0.590625 0.53125 0.0359375 0.075
0 0.56328125 0.5484375 0.0328125 0.084375
0 0.52421875 0.54921875 0.0390625 0.06875
0 0.44296875 0.55078125 0.034375 0.0984375
0 0.5625 0.40234375 0.03125 0.078125
0 0.35 0.31640625 0.028125 0.075
0 0.303125 0.53984375 0.03125 0.071875
0 0.290625 0.53515625 0.028125 0.071875
0 0.1953125 0.4375 0.03125 0.078125
0 0.1765625 0.55078125 0.0328125 0.09375
0 0.12109375 0.30234375 0.0390625 0.084375
0 0.5296875 0.14609375 0.0296875 0.08125
0 0.8234375 0.2921875 0.0328125 0.084375