0 0.52265625 0.8796875 0.0484375 0.084375
0 0.82421875 0.6953125 0.0328125 0.08125
0 0.815625 0.6625 0.0328125 0.06875
0 0.75859375 0.6640625 0.0328125 0.08125
0 0.7234375 0.53515625 0.0359375 0.0875
0 0.68203125 0.62421875 0.0359375 0.071875
0 0.659375 0.621875 0.03125 0.084375
0 0.64296875 0.61484375 0.03125 0.071875
0 0.61484375 0.62734375 0.0296875 0.0828125
0 0.59765625 0.60078125 0.0359375 0.0734375
0 0.56796875 0.60859375 0.0328125 0.08125
0 0.53203125 0.59921875 0.0390625 0.0671875
0 0.45703125 0.5765625 0.0359375 0.0953125
0 0.609375 0.47265625 0.03125 0.075
0 0.43671875 0.334375 0.028125 0.0734375
0 0.33046875 0.5265625 0.03125 0.0703125
0 0.31953125 0.51953125 0.028125 0.0703125
0 0.259375 0.40234375 0.03125 0.0765625
0 0.21015625 0.5015625 0.0328125 0.090625
0 0.2296875 0.25625 0.040625 0.08125
0 0.65078125 0.22734375 0.03125 0.0796875
0 0.88125 0.44453125 0.0328125 0.08125