0 0.34375 0.94921875 0.021875 0.06875
0 0.49921875 0.8296875 0.021875 0.059375
0 0.4109375 0.82421875 0.0234375 0.0671875
0 0.43203125 0.7734375 0.0265625 0.059375
0 0.34375 0.83359375 0.0203125 0.065625
0 0.334375 0.79453125 0.0203125 0.06875
0 0.303125 0.84921875 0.021875 0.065625
0 0.64609375 0.61015625 0.021875 0.0515625
0 0.48203125 0.61875 0.01875 0.053125
0 0.546875 0.46484375 0.0203125 0.0484375
0 0.5140625 0.56015625 0.01875 0.0390625
0 0.3703125 0.64375 0.0203125 0.0625
0 0.32890625 0.6203125 0.0203125 0.0640625
0 0.2640625 0.7109375 0.0203125 0.059375
0 0.32265625 0.72578125 0.0203125 0.0625
0 0.0875 0.759375 0.0234375 0.0625
0 0.15 0.5828125 0.01875 0.053125
0 0.13359375 0.49921875 0.01875 0.0546875
0 0.371875 0.20234375 0.0109375 0.0359375
0 0.78203125 0.41015625 0.0125 0.04375
0 0.80625 0.67734375 0.0203125 0.04375
0 0.96171875 0.88984375 0.0171875 0.0640625
0 0.94609375 0.81328125 0.0265625 0.05625
0 0.93046875 0.8515625 0.028125 0.0703125
0 0.709375 0.69921875 0.025 0.0453125