0 0.375 0.97265625 0.015625 0.0546875
0 0.52109375 0.8453125 0.0171875 0.059375
0 0.43203125 0.84765625 0.01875 0.0671875
0 0.44765625 0.79453125 0.021875 0.0578125
0 0.3640625 0.86328125 0.0140625 0.065625
0 0.3515625 0.82421875 0.015625 0.06875
0 0.325 0.88203125 0.015625 0.065625
0 0.65 0.6109375 0.0171875 0.05
0 0.484375 0.63359375 0.0140625 0.053125
0 0.53671875 0.47421875 0.015625 0.0484375
0 0.5125 0.571875 0.015625 0.0375
0 0.375 0.66953125 0.015625 0.0625
0 0.33046875 0.65 0.015625 0.0625
0 0.2734375 0.74609375 0.015625 0.059375
0 0.33359375 0.75703125 0.015625 0.0625
0 0.09921875 0.8109375 0.01875 0.0625
0 0.146875 0.62734375 0.0140625 0.0515625
0 0.1234375 0.54453125 0.0140625 0.0546875
0 0.3375 0.22421875 0.009375 0.0359375
0 0.76953125 0.3984375 0.009375 0.04375
0 0.81640625 0.66484375 0.0171875 0.04375
0 0.9921875 0.86640625 0.015625 0.0625
0 0.9703125 0.78984375 0.0234375 0.0546875
0 0.95703125 0.82890625 0.021875 0.06875
0 0.72109375 0.69609375 0.021875 0.04375