0 0.690625 0.9265625 0.015625 0.071875
0 0.5734375 0.765625 0.0125 0.06875
0 0.35 0.7875 0.021875 0.0640625
0 0.38359375 0.7140625 0.0125 0.0671875
0 0.51015625 0.546875 0.0109375 0.0546875
0 0.471875 0.37578125 0.0125 0.04375
0 0.6421875 0.4578125 0.0125 0.05625
0 0.6625 0.4921875 0.01875 0.05625
0 0.7046875 0.16796875 0.0109375 0.0421875
0 0.84609375 0.4234375 0.0125 0.046875
0 0.9078125 0.534375 0.0140625 0.05
0 0.69765625 0.61640625 0.0125 0.053125
0 0.70078125 0.65 0.0125 0.05625
0 0.69296875 0.75625 0.0125 0.06875
0 0.709375 0.765625 0.015625 0.065625
0 0.7296875 0.75859375 0.01875 0.0640625
0 0.915625 0.7375 0.015625 0.065625
0 0.26875 0.3484375 0.009375 0.046875
0 0.325 0.5359375 0.015625 0.046875
0 0.30234375 0.5671875 0.015625 0.059375
0 0.2171875 0.53203125 0.0125 0.0515625
0 0.2078125 0.6828125 0.0140625 0.05625
0 0.2109375 0.6734375 0.025 0.059375
0 0.2109375 0.6375 0.015625 0.0375
0 0.10390625 0.73046875 0.0140625 0.05625