0 0.37734375 0.93359375 0.0203125 0.06875
0 0.4765625 0.7765625 0.0171875 0.065625
0 0.68671875 0.78125 0.0234375 0.0609375
0 0.65078125 0.71484375 0.015625 0.0625
0 0.521875 0.56796875 0.0140625 0.0515625
0 0.54609375 0.40625 0.015625 0.040625
0 0.3921875 0.49375 0.015625 0.053125
0 0.375 0.5265625 0.0203125 0.0546875
0 0.31484375 0.22734375 0.0125 0.0390625
0 0.19921875 0.475 0.0140625 0.0453125
0 0.14921875 0.5828125 0.0171875 0.0484375
0 0.35 0.6453125 0.015625 0.05
0 0.34921875 0.6765625 0.015625 0.053125
0 0.3640625 0.775 0.015625 0.0640625
0 0.35 0.784375 0.01875 0.0625
0 0.3296875 0.7796875 0.0203125 0.0609375
0 0.1546875 0.77265625 0.01875 0.0640625
0 0.73359375 0.3671875 0.0125 0.0453125
0 0.69375 0.5453125 0.0171875 0.0453125
0 0.71640625 0.5734375 0.0171875 0.05625
0 0.79375 0.534375 0.015625 0.0484375
0 0.81328125 0.675 0.0171875 0.053125
0 0.809375 0.66640625 0.028125 0.05625
0 0.80703125 0.6328125 0.0171875 0.0359375
0 0.9125 0.71328125 0.0171875 0.053125