0 0.4265625 0.8953125 0.028125 0.0828125
0 0.8296875 0.33984375 0.01875 0.0640625
0 0.803125 0.4203125 0.015625 0.0578125
0 0.81015625 0.47109375 0.0171875 0.0609375
0 0.8671875 0.66796875 0.01875 0.0703125
0 0.77890625 0.5046875 0.025 0.065625
0 0.7421875 0.4953125 0.025 0.0640625
0 0.76796875 0.6046875 0.0203125 0.065625
0 0.54296875 0.50390625 0.01875 0.0625
0 0.60625 0.66796875 0.0203125 0.065625
0 0.4015625 0.475 0.01875 0.0625
0 0.5859375 0.3984375 0.0203125 0.0515625
0 0.48828125 0.2234375 0.0140625 0.05625
0 0.4453125 0.25859375 0.0171875 0.0578125
0 0.44609375 0.24296875 0.015625 0.053125
0 0.21328125 0.41015625 0.0203125 0.0609375
0 0.2171875 0.3 0.021875 0.0609375
0 0.1890625 0.30078125 0.0171875 0.053125
0 0.009375 0.4734375 0.01875 0.0625
0 0.1515625 0.55546875 0.025 0.065625
0 0.28359375 0.57578125 0.025 0.0609375
0 0.21328125 0.7015625 0.021875 0.075
0 0.878125 0.23046875 0.015625 0.0515625