0 0.93046875 0.35859375 0.021875 0.05625
0 0.921875 0.43828125 0.0203125 0.0578125
0 0.99140625 0.63515625 0.0171875 0.0640625
0 0.86953125 0.38203125 0.015625 0.0578125
0 0.83046875 0.51796875 0.025 0.0609375
0 0.80625 0.54453125 0.0203125 0.0640625
0 0.7734375 0.77734375 0.0234375 0.071875
0 0.56328125 0.88828125 0.0265625 0.0734375
0 0.34375 0.82578125 0.0234375 0.0734375
0 0.31953125 0.65234375 0.0265625 0.0625
0 0.059375 0.51484375 0.0203125 0.059375
0 0.3046875 0.4203125 0.0140625 0.0515625
0 0.34296875 0.3921875 0.0203125 0.0484375
0 0.3671875 0.37265625 0.0171875 0.046875
0 0.4734375 0.309375 0.01875 0.05
0 0.4078125 0.10078125 0.0140625 0.040625
0 0.52578125 0.315625 0.0171875 0.05
0 0.615625 0.28671875 0.015625 0.0515625
0 0.6359375 0.4109375 0.021875 0.05625
0 0.57421875 0.4625 0.01875 0.0484375
0 0.5171875 0.52109375 0.021875 0.0546875
0 0.65 0.52109375 0.0203125 0.0578125
0 0.52578125 0.65546875 0.01875 0.059375