0 0.96015625 0.44453125 0.0265625 0.0578125
0 0.9234375 0.4453125 0.0234375 0.059375
0 0.9734375 0.5125 0.0234375 0.0578125
0 0.79140625 0.5671875 0.025 0.0625
0 0.79296875 0.559375 0.028125 0.0625
0 0.6484375 0.52265625 0.0234375 0.059375
0 0.60546875 0.7140625 0.0265625 0.0640625
0 0.72578125 0.91796875 0.0265625 0.078125
0 0.4609375 0.92734375 0.028125 0.078125
0 0.24609375 0.84296875 0.0265625 0.075
0 0.29140625 0.63984375 0.021875 0.0609375
0 0.26953125 0.36875 0.01875 0.05625
0 0.4015625 0.39296875 0.0203125 0.0546875
0 0.44921875 0.32265625 0.01875 0.0484375
0 0.51875 0.2890625 0.01875 0.053125
0 0.53515625 0.33359375 0.0234375 0.0484375
0 0.5390625 0.4625 0.015625 0.046875
0 0.5296875 0.49453125 0.0203125 0.059375
0 0.61328125 0.29921875 0.01875 0.0515625
0 0.70859375 0.31015625 0.01875 0.05
0 0.54609375 0.0859375 0.015625 0.040625
0 0.01484375 0.3734375 0.0125 0.0578125