0 0.0546875 0.4671875 0.0234375 0.0578125
0 0.09140625 0.46875 0.0203125 0.059375
0 0.03671875 0.534375 0.0203125 0.0578125
0 0.21640625 0.60234375 0.021875 0.0625
0 0.2140625 0.59375 0.025 0.0609375
0 0.36484375 0.5671875 0.01875 0.0609375
0 0.39375 0.7625 0.0234375 0.0640625
0 0.25703125 0.959375 0.0203125 0.0796875
0 0.52265625 0.97421875 0.0203125 0.05
0 0.746875 0.91796875 0.021875 0.0765625
0 0.71640625 0.709375 0.01875 0.0609375
0 0.75703125 0.4390625 0.0140625 0.05625
0 0.62265625 0.45390625 0.0171875 0.0546875
0 0.578125 0.3796875 0.015625 0.0484375
0 0.51171875 0.340625 0.015625 0.0515625
0 0.49140625 0.384375 0.021875 0.0484375
0 0.478125 0.5140625 0.0125 0.046875
0 0.48515625 0.546875 0.0171875 0.059375
0 0.41484375 0.34375 0.015625 0.0515625
0 0.3171875 0.34921875 0.015625 0.05
0 0.49765625 0.134375 0.0125 0.0390625