0 0.4578125 0.2421875 0.0125 0.0265625
0 0.5203125 0.89140625 0.0234375 0.0578125
0 0.63046875 0.71875 0.0203125 0.0515625
0 0.72265625 0.86484375 0.015625 0.0640625
0 0.334375 0.884375 0.0171875 0.065625
0 0.3359375 0.721875 0.0171875 0.059375
0 0.70390625 0.54609375 0.021875 0.0515625
0 0.65078125 0.5484375 0.0171875 0.0515625
0 0.57421875 0.52890625 0.015625 0.0484375
0 0.5078125 0.5296875 0.0140625 0.0484375
0 0.4921875 0.5171875 0.0125 0.046875
0 0.434375 0.52109375 0.0171875 0.05
0 0.46015625 0.39921875 0.0125 0.040625
0 0.5765625 0.3921875 0.01875 0.046875
0 0.64140625 0.38359375 0.0125 0.0484375
0 0.41328125 0.41328125 0.0125 0.0453125
0 0.396875 0.428125 0.0140625 0.0390625
0 0.22890625 0.503125 0.0171875 0.0484375
0 0.06171875 0.40859375 0.0109375 0.04375
0 0.04609375 0.54296875 0.01875 0.0484375
0 0.75625 0.43359375 0.0171875 0.04375
0 0.77421875 0.4390625 0.015625 0.04375
0 0.81875 0.465625 0.015625 0.0453125
0 0.93203125 0.640625 0.015625 0.053125
0 0.94453125 0.43203125 0.0125 0.040625