0 0.49921875 0.246875 0.0109375 0.0265625
0 0.50546875 0.88359375 0.021875 0.0546875
0 0.6265625 0.72421875 0.01875 0.05
0 0.703125 0.8734375 0.0140625 0.0625
0 0.3265625 0.86015625 0.0140625 0.0640625
0 0.34140625 0.70234375 0.015625 0.0578125
0 0.7125 0.56328125 0.0203125 0.0484375
0 0.6609375 0.56015625 0.015625 0.05
0 0.58828125 0.53515625 0.0140625 0.046875
0 0.52421875 0.5296875 0.0140625 0.046875
0 0.509375 0.515625 0.0109375 0.046875
0 0.45390625 0.515625 0.0171875 0.0484375
0 0.48828125 0.4 0.0109375 0.040625
0 0.60234375 0.40234375 0.0171875 0.0453125
0 0.66640625 0.39921875 0.0109375 0.046875
0 0.4421875 0.40859375 0.0109375 0.0453125
0 0.425 0.42265625 0.0125 0.0375
0 0.25625 0.48046875 0.015625 0.046875
0 0.1015625 0.375 0.009375 0.04375
0 0.075 0.50390625 0.0171875 0.046875
0 0.7734375 0.4578125 0.015625 0.0421875
0 0.790625 0.4640625 0.0140625 0.0421875
0 0.83203125 0.49375 0.0140625 0.04375
0 0.9265625 0.67421875 0.0140625 0.0515625
0 0.95625 0.47265625 0.0109375 0.0390625