0 0.5640625 0.23125 0.0109375 0.03125
0 0.50078125 0.81640625 0.0203125 0.05625
0 0.43828125 0.64765625 0.01875 0.0546875
0 0.4234375 0.63515625 0.0171875 0.053125
0 0.571875 0.4875 0.0140625 0.0421875
0 0.59375 0.48046875 0.015625 0.040625
0 0.53359375 0.3484375 0.015625 0.040625
0 0.42109375 0.371875 0.0140625 0.040625
0 0.6109375 0.33046875 0.0109375 0.0296875
0 0.67578125 0.34140625 0.0140625 0.0390625
0 0.6859375 0.3453125 0.0171875 0.0375
0 0.7609375 0.3875 0.0140625 0.0375
0 0.753125 0.38515625 0.0140625 0.0390625
0 0.77421875 0.49296875 0.015625 0.0453125
0 0.7515625 0.43125 0.015625 0.0390625
0 0.72421875 0.48671875 0.0125 0.0375
0 0.70703125 0.54296875 0.015625 0.0484375
0 0.75859375 0.725 0.0171875 0.05
0 0.9109375 0.46953125 0.0140625 0.0421875
0 0.953125 0.71953125 0.015625 0.05
0 0.89296875 0.665625 0.01875 0.05
0 0.86328125 0.60234375 0.015625 0.046875
0 0.79140625 0.66171875 0.0203125 0.0515625
0 0.628125 0.4359375 0.0140625 0.040625
0 0.16015625 0.3234375 0.0125 0.0359375
0 0.175 0.446875 0.0171875 0.046875