0 0.56640625 0.23359375 0.0109375 0.0328125
0 0.4984375 0.8484375 0.021875 0.059375
0 0.43359375 0.67109375 0.0203125 0.0578125
0 0.41796875 0.6578125 0.01875 0.0546875
0 0.57421875 0.503125 0.015625 0.0453125
0 0.596875 0.49609375 0.015625 0.0421875
0 0.534375 0.3578125 0.015625 0.0421875
0 0.41484375 0.38125 0.0140625 0.0421875
0 0.61484375 0.33828125 0.0125 0.03125
0 0.68359375 0.35078125 0.0140625 0.040625
0 0.69375 0.353125 0.01875 0.0390625
0 0.7734375 0.3984375 0.0140625 0.0390625
0 0.76484375 0.39609375 0.015625 0.040625
0 0.78671875 0.5078125 0.0171875 0.046875
0 0.76328125 0.44375 0.0171875 0.040625
0 0.734375 0.5015625 0.0140625 0.0390625
0 0.715625 0.5609375 0.015625 0.0515625
0 0.76953125 0.75234375 0.01875 0.053125
0 0.93046875 0.48359375 0.0140625 0.04375
0 0.9734375 0.7453125 0.0109375 0.0515625
0 0.9109375 0.68984375 0.0203125 0.0515625
0 0.88046875 0.62421875 0.015625 0.05
0 0.8046875 0.6859375 0.0203125 0.053125
0 0.6328125 0.4484375 0.015625 0.0421875
0 0.14140625 0.33125 0.0125 0.0375
0 0.15625 0.4609375 0.0171875 0.0484375