0 0.57109375 0.1953125 0.0109375 0.0390625
0 0.6171875 0.603125 0.0171875 0.05625
0 0.6828125 0.625 0.0140625 0.0546875
0 0.66484375 0.31796875 0.0140625 0.046875
0 0.54609375 0.275 0.0125 0.0421875
0 0.5453125 0.4453125 0.0140625 0.046875
0 0.52421875 0.434375 0.0140625 0.046875
0 0.4703125 0.25546875 0.015625 0.040625
0 0.4578125 0.35234375 0.0140625 0.0453125
0 0.428125 0.26171875 0.0109375 0.0328125
0 0.39296875 0.2640625 0.0125 0.040625
0 0.34609375 0.2890625 0.0125 0.04375
0 0.38984375 0.33046875 0.0140625 0.046875
0 0.3125 0.32890625 0.0171875 0.040625
0 0.375 0.4671875 0.0140625 0.046875
0 0.303125 0.46328125 0.0140625 0.0484375
0 0.34140625 0.6296875 0.015625 0.0578125
0 0.28359375 0.63515625 0.015625 0.0546875
0 0.22265625 0.528125 0.0171875 0.05
0 0.20078125 0.575 0.015625 0.053125
0 0.38046875 0.4046875 0.0125 0.040625
0 0.92109375 0.48125 0.01875 0.05
0 0.98359375 0.26640625 0.0109375 0.0375
0 0.10703125 0.61953125 0.015625 0.0484375
0 0.10078125 0.44921875 0.0109375 0.04375
0 0.57890625 0.85859375 0.01875 0.0671875