0 0.6234375 0.678125 0.01875 0.0640625
0 0.621875 0.9890625 0.01875 0.0078125
0 0.32421875 0.6984375 0.0203125 0.0640625
0 0.31875 0.684375 0.01875 0.0640625
0 0.25390625 0.53203125 0.01875 0.059375
0 0.25703125 0.4984375 0.0171875 0.05625
0 0.38203125 0.51953125 0.01875 0.0609375
0 0.36796875 0.45 0.015625 0.05
0 0.30625 0.33671875 0.0140625 0.046875
0 0.36484375 0.30703125 0.0140625 0.0484375
0 0.4203125 0.32578125 0.015625 0.053125
0 0.19453125 0.40546875 0.0203125 0.053125
0 0.16328125 0.61796875 0.0203125 0.0625
0 0.4703125 0.39453125 0.0171875 0.053125
0 0.5015625 0.309375 0.0171875 0.05
0 0.53515625 0.3296875 0.015625 0.0453125
0 0.565625 0.32265625 0.0140625 0.05
0 0.6375 0.234375 0.0125 0.0484375
0 0.7140625 0.3625 0.0171875 0.0515625
0 0.5875 0.5140625 0.0171875 0.05625
0 0.59765625 0.5015625 0.0171875 0.05625
0 0.7375 0.665625 0.0171875 0.0640625
0 0.95625 0.5359375 0.01875 0.0625
0 0.0609375 0.6953125 0.01875 0.0640625
0 0.05078125 0.55 0.021875 0.0609375