0 0.99296875 0.66796875 0.0140625 0.0734375
0 0.8421875 0.378125 0.0171875 0.0703125
0 0.875 0.55859375 0.0171875 0.0734375
0 0.71484375 0.68046875 0.021875 0.0765625
0 0.709375 0.61796875 0.025 0.0734375
0 0.7046875 0.41796875 0.0171875 0.065625
0 0.6953125 0.41953125 0.015625 0.0671875
0 0.70234375 0.31015625 0.0125 0.0578125
0 0.61953125 0.49453125 0.03125 0.065625
0 0.61875 0.42421875 0.0125 0.053125
0 0.61640625 0.28203125 0.01875 0.04375
0 0.57421875 0.27890625 0.015625 0.059375
0 0.5125 0.375 0.0140625 0.0609375
0 0.42890625 0.2984375 0.009375 0.059375
0 0.38359375 0.340625 0.015625 0.053125
0 0.35546875 0.31328125 0.0171875 0.0609375
0 0.2640625 0.22578125 0.0140625 0.053125
0 0.3828125 0.51875 0.015625 0.0671875
0 0.34765625 0.49921875 0.015625 0.0625
0 0.35703125 0.6875 0.01875 0.078125
0 0.24453125 0.665625 0.0171875 0.071875
0 0.225 0.36171875 0.0171875 0.059375
0 0.03984375 0.5546875 0.021875 0.0703125