0 0.0984375 0.415625 0.0234375 0.0703125
0 0.08828125 0.5953125 0.0234375 0.071875
0 0.259375 0.69609375 0.0265625 0.0765625
0 0.25625 0.634375 0.0296875 0.0734375
0 0.2375 0.4390625 0.021875 0.0640625
0 0.24609375 0.4390625 0.0203125 0.065625
0 0.2265625 0.3328125 0.0171875 0.0578125
0 0.3296875 0.503125 0.0359375 0.0671875
0 0.32109375 0.43359375 0.015625 0.053125
0 0.30703125 0.2953125 0.021875 0.04375
0 0.346875 0.2875 0.0203125 0.059375
0 0.41875 0.3734375 0.01875 0.0609375
0 0.49140625 0.2890625 0.0140625 0.059375
0 0.540625 0.32421875 0.01875 0.053125
0 0.565625 0.29453125 0.021875 0.0609375
0 0.64375 0.19921875 0.0171875 0.053125
0 0.5625 0.4984375 0.0203125 0.065625
0 0.59453125 0.475 0.021875 0.0625
0 0.6078125 0.66015625 0.025 0.0765625
0 0.715625 0.625 0.0234375 0.071875
0 0.69765625 0.32578125 0.021875 0.059375
0 0.9015625 0.4921875 0.028125 0.0703125