0 0.23125 0.67421875 0.0296875 0.075
0 0.09609375 0.5515625 0.0234375 0.0609375
0 0.12421875 0.53046875 0.028125 0.0546875
0 0.2828125 0.51953125 0.025 0.0734375
0 0.29375 0.48515625 0.0234375 0.0640625
0 0.20078125 0.43828125 0.025 0.06875
0 0.12578125 0.45 0.021875 0.06875
0 0.1703125 0.3921875 0.021875 0.0625
0 0.2328125 0.39375 0.0203125 0.0625
0 0.315625 0.2984375 0.0203125 0.0578125
0 0.340625 0.31328125 0.01875 0.0640625
0 0.43671875 0.39140625 0.021875 0.0640625
0 0.4828125 0.31015625 0.0203125 0.0578125
0 0.51875 0.34296875 0.021875 0.0546875
0 0.565625 0.47890625 0.0234375 0.0640625
0 0.58828125 0.45625 0.0234375 0.0671875
0 0.6328125 0.6390625 0.025 0.0765625
0 0.7 0.60703125 0.025 0.075
0 0.6078125 0.3078125 0.0203125 0.0578125
0 0.671875 0.19453125 0.021875 0.0640625
0 0.7171875 0.3328125 0.0203125 0.0515625
0 0.921875 0.45703125 0.0265625 0.071875