0 0.784375 0.6078125 0.028125 0.0734375
0 0.89296875 0.46328125 0.021875 0.059375
0 0.86171875 0.44765625 0.0265625 0.053125
0 0.70625 0.4671875 0.021875 0.071875
0 0.690625 0.43515625 0.021875 0.0640625
0 0.77109375 0.37265625 0.025 0.0671875
0 0.8453125 0.37109375 0.021875 0.0671875
0 0.79140625 0.32421875 0.0203125 0.0609375
0 0.73125 0.3359375 0.01875 0.0609375
0 0.63359375 0.26015625 0.01875 0.05625
0 0.6125 0.27890625 0.0171875 0.0625
0 0.53359375 0.37265625 0.0203125 0.0625
0 0.47421875 0.303125 0.0203125 0.05625
0 0.4453125 0.34140625 0.0203125 0.0546875
0 0.4265625 0.48125 0.021875 0.0625
0 0.4 0.46328125 0.021875 0.065625
0 0.39140625 0.6484375 0.025 0.075
0 0.32109375 0.6296875 0.0234375 0.0734375
0 0.353125 0.32421875 0.01875 0.05625
0 0.26953125 0.22578125 0.0203125 0.0640625
0 0.25234375 0.36875 0.0203125 0.0515625
0 0.07734375 0.5265625 0.025 0.0703125