0 0.1984375 0.5796875 0.03125 0.0703125
0 0.509375 0.67890625 0.034375 0.078125
0 0.48359375 0.596875 0.0265625 0.0765625
0 0.53203125 0.534375 0.0234375 0.06875
0 0.49921875 0.4984375 0.025 0.071875
0 0.546875 0.38359375 0.028125 0.0640625
0 0.56015625 0.246875 0.021875 0.0578125
0 0.4359375 0.3734375 0.021875 0.065625
0 0.3953125 0.37109375 0.025 0.0578125
0 0.359375 0.403125 0.021875 0.0671875
0 0.3 0.35 0.0234375 0.0671875
0 0.2859375 0.31640625 0.025 0.0640625
0 0.2625 0.471875 0.0296875 0.0609375
0 0.19765625 0.4765625 0.0421875 0.0734375
0 0.18359375 0.44765625 0.025 0.0703125
0 0.13359375 0.5265625 0.0265625 0.0734375
0 0.03046875 0.50625 0.03125 0.071875
0 0.053125 0.3859375 0.0265625 0.0703125
0 0.11640625 0.3546875 0.0265625 0.0671875
0 0.13203125 0.3609375 0.0328125 0.0640625
0 0.7125 0.4546875 0.0265625 0.0671875
0 0.93203125 0.578125 0.028125 0.071875