0 0.43671875 0.66640625 0.0265625 0.0640625
0 0.4421875 0.94609375 0.028125 0.0734375
0 0.47734375 0.5953125 0.0265625 0.059375
0 0.5734375 0.57109375 0.01875 0.0515625
0 0.553125 0.5453125 0.021875 0.046875
0 0.67734375 0.56484375 0.0203125 0.0515625
0 0.6796875 0.53203125 0.01875 0.0453125
0 0.78203125 0.47421875 0.01875 0.0515625
0 0.803125 0.49453125 0.01875 0.053125
0 0.8109375 0.63984375 0.01875 0.0625
0 0.61875 0.478125 0.0171875 0.046875
0 0.61875 0.4421875 0.0171875 0.05625
0 0.6109375 0.4265625 0.0234375 0.05
0 0.57734375 0.45703125 0.0171875 0.0484375
0 0.53203125 0.43359375 0.01875 0.046875
0 0.49921875 0.29609375 0.015625 0.0453125
0 0.43359375 0.41953125 0.021875 0.053125
0 0.3796875 0.5078125 0.025 0.0484375
0 0.27734375 0.54296875 0.0296875 0.0546875
0 0.24375 0.44140625 0.0234375 0.0546875
0 0.028125 0.4703125 0.0234375 0.0578125
0 0.0125 0.36796875 0.0078125 0.0484375
0 0.659375 0.621875 0.021875 0.059375
0 0.9 0.5203125 0.021875 0.0546875