0 0.57578125 0.934375 0.028125 0.0734375
0 0.16953125 0.5296875 0.0203125 0.053125
0 0.19375 0.50703125 0.025 0.0546875
0 0.221875 0.68046875 0.025 0.0609375
0 0.32734375 0.659375 0.021875 0.059375
0 0.440625 0.653125 0.0203125 0.059375
0 0.434375 0.590625 0.0265625 0.0546875
0 0.40390625 0.54140625 0.0265625 0.05625
0 0.396875 0.52109375 0.021875 0.046875
0 0.37578125 0.46953125 0.01875 0.053125
0 0.43203125 0.496875 0.025 0.0546875
0 0.43515625 0.45625 0.0234375 0.0546875
0 0.434375 0.32734375 0.0171875 0.0421875
0 0.48203125 0.44375 0.025 0.0515625
0 0.55703125 0.43359375 0.01875 0.0453125
0 0.52265625 0.5609375 0.025 0.05
0 0.61796875 0.653125 0.0265625 0.059375
0 0.64921875 0.69609375 0.025 0.06875
0 0.88984375 0.37578125 0.015625 0.046875
0 0.9140625 0.4390625 0.0234375 0.0515625
0 0.8484375 0.4390625 0.0234375 0.0546875
0 0.81953125 0.5296875 0.0296875 0.0578125
0 0.87421875 0.540625 0.028125 0.05625
0 0.03984375 0.5671875 0.0234375 0.0546875