0 0.53203125 0.8859375 0.0171875 0.065625
0 0.20859375 0.4734375 0.0125 0.046875
0 0.2328125 0.45546875 0.01875 0.046875
0 0.23828125 0.615625 0.015625 0.053125
0 0.33671875 0.60859375 0.0125 0.053125
0 0.440625 0.615625 0.0125 0.053125
0 0.44140625 0.55859375 0.01875 0.046875
0 0.41953125 0.5109375 0.01875 0.05
0 0.41640625 0.49140625 0.015625 0.040625
0 0.40234375 0.4421875 0.0109375 0.046875
0 0.45 0.47265625 0.015625 0.0484375
0 0.45703125 0.43671875 0.015625 0.046875
0 0.471875 0.31875 0.009375 0.0375
0 0.5015625 0.43046875 0.0171875 0.04375
0 0.57109375 0.4296875 0.0125 0.040625
0 0.525 0.54140625 0.0171875 0.04375
0 0.60234375 0.6359375 0.01875 0.053125
0 0.62578125 0.67734375 0.015625 0.0609375
0 0.8796875 0.4140625 0.009375 0.0421875
0 0.89453125 0.47421875 0.015625 0.0453125
0 0.834375 0.4671875 0.015625 0.046875
0 0.7984375 0.546875 0.021875 0.0515625
0 0.846875 0.56171875 0.01875 0.05
0 0.0859375 0.49296875 0.015625 0.046875