0 0.4765625 0.91484375 0.021875 0.0703125
0 0.48671875 0.63203125 0.0140625 0.059375
0 0.5796875 0.6125 0.01875 0.053125
0 0.6453125 0.6125 0.015625 0.0515625
0 0.7328125 0.4546875 0.015625 0.0515625
0 0.7421875 0.43984375 0.015625 0.0421875
0 0.565625 0.40546875 0.0171875 0.0484375
0 0.49296875 0.46875 0.015625 0.0515625
0 0.465625 0.48515625 0.0125 0.04375
0 0.4296875 0.51640625 0.0171875 0.05
0 0.434375 0.3890625 0.0125 0.04375
0 0.428125 0.41015625 0.015625 0.0453125
0 0.41796875 0.4390625 0.0171875 0.0453125
0 0.34609375 0.48203125 0.0140625 0.04375
0 0.309375 0.6296875 0.0171875 0.059375
0 0.28359375 0.64609375 0.0171875 0.0609375
0 0.40546875 0.29296875 0.0125 0.0390625
0 0.32578125 0.3546875 0.0109375 0.0421875
0 0.21640625 0.37109375 0.0109375 0.0390625
0 0.20390625 0.378125 0.0140625 0.0421875
0 0.1296875 0.33515625 0.0125 0.04375
0 0.11953125 0.51484375 0.0203125 0.05
0 0.096875 0.50625 0.0125 0.046875
0 0.8375 0.4828125 0.0140625 0.0453125