0 0.53359375 0.90625 0.021875 0.06875
0 0.5234375 0.63203125 0.0140625 0.0578125
0 0.4328125 0.6125 0.01875 0.053125
0 0.36953125 0.6125 0.015625 0.0515625
0 0.284375 0.45859375 0.0140625 0.05
0 0.275 0.44453125 0.015625 0.040625
0 0.446875 0.4109375 0.0171875 0.046875
0 0.51796875 0.471875 0.015625 0.0515625
0 0.54453125 0.48828125 0.0125 0.04375
0 0.5796875 0.51875 0.0171875 0.0484375
0 0.575 0.39375 0.0125 0.04375
0 0.58125 0.415625 0.015625 0.04375
0 0.59140625 0.44375 0.015625 0.04375
0 0.6609375 0.484375 0.0140625 0.0421875
0 0.696875 0.62890625 0.0171875 0.0578125
0 0.721875 0.6453125 0.0171875 0.059375
0 0.60390625 0.30078125 0.0125 0.0390625
0 0.68125 0.3609375 0.0109375 0.0421875
0 0.7875 0.37734375 0.0109375 0.0375
0 0.79921875 0.38359375 0.0140625 0.040625
0 0.87265625 0.3421875 0.0125 0.04375
0 0.88203125 0.5171875 0.01875 0.0484375
0 0.90390625 0.50859375 0.0109375 0.046875
0 0.18125 0.4859375 0.0125 0.0453125