0 0.5609375 0.9484375 0.025 0.078125
0 0.51796875 0.615625 0.0265625 0.0609375
0 0.55390625 0.60546875 0.0234375 0.0578125
0 0.63203125 0.5875 0.0265625 0.0578125
0 0.66796875 0.39921875 0.021875 0.05
0 0.7796875 0.44921875 0.0171875 0.046875
0 0.60859375 0.340625 0.0140625 0.0515625
0 0.52265625 0.446875 0.0203125 0.0546875
0 0.48046875 0.49921875 0.0265625 0.05625
0 0.4359375 0.4546875 0.0171875 0.046875
0 0.34140625 0.28828125 0.0171875 0.04375
0 0.33203125 0.3453125 0.015625 0.04375
0 0.3171875 0.4140625 0.0234375 0.0515625
0 0.3046875 0.49375 0.01875 0.0546875
0 0.27421875 0.47109375 0.01875 0.046875
0 0.30703125 0.63203125 0.01875 0.05625
0 0.29921875 0.64765625 0.0234375 0.0640625
0 0.21953125 0.36875 0.015625 0.034375
0 0.1609375 0.42109375 0.0171875 0.0484375
0 0.14140625 0.41328125 0.0171875 0.05
0 0.05546875 0.34453125 0.015625 0.04375
0 0.153125 0.540625 0.0203125 0.05625
0 0.09140625 0.58046875 0.021875 0.0546875
0 0.81484375 0.428125 0.021875 0.0546875