0 0.59453125 0.55546875 0.01875 0.0546875
0 0.6703125 0.6375 0.021875 0.05625
0 0.68046875 0.60859375 0.0203125 0.0546875
0 0.6609375 0.5421875 0.015625 0.0546875
0 0.67578125 0.46171875 0.0171875 0.05
0 0.584375 0.475 0.0171875 0.04375
0 0.53203125 0.48828125 0.01875 0.0453125
0 0.52265625 0.3984375 0.0140625 0.046875
0 0.4875 0.33515625 0.0171875 0.04375
0 0.753125 0.384375 0.015625 0.046875
0 0.81875 0.57890625 0.01875 0.0515625
0 0.840625 0.53515625 0.0171875 0.0515625
0 0.8890625 0.4796875 0.0203125 0.053125
0 0.9359375 0.34140625 0.015625 0.04375
0 0.29140625 0.42421875 0.0140625 0.0421875
0 0.3703125 0.49375 0.0203125 0.05
0 0.38671875 0.52265625 0.0140625 0.0484375
0 0.3921875 0.5328125 0.015625 0.05
0 0.18125 0.60625 0.021875 0.05625
0 0.34921875 0.6625 0.0234375 0.053125
0 0.40390625 0.671875 0.021875 0.0484375
0 0.44921875 0.66328125 0.0234375 0.0578125
0 0.521875 0.975 0.01875 0.05
0 0.06015625 0.5828125 0.015625 0.0515625