0 0.55 0.38125 0.0171875 0.053125
0 0.4 0.2359375 0.0140625 0.04375
0 0.42734375 0.3421875 0.015625 0.046875
0 0.4375 0.4125 0.015625 0.0453125
0 0.61953125 0.42109375 0.015625 0.0484375
0 0.584375 0.45 0.01875 0.053125
0 0.57109375 0.47265625 0.0234375 0.053125
0 0.5046875 0.58046875 0.021875 0.05625
0 0.48125 0.86640625 0.021875 0.065625
0 0.33515625 0.6046875 0.015625 0.0578125
0 0.3109375 0.58671875 0.015625 0.05625
0 0.3328125 0.3859375 0.0140625 0.0421875
0 0.44921875 0.5203125 0.0171875 0.0515625
0 0.4125 0.50390625 0.0203125 0.053125
0 0.29296875 0.47265625 0.0171875 0.0546875
0 0.2953125 0.51484375 0.015625 0.05
0 0.1703125 0.3953125 0.0171875 0.05
0 0.16796875 0.59765625 0.0203125 0.05625
0 0.04609375 0.52890625 0.0171875 0.05625
0 0.69453125 0.5546875 0.0203125 0.05625
0 0.803125 0.5203125 0.0171875 0.053125
0 0.8234375 0.4984375 0.015625 0.0546875
0 0.921875 0.5359375 0.01875 0.0578125
0 0.99453125 0.54609375 0.0109375 0.0546875