0 0.54765625 0.490625 0.0203125 0.0625
0 0.4796875 0.77578125 0.01875 0.065625
0 0.34375 0.5015625 0.01875 0.0640625
0 0.290625 0.475 0.01875 0.053125
0 0.64140625 0.30234375 0.0171875 0.0515625
0 0.55625 0.3546875 0.0171875 0.05625
0 0.5515625 0.2375 0.0203125 0.05
0 0.51875 0.31171875 0.015625 0.0546875
0 0.4578125 0.2609375 0.0140625 0.0453125
0 0.4328125 0.2015625 0.0140625 0.0453125
0 0.415625 0.075 0.0140625 0.0453125
0 0.44140625 0.39453125 0.01875 0.05
0 0.4046875 0.38046875 0.015625 0.053125
0 0.34375 0.3703125 0.0171875 0.053125
0 0.32109375 0.24765625 0.015625 0.0484375
0 0.29765625 0.33984375 0.0171875 0.0546875
0 0.15859375 0.2484375 0.015625 0.046875
0 0.15078125 0.4703125 0.0171875 0.05625
0 0.05546875 0.38515625 0.0171875 0.053125
0 0.84921875 0.44375 0.01875 0.0453125
0 0.85703125 0.52578125 0.028125 0.05625
0 0.9140625 0.48203125 0.01875 0.0546875