0 0.43046875 0.4921875 0.0203125 0.059375
0 0.52578125 0.75 0.01875 0.0625
0 0.62265625 0.4796875 0.01875 0.0609375
0 0.66875 0.44921875 0.01875 0.0515625
0 0.321875 0.32734375 0.0171875 0.05
0 0.40703125 0.3671875 0.0171875 0.053125
0 0.3984375 0.25625 0.01875 0.046875
0 0.43671875 0.32265625 0.015625 0.0515625
0 0.48828125 0.26796875 0.0140625 0.0421875
0 0.50546875 0.21015625 0.0140625 0.0421875
0 0.50546875 0.0890625 0.0140625 0.0421875
0 0.51875 0.390625 0.01875 0.0484375
0 0.5515625 0.37421875 0.015625 0.05
0 0.6078125 0.35703125 0.0171875 0.0515625
0 0.6140625 0.2390625 0.015625 0.0453125
0 0.646875 0.3234375 0.0171875 0.053125
0 0.76640625 0.22265625 0.0140625 0.04375
0 0.79921875 0.428125 0.0171875 0.053125
0 0.87890625 0.33828125 0.0171875 0.05
0 0.95625 0.17265625 0.0140625 0.04375
0 0.14375 0.4828125 0.01875 0.04375
0 0.1453125 0.5609375 0.0265625 0.053125
0 0.0875 0.52734375 0.01875 0.0515625