0 0.53671875 0.86953125 0.0265625 0.065625
0 0.42734375 0.8859375 0.0234375 0.065625
0 0.4234375 0.91328125 0.0328125 0.04375
0 0.415625 0.8859375 0.021875 0.0578125
0 0.39765625 0.7984375 0.0296875 0.06875
0 0.303125 0.76015625 0.025 0.065625
0 0.43359375 0.6 0.01875 0.053125
0 0.3828125 0.5328125 0.01875 0.0515625
0 0.3375 0.5625 0.0203125 0.05625
0 0.084375 0.49296875 0.021875 0.05
0 0.075 0.35234375 0.01875 0.0484375
0 0.44609375 0.171875 0.0171875 0.0390625
0 0.43515625 0.378125 0.0171875 0.04375
0 0.490625 0.375 0.0171875 0.040625
0 0.4953125 0.31171875 0.0140625 0.0421875
0 0.54921875 0.3109375 0.01875 0.046875
0 0.625 0.29765625 0.0171875 0.046875
0 0.64296875 0.5 0.0203125 0.0578125
0 0.65703125 0.5125 0.021875 0.0546875
0 0.740625 0.75625 0.0234375 0.0671875
0 0.725 0.3328125 0.0234375 0.0484375
0 0.79296875 0.34765625 0.0203125 0.0484375
0 0.7890625 0.3640625 0.0203125 0.0484375
0 0.95625 0.5421875 0.0234375 0.053125
0 0.93828125 0.3546875 0.0171875 0.046875