0 0.66171875 0.71875 0.0328125 0.06875
0 0.4265625 0.884375 0.0328125 0.0765625
0 0.90078125 0.71796875 0.0234375 0.0609375
0 0.89296875 0.66015625 0.0265625 0.0671875
0 0.81875 0.50625 0.0234375 0.0609375
0 0.7984375 0.48359375 0.025 0.0609375
0 0.8171875 0.36796875 0.0203125 0.05625
0 0.6984375 0.37890625 0.0234375 0.05625
0 0.68359375 0.3671875 0.028125 0.059375
0 0.66015625 0.52421875 0.025 0.06875
0 0.6328125 0.51640625 0.0265625 0.0703125
0 0.6859375 0.703125 0.028125 0.0671875
0 0.55234375 0.41796875 0.028125 0.0640625
0 0.51640625 0.3640625 0.01875 0.0515625
0 0.51171875 0.37734375 0.025 0.0515625
0 0.4859375 0.49296875 0.025 0.0625
0 0.46640625 0.47421875 0.028125 0.0609375
0 0.3578125 0.6453125 0.0265625 0.075
0 0.340625 0.58359375 0.025 0.065625
0 0.475 0.26640625 0.0171875 0.05625
0 0.359375 0.06953125 0.0171875 0.040625
0 0.41875 0.271875 0.028125 0.05625
0 0.3421875 0.271875 0.025 0.0578125
0 0.1671875 0.3546875 0.028125 0.0625
0 0.0875 0.46640625 0.028125 0.0671875