0 0.46640625 0.8890625 0.0328125 0.0875
0 0.040625 0.5859375 0.0234375 0.071875
0 0.08515625 0.50078125 0.028125 0.075
0 0.13984375 0.625 0.0296875 0.0828125
0 0.25390625 0.5921875 0.028125 0.0796875
0 0.2546875 0.23359375 0.021875 0.0625
0 0.2703125 0.36484375 0.0234375 0.0625
0 0.27890625 0.3828125 0.0265625 0.0703125
0 0.3203125 0.29609375 0.0234375 0.0640625
0 0.3421875 0.2859375 0.01875 0.0640625
0 0.36328125 0.39453125 0.025 0.0640625
0 0.39453125 0.4046875 0.0296875 0.0625
0 0.4625 0.34921875 0.0234375 0.0578125
0 0.47109375 0.359375 0.01875 0.05625
0 0.48828125 0.346875 0.0234375 0.0609375
0 0.47265625 0.4515625 0.0203125 0.065625
0 0.4875 0.44765625 0.0265625 0.0640625
0 0.56953125 0.21953125 0.0265625 0.0640625
0 0.57734375 0.215625 0.021875 0.0546875
0 0.71171875 0.25078125 0.0234375 0.059375
0 0.8140625 0.053125 0.0171875 0.0375
0 0.86796875 0.4125 0.025 0.0703125
0 0.6578125 0.59453125 0.025 0.0703125
0 0.578125 0.6484375 0.0265625 0.0765625
0 0.92734375 0.55703125 0.025 0.0703125