0 0.44375 0.9375 0.034375 0.0859375
0 0.925 0.7671875 0.025 0.0703125
0 0.90546875 0.67578125 0.0296875 0.0734375
0 0.821875 0.77734375 0.03125 0.08125
0 0.72265625 0.71484375 0.0296875 0.078125
0 0.81875 0.3796875 0.0234375 0.0609375
0 0.76875 0.49765625 0.025 0.0625
0 0.75625 0.51171875 0.028125 0.06875
0 0.73984375 0.4203125 0.025 0.0625
0 0.72265625 0.4046875 0.0203125 0.0625
0 0.6734375 0.5 0.0265625 0.0625
0 0.6421875 0.50078125 0.0296875 0.0609375
0 0.5921875 0.43125 0.025 0.05625
0 0.58203125 0.43828125 0.0203125 0.0546875
0 0.56953125 0.421875 0.025 0.059375
0 0.55546875 0.525 0.021875 0.0640625
0 0.5421875 0.51640625 0.028125 0.0625
0 0.52578125 0.28046875 0.0265625 0.0625
0 0.5203125 0.27578125 0.0234375 0.053125
0 0.38515625 0.271875 0.025 0.0578125
0 0.34296875 0.059375 0.01875 0.0375
0 0.1953125 0.38125 0.0265625 0.06875
0 0.34375 0.60859375 0.0265625 0.06875
0 0.40390625 0.68046875 0.028125 0.075
0 0.1 0.5015625 0.0265625 0.06875