0 0.753125 0.55546875 0.021875 0.071875
0 0.45625 0.82734375 0.053125 0.1
0 0.8609375 0.43671875 0.0265625 0.0671875
0 0.778125 0.2765625 0.0203125 0.0640625
0 0.9765625 0.27109375 0.0203125 0.0609375
0 0.77109375 0.290625 0.01875 0.0640625
0 0.6765625 0.1796875 0.0171875 0.059375
0 0.68359375 0.28671875 0.021875 0.0515625
0 0.684375 0.32734375 0.01875 0.0625
0 0.61875 0.31328125 0.0203125 0.0671875
0 0.59375 0.20390625 0.0203125 0.0640625
0 0.659375 0.496875 0.0359375 0.065625
0 0.56171875 0.178125 0.0203125 0.05625
0 0.5453125 0.23203125 0.0203125 0.0546875
0 0.4859375 0.21796875 0.0203125 0.0515625
0 0.5015625 0.27265625 0.021875 0.059375
0 0.4578125 0.21171875 0.021875 0.0609375
0 0.46875 0.35703125 0.021875 0.059375
0 0.44921875 0.3265625 0.021875 0.0578125
0 0.36953125 0.025 0.0171875 0.0359375
0 0.28125 0.2609375 0.01875 0.0578125
0 0.20546875 0.4515625 0.021875 0.0625
0 0.39453125 0.5015625 0.021875 0.0703125
0 0.38046875 0.5484375 0.0234375 0.071875