0 0.51875 0.19375 0.0203125 0.0578125
0 0.7578125 0.36484375 0.0203125 0.0609375
0 0.7109375 0.48359375 0.021875 0.0671875
0 0.75625 0.58203125 0.0234375 0.0671875
0 0.89765625 0.615625 0.0296875 0.071875
0 0.74296875 0.65390625 0.0234375 0.071875
0 0.640625 0.73671875 0.0265625 0.075
0 0.6609375 0.55546875 0.0234375 0.075
0 0.54609375 0.396875 0.03125 0.065625
0 0.53515625 0.50078125 0.0375 0.06875
0 0.5125 0.621875 0.021875 0.0734375
0 0.50703125 0.4390625 0.021875 0.0625
0 0.34296875 0.971875 0.0203125 0.034375
0 0.415625 0.3140625 0.025 0.059375
0 0.40625 0.4359375 0.025 0.059375
0 0.39453125 0.46875 0.0234375 0.06875
0 0.29296875 0.38359375 0.0234375 0.0703125
0 0.11796875 0.35859375 0.025 0.065625
0 0.2734375 0.621875 0.0234375 0.075
0 0.07421875 0.53515625 0.021875 0.0703125
0 0.165625 0.68125 0.025 0.0734375