0 0.49765625 0.21328125 0.0203125 0.0515625
0 0.74453125 0.31640625 0.021875 0.0546875
0 0.728125 0.4328125 0.0234375 0.0609375
0 0.78828125 0.51015625 0.0234375 0.0625
0 0.92109375 0.51015625 0.0296875 0.065625
0 0.790625 0.57578125 0.025 0.065625
0 0.7171875 0.67109375 0.0265625 0.06875
0 0.69765625 0.50625 0.025 0.06875
0 0.56328125 0.38828125 0.03125 0.0609375
0 0.57578125 0.4828125 0.0375 0.0640625
0 0.58046875 0.5953125 0.0234375 0.0671875
0 0.5375 0.434375 0.0234375 0.0578125
0 0.50390625 0.9625 0.0265625 0.075
0 0.43125 0.340625 0.025 0.0546875
0 0.446875 0.45234375 0.025 0.0546875
0 0.44296875 0.48359375 0.025 0.0640625
0 0.33515625 0.428125 0.025 0.0640625
0 0.175 0.44140625 0.025 0.0609375
0 0.3671875 0.64453125 0.025 0.06875
0 0.17265625 0.60859375 0.0234375 0.0640625
0 0.28359375 0.71875 0.0265625 0.06875