0 0.14765625 0.57578125 0.015625 0.06875
0 0.23046875 0.3140625 0.0234375 0.05625
0 0.27421875 0.4328125 0.021875 0.0609375
0 0.3109375 0.5015625 0.021875 0.0640625
0 0.29453125 0.57734375 0.025 0.0625
0 0.3359375 0.646875 0.0140625 0.075
0 0.43671875 0.47890625 0.0203125 0.0640625
0 0.46484375 0.59140625 0.0265625 0.06875
0 0.534375 0.20390625 0.0171875 0.05625
0 0.51015625 0.37578125 0.0203125 0.059375
0 0.515625 0.409375 0.025 0.05625
0 0.640625 0.27109375 0.0203125 0.0515625
0 0.6015625 0.475 0.01875 0.0625
0 0.6578125 0.4453125 0.0203125 0.05625
0 0.64453125 0.50390625 0.0140625 0.0546875
0 0.64609375 0.53359375 0.0171875 0.06875
0 0.7078125 0.60703125 0.03125 0.0703125
0 0.7828125 0.3890625 0.0203125 0.0625
0 0.8640625 0.63359375 0.0234375 0.06875
0 0.93203125 0.41796875 0.0234375 0.065625
0 0.89609375 0.55859375 0.025 0.06875
0 0.5421875 0.984375 0.021875 0.03125