0 0.45625 0.9125 0.021875 0.08125
0 0.82734375 0.5265625 0.01875 0.0609375
0 0.67109375 0.54609375 0.01875 0.0578125
0 0.715625 0.278125 0.015625 0.053125
0 0.68515625 0.38203125 0.01875 0.05625
0 0.65 0.43828125 0.0203125 0.0640625
0 0.6328125 0.52890625 0.015625 0.059375
0 0.53671875 0.44453125 0.0140625 0.059375
0 0.5 0.51640625 0.015625 0.0640625
0 0.42421875 0.1515625 0.0140625 0.046875
0 0.3625 0.25390625 0.0140625 0.053125
0 0.4125 0.3453125 0.015625 0.0609375
0 0.38671875 0.35625 0.01875 0.053125
0 0.35859375 0.465625 0.0203125 0.059375
0 0.33359375 0.45078125 0.0125 0.05625
0 0.29765625 0.43828125 0.0203125 0.05625
0 0.26796875 0.50390625 0.015625 0.0671875
0 0.25078125 0.39140625 0.0203125 0.053125
0 0.20703125 0.28828125 0.01875 0.0609375
0 0.1 0.34375 0.021875 0.05625
0 0.08515625 0.46796875 0.0265625 0.053125
0 0.0078125 0.48671875 0.015625 0.0640625