0 0.5546875 0.88125 0.0265625 0.084375
0 0.15 0.503125 0.021875 0.0625
0 0.31328125 0.51484375 0.021875 0.0609375
0 0.25234375 0.23984375 0.01875 0.05625
0 0.290625 0.3453125 0.021875 0.059375
0 0.32890625 0.40234375 0.0234375 0.0671875
0 0.35078125 0.49453125 0.01875 0.0625
0 0.44609375 0.40234375 0.0171875 0.0609375
0 0.48828125 0.475 0.01875 0.0671875
0 0.546875 0.09375 0.015625 0.0484375
0 0.61484375 0.1953125 0.0171875 0.05625
0 0.56875 0.29296875 0.01875 0.0640625
0 0.59609375 0.303125 0.021875 0.0546875
0 0.63203125 0.4140625 0.0234375 0.0625
0 0.65546875 0.3984375 0.015625 0.059375
0 0.6921875 0.38359375 0.0234375 0.059375
0 0.7265625 0.44921875 0.0203125 0.0703125
0 0.73828125 0.33203125 0.0234375 0.05625
0 0.778125 0.2234375 0.021875 0.0640625
0 0.890625 0.27421875 0.025 0.059375
0 0.9140625 0.40234375 0.0296875 0.0578125
0 0.990625 0.41796875 0.0140625 0.065625