0 0.14140625 0.51875 0.0140625 0.059375
0 0.27421875 0.5484375 0.01875 0.05625
0 0.30078125 0.3046875 0.015625 0.05
0 0.32578125 0.390625 0.015625 0.053125
0 0.35546875 0.42421875 0.0171875 0.0515625
0 0.34453125 0.53984375 0.021875 0.05625
0 0.4578125 0.8625 0.0171875 0.06875
0 0.4859375 0.17421875 0.0109375 0.046875
0 0.4671875 0.45625 0.0125 0.059375
0 0.496875 0.52578125 0.0125 0.059375
0 0.53515625 0.2984375 0.0125 0.05
0 0.55234375 0.36796875 0.0140625 0.05
0 0.60234375 0.36015625 0.015625 0.046875
0 0.628125 0.428125 0.0125 0.0546875
0 0.696875 0.30390625 0.015625 0.046875
0 0.64921875 0.45703125 0.0140625 0.0578125
0 0.709375 0.45546875 0.015625 0.0546875
0 0.7046875 0.50703125 0.015625 0.059375
0 0.76640625 0.40078125 0.0125 0.046875
0 0.871875 0.2671875 0.009375 0.04375
0 0.88359375 0.371875 0.0140625 0.0515625
0 0.878125 0.43359375 0.0140625 0.046875
0 0.92734375 0.39375 0.0171875 0.053125