0 0.66328125 0.5 0.021875 0.0546875
0 0.946875 0.525 0.0234375 0.0578125
0 0.7765625 0.321875 0.021875 0.05
0 0.76015625 0.33046875 0.0171875 0.046875
0 0.675 0.3265625 0.0203125 0.0484375
0 0.65234375 0.309375 0.021875 0.053125
0 0.44765625 0.16796875 0.0171875 0.040625
0 0.5421875 0.3171875 0.0234375 0.0484375
0 0.50859375 0.31640625 0.0171875 0.046875
0 0.52734375 0.371875 0.0203125 0.0453125
0 0.46484375 0.3671875 0.01875 0.0421875
0 0.6515625 0.49453125 0.025 0.05625
0 0.7515625 0.74296875 0.0234375 0.0609375
0 0.5625 0.8265625 0.028125 0.059375
0 0.46796875 0.83671875 0.028125 0.0578125
0 0.44921875 0.6109375 0.025 0.05625
0 0.40078125 0.734375 0.0265625 0.0625
0 0.40625 0.53125 0.021875 0.05625
0 0.34921875 0.5890625 0.021875 0.0546875
0 0.3265625 0.75546875 0.0234375 0.0609375
0 0.4546875 0.8515625 0.0265625 0.0640625
0 0.4390625 0.86015625 0.028125 0.0671875
0 0.0828125 0.496875 0.021875 0.0546875
0 0.08671875 0.37109375 0.0203125 0.0421875