0 0.309375 0.725 0.0328125 0.0890625
0 0.00859375 0.728125 0.0171875 0.0875
0 0.05625 0.51875 0.034375 0.0796875
0 0.1375 0.3609375 0.0328125 0.0734375
0 0.2796875 0.32265625 0.0328125 0.0640625
0 0.29453125 0.34296875 0.028125 0.0609375
0 0.39765625 0.3 0.0296875 0.06875
0 0.4703125 0.28515625 0.0296875 0.0640625
0 0.48515625 0.3203125 0.028125 0.065625
0 0.50234375 0.31640625 0.028125 0.0578125
0 0.3703125 0.46328125 0.0296875 0.0734375
0 0.46171875 0.4171875 0.0265625 0.06875
0 0.59296875 0.32890625 0.03125 0.0609375
0 0.578125 0.56171875 0.0296875 0.0671875
0 0.60859375 0.415625 0.028125 0.0625
0 0.66171875 0.521875 0.0328125 0.0703125
0 0.7078125 0.45 0.0265625 0.065625
0 0.71171875 0.3125 0.0296875 0.0671875
0 0.759375 0.3015625 0.0375 0.0703125
0 0.9453125 0.3453125 0.0234375 0.0640625
0 0.7359375 0.7671875 0.0390625 0.0875
0 0.84140625 0.75546875 0.03125 0.08125
0 0.1109375 0.68046875 0.034375 0.084375