0 0.575 0.81640625 0.03125 0.0890625
0 0.865625 0.9203125 0.0359375 0.0875
0 0.87890625 0.70390625 0.0328125 0.0796875
0 0.8546875 0.52890625 0.03125 0.071875
0 0.7328125 0.44765625 0.03125 0.0640625
0 0.71328125 0.4625 0.0265625 0.059375
0 0.62890625 0.38828125 0.028125 0.06875
0 0.56640625 0.3515625 0.028125 0.0640625
0 0.54140625 0.37890625 0.028125 0.065625
0 0.5265625 0.36953125 0.0265625 0.0578125
0 0.603125 0.55 0.028125 0.0734375
0 0.53125 0.47734375 0.025 0.06875
0 0.4375 0.35234375 0.0296875 0.0609375
0 0.37578125 0.575 0.028125 0.0671875
0 0.39453125 0.42890625 0.0265625 0.0625
0 0.31015625 0.51171875 0.0328125 0.0703125
0 0.28984375 0.42890625 0.0265625 0.0640625
0 0.33046875 0.2984375 0.028125 0.0671875
0 0.2890625 0.27265625 0.0359375 0.0703125
0 0.1 0.253125 0.021875 0.0640625
0 0.16015625 0.7171875 0.0375 0.0859375
0 0.06640625 0.67265625 0.0296875 0.08125
0 0.77578125 0.83828125 0.0328125 0.0828125