0 0.5671875 0.7765625 0.0203125 0.0875
0 0.85078125 0.68203125 0.0140625 0.0796875
0 0.83046875 0.79765625 0.028125 0.0828125
0 0.78046875 0.78984375 0.0265625 0.078125
0 0.80234375 0.490625 0.021875 0.065625
0 0.6875 0.43671875 0.0203125 0.0703125
0 0.640625 0.44921875 0.01875 0.06875
0 0.64609375 0.3765625 0.021875 0.0578125
0 0.52109375 0.39609375 0.0203125 0.0625
0 0.575 0.5359375 0.03125 0.078125
0 0.4734375 0.49765625 0.0203125 0.06875
0 0.42421875 0.334375 0.015625 0.0609375
0 0.390625 0.35546875 0.0203125 0.059375
0 0.346875 0.46640625 0.0171875 0.059375
0 0.31953125 0.3625 0.0171875 0.0671875
0 0.34765625 0.60234375 0.021875 0.0734375
0 0.26328125 0.47265625 0.01875 0.0625
0 0.275 0.346875 0.015625 0.0609375
0 0.22109375 0.32421875 0.015625 0.0609375
0 0.02109375 0.3265625 0.0171875 0.0625
0 0.19453125 0.5296875 0.0171875 0.065625
0 0.12421875 0.7125 0.021875 0.071875
0 0.16015625 0.75234375 0.0203125 0.0828125