0 0.125 0.42109375 0.025 0.06875
0 0.1703125 0.59609375 0.0328125 0.0765625
0 0.31171875 0.65234375 0.0296875 0.0734375
0 0.33359375 0.64140625 0.03125 0.078125
0 0.50078125 0.6359375 0.028125 0.078125
0 0.284375 0.26640625 0.01875 0.065625
0 0.3546875 0.359375 0.021875 0.0640625
0 0.3859375 0.334375 0.0234375 0.065625
0 0.4390625 0.3578125 0.0265625 0.065625
0 0.43671875 0.43359375 0.0328125 0.0671875
0 0.575 0.40390625 0.025 0.0703125
0 0.58671875 0.225 0.021875 0.0625
0 0.65234375 0.22109375 0.01875 0.059375
0 0.6640625 0.34375 0.021875 0.05625
0 0.7453125 0.3578125 0.0234375 0.0609375
0 0.6921875 0.484375 0.021875 0.06875
0 0.74765625 0.24765625 0.0203125 0.0609375
0 0.7890625 0.25078125 0.021875 0.0640625
0 0.83984375 0.23359375 0.0203125 0.0609375
0 0.8671875 0.41953125 0.021875 0.065625
0 0.86328125 0.57890625 0.025 0.0796875
0 0.8390625 0.615625 0.025 0.0828125