0 0.1203125 0.51015625 0.0234375 0.0765625
0 0.01328125 0.421875 0.0171875 0.065625
0 0.29609375 0.22421875 0.0140625 0.0640625
0 0.2984375 0.32734375 0.021875 0.065625
0 0.37734375 0.35078125 0.0203125 0.0671875
0 0.403125 0.5828125 0.01875 0.0734375
0 0.4375 0.57578125 0.0203125 0.075
0 0.53125 0.58984375 0.021875 0.08125
0 0.43515625 0.403125 0.0171875 0.071875
0 0.52578125 0.33984375 0.0125 0.046875
0 0.62109375 0.19609375 0.015625 0.05625
0 0.66796875 0.203125 0.0140625 0.059375
0 0.6640625 0.31015625 0.0171875 0.05625
0 0.61953125 0.40625 0.01875 0.0671875
0 0.73984375 0.48046875 0.0203125 0.0703125
0 0.71953125 0.33984375 0.0140625 0.0609375
0 0.89375 0.453125 0.015625 0.0703125
0 0.8296875 0.58125 0.0203125 0.071875
0 0.8140625 0.603125 0.021875 0.0765625
0 0.8375 0.2578125 0.015625 0.0625
0 0.89765625 0.30546875 0.0171875 0.0671875
0 0.91171875 0.284375 0.0171875 0.0671875