0 0.87265625 0.2421875 0.025 0.0609375
0 0.71875 0.2890625 0.021875 0.0640625
0 0.5859375 0.1515625 0.021875 0.059375
0 0.54765625 0.0609375 0.0203125 0.05625
0 0.52734375 0.18671875 0.021875 0.0640625
0 0.453125 0.24375 0.025 0.0625
0 0.4984375 0.37578125 0.028125 0.065625
0 0.4671875 0.38359375 0.025 0.06875
0 0.38359375 0.40234375 0.028125 0.0734375
0 0.35625 0.18046875 0.025 0.0640625
0 0.2921875 0.06015625 0.021875 0.0515625
0 0.24765625 0.1046875 0.0234375 0.0578125
0 0.28671875 0.284375 0.025 0.0640625
0 0.25625 0.18359375 0.0203125 0.0546875
0 0.16875 0.2125 0.0234375 0.05625
0 0.19453125 0.3421875 0.0234375 0.0640625
0 0.184375 0.43984375 0.028125 0.071875
0 0.178125 0.42890625 0.0234375 0.065625
0 0.06953125 0.35625 0.0234375 0.059375
0 0.0546875 0.1703125 0.021875 0.059375
0 0.01015625 0.2609375 0.0203125 0.0625
0 0.00390625 0.22734375 0.0078125 0.0578125
0 0.45 0.84296875 0.034375 0.0875