0 0.8953125 0.390625 0.0234375 0.0578125
0 0.7453125 0.390625 0.0203125 0.0609375
0 0.6640625 0.23125 0.021875 0.0546875
0 0.65546875 0.1390625 0.0203125 0.053125
0 0.6015625 0.24609375 0.021875 0.059375
0 0.5203125 0.27734375 0.025 0.0578125
0 0.52421875 0.40703125 0.0265625 0.0609375
0 0.4953125 0.40625 0.025 0.0640625
0 0.41484375 0.39921875 0.028125 0.06875
0 0.45078125 0.19375 0.0234375 0.0609375
0 0.4265625 0.06875 0.021875 0.0484375
0 0.375 0.096875 0.0234375 0.053125
0 0.36015625 0.2671875 0.0234375 0.0609375
0 0.36015625 0.16953125 0.0203125 0.05
0 0.27421875 0.17265625 0.021875 0.053125
0 0.26171875 0.29453125 0.0234375 0.059375
0 0.2265625 0.37890625 0.0265625 0.0671875
0 0.22421875 0.36796875 0.021875 0.0625
0 0.146875 0.2734375 0.021875 0.0546875
0 0.184375 0.10234375 0.0203125 0.05625
0 0.11796875 0.17109375 0.025 0.0578125
0 0.11640625 0.13828125 0.021875 0.0546875
0 0.35390625 0.8125 0.034375 0.0828125