0 0.08671875 0.39375 0.0203125 0.0625
0 0.284375 0.4234375 0.025 0.0578125
0 0.40625 0.20546875 0.01875 0.0515625
0 0.44296875 0.27578125 0.0203125 0.0515625
0 0.4421875 0.3109375 0.01875 0.0515625
0 0.51171875 0.45390625 0.0234375 0.059375
0 0.52265625 0.459375 0.0265625 0.0578125
0 0.53125 0.8359375 0.028125 0.071875
0 0.63203125 0.14140625 0.0203125 0.0484375
0 0.57578125 0.365625 0.0234375 0.05625
0 0.6046875 0.465625 0.0234375 0.0625
0 0.64453125 0.2828125 0.0203125 0.053125
0 0.69453125 0.30625 0.0234375 0.046875
0 0.70859375 0.25625 0.0203125 0.0484375
0 0.7671875 0.3375 0.01875 0.0453125
0 0.6921875 0.42265625 0.01875 0.0578125
0 0.7703125 0.4671875 0.0203125 0.0640625
0 0.778125 0.4921875 0.021875 0.0609375
0 0.78671875 0.4015625 0.0234375 0.0578125
0 0.86328125 0.38046875 0.0171875 0.0515625
0 0.8703125 0.29765625 0.021875 0.0546875
0 0.9375 0.409375 0.021875 0.0546875
0 0.9875 0.3984375 0.0234375 0.0609375