0 0.003125 0.509375 0.00625 0.04375
0 0.08203125 0.48671875 0.0203125 0.0609375
0 0.2765625 0.4671875 0.0234375 0.05625
0 0.33984375 0.23203125 0.01875 0.0515625
0 0.390625 0.290625 0.0203125 0.0515625
0 0.39921875 0.32421875 0.0171875 0.05
0 0.4984375 0.44296875 0.0234375 0.0578125
0 0.509375 0.4453125 0.025 0.05625
0 0.60625 0.7984375 0.028125 0.0703125
0 0.53828125 0.11953125 0.0203125 0.046875
0 0.5375 0.34453125 0.021875 0.0546875
0 0.58828125 0.4328125 0.0234375 0.0609375
0 0.58359375 0.25 0.01875 0.0515625
0 0.6359375 0.2609375 0.021875 0.0453125
0 0.6375 0.21015625 0.01875 0.046875
0 0.71171875 0.2734375 0.01875 0.04375
0 0.6609375 0.37109375 0.01875 0.05625
0 0.7453125 0.39453125 0.0203125 0.0625
0 0.7578125 0.41640625 0.021875 0.059375
0 0.74609375 0.328125 0.0234375 0.05625
0 0.8125 0.290625 0.0171875 0.0515625
0 0.8 0.21015625 0.0203125 0.053125
0 0.890625 0.30078125 0.0203125 0.0546875
0 0.93515625 0.278125 0.021875 0.059375
0 0.95390625 0.1421875 0.015625 0.0453125