0 0.2109375 0.5234375 0.0203125 0.0609375
0 0.00546875 0.52265625 0.0109375 0.0640625
0 0.26171875 0.278125 0.015625 0.053125
0 0.471875 0.12578125 0.015625 0.046875
0 0.34296875 0.39921875 0.0171875 0.0609375
0 0.35703125 0.38046875 0.01875 0.0609375
0 0.4703125 0.50859375 0.0203125 0.059375
0 0.4875 0.4921875 0.01875 0.0578125
0 0.53359375 0.81640625 0.0234375 0.071875
0 0.54921875 0.3171875 0.0203125 0.0578125
0 0.5578125 0.23125 0.0171875 0.0484375
0 0.5890625 0.3796875 0.0203125 0.053125
0 0.66484375 0.44296875 0.021875 0.0578125
0 0.66640625 0.540625 0.0203125 0.0625
0 0.66171875 0.3046875 0.01875 0.0515625
0 0.68828125 0.38984375 0.021875 0.059375
0 0.70546875 0.4296875 0.0296875 0.0609375
0 0.775 0.3 0.015625 0.0484375
0 0.7953125 0.271875 0.0171875 0.0578125
0 0.9015625 0.196875 0.0171875 0.0515625
0 0.80859375 0.49609375 0.0296875 0.065625
0 0.88984375 0.4734375 0.021875 0.0578125
0 0.9296875 0.421875 0.0203125 0.0625
0 0.94609375 0.3609375 0.021875 0.0625