0 0.8078125 0.471875 0.015625 0.05625
0 0.740625 0.2453125 0.0125 0.05
0 0.53125 0.11953125 0.0125 0.04375
0 0.67421875 0.365625 0.0140625 0.05625
0 0.659375 0.34921875 0.015625 0.05625
0 0.5640625 0.47890625 0.0171875 0.0546875
0 0.5453125 0.465625 0.0140625 0.0546875
0 0.52890625 0.77265625 0.0171875 0.0671875
0 0.4734375 0.30625 0.0171875 0.0546875
0 0.45859375 0.22578125 0.0125 0.0453125
0 0.440625 0.3671875 0.0171875 0.05
0 0.3734375 0.43359375 0.0171875 0.0546875
0 0.38125 0.52578125 0.0171875 0.059375
0 0.36640625 0.303125 0.015625 0.0484375
0 0.3484375 0.38515625 0.0171875 0.0546875
0 0.33515625 0.425 0.025 0.0546875
0 0.26015625 0.3078125 0.0140625 0.046875
0 0.23828125 0.28359375 0.0140625 0.0546875
0 0.13203125 0.221875 0.0140625 0.0484375
0 0.24453125 0.4953125 0.025 0.059375
0 0.165625 0.48046875 0.01875 0.0546875
0 0.12265625 0.43515625 0.0171875 0.059375
0 0.103125 0.37890625 0.0171875 0.0578125