0 0.0625 0.634375 0.01875 0.05625
0 0.028125 0.46875 0.015625 0.046875
0 0.1984375 0.38984375 0.015625 0.0515625
0 0.21796875 0.4 0.0171875 0.0421875
0 0.325 0.36015625 0.01875 0.0453125
0 0.32265625 0.33984375 0.0125 0.040625
0 0.41796875 0.32421875 0.021875 0.0515625
0 0.45078125 0.36640625 0.01875 0.046875
0 0.45390625 0.3140625 0.021875 0.046875
0 0.46875 0.15234375 0.0140625 0.0390625
0 0.4953125 0.3484375 0.0171875 0.0453125
0 0.34296875 0.5390625 0.0140625 0.0515625
0 0.35 0.5359375 0.0171875 0.053125
0 0.328125 0.8015625 0.0203125 0.065625
0 0.540625 0.83984375 0.025 0.065625
0 0.5546875 0.79765625 0.025 0.0625
0 0.56796875 0.58046875 0.0203125 0.0578125
0 0.63203125 0.75234375 0.0234375 0.06875
0 0.65546875 0.740625 0.021875 0.06875
0 0.66875 0.640625 0.025 0.065625
0 0.7609375 0.709375 0.021875 0.0671875
0 0.90546875 0.35703125 0.01875 0.05
0 0.87890625 0.26953125 0.0171875 0.05625
0 0.68125 0.51953125 0.0203125 0.0546875
0 0.60625 0.50546875 0.0234375 0.0546875