0 0.95 0.65546875 0.0203125 0.05625
0 0.990625 0.48984375 0.0171875 0.046875
0 0.821875 0.40390625 0.0171875 0.0515625
0 0.80234375 0.41484375 0.01875 0.04375
0 0.69609375 0.3703125 0.0203125 0.0453125
0 0.6984375 0.35 0.0140625 0.040625
0 0.60390625 0.33046875 0.0234375 0.053125
0 0.56953125 0.37265625 0.0203125 0.046875
0 0.56875 0.31953125 0.0234375 0.0484375
0 0.559375 0.15625 0.015625 0.0390625
0 0.52578125 0.35234375 0.01875 0.0453125
0 0.67109375 0.55 0.015625 0.0515625
0 0.665625 0.546875 0.0203125 0.053125
0 0.67734375 0.81484375 0.0234375 0.065625
0 0.4625 0.8453125 0.028125 0.065625
0 0.45 0.80234375 0.028125 0.0625
0 0.44375 0.584375 0.021875 0.0578125
0 0.37421875 0.7546875 0.0265625 0.06875
0 0.35 0.740625 0.025 0.06875
0 0.340625 0.640625 0.0265625 0.065625
0 0.24609375 0.70546875 0.025 0.0671875
0 0.11328125 0.346875 0.0203125 0.05
0 0.14296875 0.259375 0.01875 0.05625
0 0.3328125 0.51796875 0.021875 0.0546875
0 0.4078125 0.50703125 0.025 0.0546875