0 0.18984375 0.46171875 0.01875 0.059375
0 0.01171875 0.45078125 0.01875 0.053125
0 0.4765625 0.75390625 0.0234375 0.075
0 0.38203125 0.32421875 0.0171875 0.0515625
0 0.4171875 0.3390625 0.0234375 0.0578125
0 0.45625 0.434375 0.025 0.0578125
0 0.52890625 0.33515625 0.01875 0.059375
0 0.54765625 0.26328125 0.021875 0.0515625
0 0.53125 0.17578125 0.0171875 0.0515625
0 0.26328125 0.22109375 0.0171875 0.0515625
0 0.4421875 0.04765625 0.015625 0.046875
0 0.571875 0.3875 0.01875 0.053125
0 0.584375 0.4171875 0.021875 0.05625
0 0.6296875 0.3796875 0.01875 0.0546875
0 0.64609375 0.28828125 0.021875 0.04375
0 0.6640625 0.29921875 0.025 0.046875
0 0.66953125 0.22734375 0.01875 0.0484375
0 0.68828125 0.2734375 0.0203125 0.0515625
0 0.75625 0.19765625 0.0171875 0.05625
0 0.76953125 0.2984375 0.01875 0.0578125
0 0.78984375 0.309375 0.0171875 0.05
0 0.8125 0.38515625 0.021875 0.05625
0 0.8625 0.13828125 0.0171875 0.0546875
0 0.95 0.3515625 0.0140625 0.059375