0 0.21796875 0.3625 0.0234375 0.0609375
0 0.04140625 0.3140625 0.021875 0.0546875
0 0.44453125 0.71796875 0.028125 0.078125
0 0.44140625 0.265625 0.021875 0.053125
0 0.47421875 0.2875 0.028125 0.0609375
0 0.4921875 0.39140625 0.0296875 0.0609375
0 0.58671875 0.3078125 0.021875 0.0625
0 0.6203125 0.2390625 0.025 0.053125
0 0.6234375 0.14765625 0.0203125 0.053125
0 0.34375 0.13671875 0.021875 0.053125
0 0.55859375 0.0125 0.0140625 0.0203125
0 0.61875 0.36875 0.021875 0.0546875
0 0.625 0.4015625 0.0265625 0.059375
0 0.678125 0.37421875 0.0234375 0.05625
0 0.7140625 0.28515625 0.025 0.046875
0 0.7296875 0.3 0.028125 0.05
0 0.75078125 0.22890625 0.021875 0.0515625
0 0.76015625 0.28046875 0.025 0.0546875
0 0.84453125 0.21796875 0.021875 0.0578125
0 0.83671875 0.321875 0.0234375 0.059375
0 0.85390625 0.33671875 0.0203125 0.0515625
0 0.8609375 0.41875 0.025 0.059375
0 0.9640625 0.18046875 0.0203125 0.05625