0 0.17265625 0.59921875 0.0234375 0.0734375
0 0.15703125 0.303125 0.021875 0.065625
0 0.2609375 0.26171875 0.0203125 0.06875
0 0.25390625 0.41171875 0.0234375 0.0671875
0 0.31640625 0.425 0.028125 0.0796875
0 0.3703125 0.3484375 0.0203125 0.0609375
0 0.3765625 0.33671875 0.01875 0.071875
0 0.39296875 0.3625 0.025 0.071875
0 0.46015625 0.153125 0.01875 0.0609375
0 0.44375 0.409375 0.028125 0.0484375
0 0.46640625 0.40234375 0.021875 0.0671875
0 0.43515625 0.64140625 0.021875 0.078125
0 0.44921875 0.634375 0.0296875 0.0796875
0 0.50625 0.265625 0.01875 0.0640625
0 0.5640625 0.39765625 0.01875 0.0625
0 0.55625 0.49765625 0.028125 0.065625
0 0.665625 0.63984375 0.021875 0.084375
0 0.62265625 0.31875 0.01875 0.06875
0 0.72421875 0.4796875 0.0203125 0.0765625
0 0.81015625 0.3625 0.025 0.0703125
0 0.8484375 0.575 0.0234375 0.0828125
0 0.81328125 0.66015625 0.021875 0.0734375