0 0.178125 0.60390625 0.021875 0.06875
0 0.1390625 0.321875 0.01875 0.0625
0 0.23515625 0.2734375 0.0171875 0.065625
0 0.24140625 0.4171875 0.021875 0.0625
0 0.30078125 0.425 0.0265625 0.075
0 0.346875 0.34765625 0.01875 0.0578125
0 0.35234375 0.3359375 0.0171875 0.06875
0 0.3703125 0.35859375 0.0234375 0.0671875
0 0.41640625 0.15234375 0.0171875 0.059375
0 0.421875 0.39921875 0.025 0.0453125
0 0.44296875 0.38984375 0.0203125 0.0625
0 0.43359375 0.621875 0.0203125 0.0734375
0 0.44609375 0.6140625 0.0265625 0.0765625
0 0.4703125 0.25703125 0.0171875 0.0609375
0 0.53671875 0.378125 0.015625 0.059375
0 0.5375 0.47421875 0.0265625 0.0625
0 0.65390625 0.6015625 0.01875 0.0796875
0 0.58671875 0.2984375 0.0171875 0.0671875
0 0.696875 0.44296875 0.0171875 0.0734375
0 0.76875 0.32421875 0.0234375 0.0671875
0 0.82265625 0.525 0.021875 0.078125
0 0.796875 0.609375 0.0203125 0.0703125