0 0.28125 0.53515625 0.028125 0.078125
0 0.2171875 0.24453125 0.021875 0.071875
0 0.27421875 0.33125 0.0234375 0.075
0 0.340625 0.33828125 0.0234375 0.0703125
0 0.3578125 0.2546875 0.025 0.0765625
0 0.3453125 0.1484375 0.01875 0.075
0 0.43203125 0.20625 0.0203125 0.075
0 0.45234375 0.22109375 0.01875 0.065625
0 0.43125 0.40078125 0.0234375 0.0640625
0 0.4390625 0.5296875 0.0265625 0.078125
0 0.45078125 0.51015625 0.021875 0.0765625
0 0.4734375 0.43984375 0.025 0.071875
0 0.4875 0.43046875 0.0234375 0.08125
0 0.578125 0.31015625 0.021875 0.0703125
0 0.56328125 0.1703125 0.021875 0.0703125
0 0.52734375 0.021875 0.0171875 0.0421875
0 0.71171875 0.1953125 0.021875 0.06875
0 0.74453125 0.41171875 0.021875 0.0765625
0 0.70625 0.64375 0.03125 0.084375
0 0.84296875 0.67109375 0.0265625 0.0828125
0 0.85703125 0.53984375 0.0234375 0.0734375
0 0.92734375 0.23984375 0.01875 0.071875