0 0.82734375 0.5140625 0.025 0.0734375
0 0.540625 0.72734375 0.0328125 0.0890625
0 0.525 0.55234375 0.025 0.06875
0 0.5140625 0.5671875 0.0234375 0.075
0 0.3109375 0.58046875 0.028125 0.0765625
0 0.29375 0.62265625 0.025 0.075
0 0.2234375 0.54921875 0.03125 0.0765625
0 0.4578125 0.42578125 0.034375 0.075
0 0.4734375 0.39375 0.025 0.08125
0 0.77109375 0.34609375 0.0234375 0.0703125
0 0.7484375 0.1140625 0.0203125 0.0578125
0 0.6546875 0.290625 0.025 0.0640625
0 0.57265625 0.0796875 0.0203125 0.05
0 0.57734375 0.1171875 0.021875 0.0546875
0 0.54609375 0.13203125 0.021875 0.0546875
0 0.49921875 0.07578125 0.021875 0.05625
0 0.44375 0.1046875 0.015625 0.05
0 0.446875 0.13671875 0.0171875 0.0578125
0 0.315625 0.11796875 0.0171875 0.059375
0 0.14453125 0.1375 0.0203125 0.0625
0 0.27890625 0.36328125 0.025 0.0671875
0 0.4 0.20625 0.0203125 0.05625