0 0.11328125 0.48359375 0.01875 0.06875
0 0.14453125 0.16171875 0.0171875 0.0546875
0 0.2015625 0.27578125 0.015625 0.0546875
0 0.28046875 0.3984375 0.01875 0.059375
0 0.35859375 0.25703125 0.015625 0.059375
0 0.3625 0.1484375 0.0125 0.05625
0 0.3703125 0.16640625 0.015625 0.0515625
0 0.43515625 0.1578125 0.0125 0.0390625
0 0.46484375 0.14609375 0.0140625 0.0515625
0 0.50546875 0.221875 0.0140625 0.05
0 0.49921875 0.26171875 0.0140625 0.040625
0 0.61875 0.16875 0.0125 0.0515625
0 0.54296875 0.34921875 0.021875 0.05625
0 0.5765625 0.33046875 0.01875 0.0546875
0 0.57109375 0.41875 0.0140625 0.0609375
0 0.43046875 0.4671875 0.0171875 0.0640625
0 0.35546875 0.5578125 0.01875 0.065625
0 0.49609375 0.58671875 0.0171875 0.059375
0 0.66796875 0.47265625 0.0171875 0.0625
0 0.7328125 0.5859375 0.01875 0.0671875
0 0.790625 0.428125 0.0140625 0.0640625
0 0.75859375 0.2125 0.0125 0.053125
0 0.959375 0.13359375 0.0171875 0.05625