0 0.915625 0.509375 0.0265625 0.06875
0 0.8984375 0.203125 0.0234375 0.0625
0 0.84296875 0.284375 0.0234375 0.05625
0 0.7328125 0.17890625 0.0203125 0.0484375
0 0.721875 0.21015625 0.0203125 0.053125
0 0.69453125 0.384375 0.0234375 0.0625
0 0.67734375 0.29921875 0.0234375 0.059375
0 0.62109375 0.15234375 0.0234375 0.053125
0 0.61015625 0.14453125 0.0234375 0.0578125
0 0.60625 0.425 0.025 0.06875
0 0.61953125 0.5390625 0.028125 0.06875
0 0.48203125 0.60546875 0.0296875 0.0734375
0 0.5359375 0.22890625 0.0234375 0.0546875
0 0.5109375 0.25234375 0.0203125 0.053125
0 0.51015625 0.29453125 0.028125 0.0546875
0 0.4578125 0.37421875 0.0265625 0.0625
0 0.4359375 0.3109375 0.021875 0.05625
0 0.46171875 0.1421875 0.0171875 0.0484375
0 0.29765625 0.165625 0.0203125 0.0578125
0 0.2859375 0.5 0.0265625 0.0734375
0 0.35390625 0.38984375 0.025 0.0625
0 0.21171875 0.31796875 0.0265625 0.065625
0 0.10546875 0.04296875 0.025 0.053125