0 0.57890625 0.64140625 0.0234375 0.0671875
0 0.909375 0.57578125 0.025 0.0703125
0 0.82890625 0.2828125 0.015625 0.0546875
0 0.7890625 0.3578125 0.0234375 0.059375
0 0.67109375 0.25703125 0.025 0.053125
0 0.65 0.31953125 0.01875 0.0578125
0 0.590625 0.41328125 0.0171875 0.0546875
0 0.58671875 0.45625 0.0171875 0.0625
0 0.5578125 0.515625 0.025 0.05625
0 0.5046875 0.08828125 0.0140625 0.0375
0 0.5390625 0.25625 0.0140625 0.0453125
0 0.5296875 0.25078125 0.0140625 0.0546875
0 0.4109375 0.2546875 0.01875 0.0546875
0 0.425 0.35078125 0.015625 0.0515625
0 0.45390625 0.378125 0.01875 0.0609375
0 0.37421875 0.37109375 0.01875 0.0515625
0 0.37265625 0.4328125 0.01875 0.0546875
0 0.3796875 0.49453125 0.01875 0.0625
0 0.45703125 0.75859375 0.021875 0.0703125
0 0.290625 0.4875 0.0171875 0.059375
0 0.25703125 0.615625 0.0203125 0.071875
0 0.19609375 0.3265625 0.0171875 0.0578125
0 0.12109375 0.4296875 0.01875 0.0625
0 0.01875 0.196875 0.0109375 0.0515625