0 0.62734375 0.6203125 0.0265625 0.0640625
0 0.92421875 0.5046875 0.028125 0.0671875
0 0.80078125 0.2453125 0.0171875 0.0515625
0 0.77734375 0.321875 0.0265625 0.05625
0 0.65 0.24765625 0.0265625 0.0515625
0 0.64140625 0.30859375 0.021875 0.05625
0 0.60078125 0.40625 0.01875 0.053125
0 0.6046875 0.44609375 0.0203125 0.059375
0 0.5875 0.50625 0.028125 0.053125
0 0.4671875 0.11640625 0.015625 0.0375
0 0.52734375 0.26953125 0.0171875 0.04375
0 0.5171875 0.2640625 0.0171875 0.0515625
0 0.4078125 0.2875 0.0203125 0.0515625
0 0.4359375 0.375 0.0171875 0.05
0 0.4671875 0.3953125 0.021875 0.0578125
0 0.39296875 0.40234375 0.021875 0.0484375
0 0.4015625 0.46015625 0.0203125 0.0515625
0 0.41796875 0.51640625 0.021875 0.059375
0 0.5328125 0.74921875 0.0265625 0.0671875
0 0.33359375 0.52421875 0.0203125 0.0578125
0 0.3234375 0.65 0.0234375 0.06875
0 0.21875 0.390625 0.0203125 0.05625
0 0.1671875 0.49921875 0.021875 0.0609375
0 0.0296875 0.3 0.01875 0.05