0 0.003125 0.48046875 0.00625 0.0640625
0 0.09765625 0.22421875 0.015625 0.05625
0 0.128125 0.26328125 0.01875 0.0578125
0 0.25234375 0.221875 0.0171875 0.053125
0 0.2546875 0.28359375 0.015625 0.0546875
0 0.23828125 0.34453125 0.021875 0.0578125
0 0.265625 0.4375 0.0171875 0.0640625
0 0.315625 0.38828125 0.015625 0.0640625
0 0.3078125 0.571875 0.0203125 0.071875
0 0.40234375 0.7359375 0.0171875 0.0703125
0 0.37734375 0.2109375 0.0171875 0.0515625
0 0.38203125 0.20234375 0.009375 0.0453125
0 0.4484375 0.03828125 0.0109375 0.0453125
0 0.50546875 0.209375 0.0140625 0.05625
0 0.41640625 0.28515625 0.0171875 0.05625
0 0.5046875 0.30234375 0.0203125 0.053125
0 0.546875 0.36796875 0.0125 0.0390625
0 0.54609375 0.40859375 0.0171875 0.0609375
0 0.609375 0.44375 0.0140625 0.0625
0 0.5875 0.30390625 0.015625 0.053125
0 0.6453125 0.55625 0.021875 0.0703125
0 0.715625 0.27734375 0.0171875 0.059375
0 0.82734375 0.36953125 0.0171875 0.0609375
0 0.95 0.178125 0.021875 0.0578125