0 0.85703125 0.5328125 0.01875 0.065625
0 0.809375 0.3328125 0.0140625 0.059375
0 0.771875 0.3359375 0.015625 0.05625
0 0.7265625 0.42578125 0.0203125 0.0640625
0 0.68359375 0.3921875 0.015625 0.059375
0 0.65 0.3359375 0.0171875 0.0578125
0 0.62421875 0.4703125 0.021875 0.0640625
0 0.6390625 0.53671875 0.0171875 0.0625
0 0.6421875 0.675 0.021875 0.075
0 0.5125 0.34375 0.015625 0.05625
0 0.4625 0.30234375 0.0203125 0.05625
0 0.4375 0.1546875 0.015625 0.0546875
0 0.375 0.31171875 0.0171875 0.05625
0 0.31953125 0.384375 0.01875 0.05625
0 0.37734375 0.4765625 0.021875 0.065625
0 0.484375 0.4171875 0.01875 0.059375
0 0.3328125 0.4703125 0.0234375 0.0609375
0 0.44765625 0.8546875 0.0265625 0.0765625
0 0.278125 0.5578125 0.021875 0.065625
0 0.2359375 0.6453125 0.021875 0.0765625
0 0.190625 0.35859375 0.0203125 0.0625
0 0.01640625 0.46796875 0.0203125 0.0625