0 0.0953125 0.46953125 0.01875 0.05625
0 0.12265625 0.3875 0.0203125 0.0578125
0 0.16796875 0.3578125 0.025 0.0546875
0 0.25546875 0.4046875 0.0203125 0.0609375
0 0.240625 0.4828125 0.021875 0.0609375
0 0.2828125 0.465625 0.01875 0.0578125
0 0.3140625 0.4046875 0.0171875 0.0578125
0 0.3140625 0.3609375 0.0203125 0.05625
0 0.38046875 0.3453125 0.0171875 0.05625
0 0.3921875 0.4015625 0.01875 0.0484375
0 0.4265625 0.3296875 0.0171875 0.05625
0 0.43125 0.3140625 0.0171875 0.053125
0 0.5015625 0.36640625 0.015625 0.0515625
0 0.51640625 0.15703125 0.015625 0.04375
0 0.50859375 0.4390625 0.0171875 0.0609375
0 0.3265625 0.6296875 0.0203125 0.071875
0 0.55703125 0.309375 0.015625 0.053125
0 0.53671875 0.4296875 0.0171875 0.0546875
0 0.53984375 0.821875 0.021875 0.071875
0 0.628125 0.53359375 0.0203125 0.0640625
0 0.66953125 0.59765625 0.0203125 0.0671875
0 0.73515625 0.33359375 0.0171875 0.0578125
0 0.9109375 0.43203125 0.0203125 0.0609375