0 0.9515625 0.41953125 0.0203125 0.0609375
0 0.91171875 0.33359375 0.021875 0.0640625
0 0.8578125 0.3078125 0.0265625 0.0609375
0 0.76953125 0.36953125 0.0203125 0.0671875
0 0.7953125 0.453125 0.0234375 0.0671875
0 0.74609375 0.43984375 0.0203125 0.0640625
0 0.7046875 0.378125 0.01875 0.0625
0 0.69921875 0.33046875 0.021875 0.0625
0 0.62421875 0.321875 0.0171875 0.0609375
0 0.61953125 0.38515625 0.0203125 0.053125
0 0.57265625 0.3109375 0.01875 0.0609375
0 0.56484375 0.29375 0.0171875 0.0578125
0 0.49609375 0.36171875 0.015625 0.0578125
0 0.45078125 0.13515625 0.0171875 0.0484375
0 0.49765625 0.44140625 0.01875 0.065625
0 0.72109375 0.625 0.021875 0.078125
0 0.42734375 0.30625 0.0171875 0.0578125
0 0.46640625 0.43515625 0.0171875 0.059375
0 0.5140625 0.8640625 0.0234375 0.078125
0 0.3796875 0.56015625 0.0203125 0.0703125
0 0.34296875 0.6359375 0.0203125 0.0734375
0 0.23671875 0.35625 0.01875 0.0625
0 0.0578125 0.48828125 0.0203125 0.0671875