0 0.875 0.38984375 0.0234375 0.0609375
0 0.85703125 0.36171875 0.025 0.0609375
0 0.8359375 0.31484375 0.021875 0.0546875
0 0.8234375 0.3390625 0.025 0.0609375
0 0.73046875 0.40546875 0.0234375 0.0609375
0 0.7546875 0.45390625 0.0203125 0.059375
0 0.6765625 0.28203125 0.0203125 0.0546875
0 0.6671875 0.3671875 0.0203125 0.0546875
0 0.6421875 0.37890625 0.0234375 0.0640625
0 0.57734375 0.31953125 0.01875 0.053125
0 0.56796875 0.30078125 0.01875 0.05625
0 0.54296875 0.2625 0.01875 0.0546875
0 0.503125 0.2578125 0.021875 0.0453125
0 0.396875 0.16953125 0.0171875 0.0484375
0 0.43359375 0.278125 0.01875 0.0484375
0 0.49375 0.41796875 0.01875 0.0578125
0 0.43828125 0.4171875 0.0203125 0.0546875
0 0.23828125 0.36171875 0.0203125 0.05625
0 0.0421875 0.50078125 0.0234375 0.0703125
0 0.3890625 0.55390625 0.0234375 0.065625
0 0.3609375 0.61796875 0.0203125 0.0671875
0 0.5046875 0.86484375 0.0296875 0.078125
0 0.72109375 0.5828125 0.021875 0.0640625