0 0.9390625 0.371875 0.0265625 0.0671875
0 0.91953125 0.3421875 0.028125 0.0671875
0 0.89609375 0.290625 0.0234375 0.0609375
0 0.88203125 0.31640625 0.028125 0.0671875
0 0.7796875 0.38984375 0.025 0.06875
0 0.80625 0.44296875 0.021875 0.065625
0 0.72109375 0.25390625 0.0234375 0.059375
0 0.7109375 0.3484375 0.021875 0.059375
0 0.68359375 0.3609375 0.025 0.0703125
0 0.6125 0.2953125 0.0203125 0.0578125
0 0.60078125 0.27421875 0.0203125 0.0625
0 0.57421875 0.23203125 0.0203125 0.059375
0 0.53046875 0.22734375 0.0234375 0.05
0 0.4140625 0.13046875 0.0203125 0.0546875
0 0.45390625 0.24921875 0.0203125 0.0546875
0 0.5203125 0.4046875 0.0203125 0.0640625
0 0.459375 0.403125 0.021875 0.0609375
0 0.2390625 0.34140625 0.021875 0.0625
0 0.02421875 0.4953125 0.025 0.0765625
0 0.4046875 0.553125 0.025 0.071875
0 0.37421875 0.62421875 0.021875 0.075
0 0.53203125 0.8953125 0.0328125 0.084375
0 0.76953125 0.5859375 0.025 0.0703125