0 0.0640625 0.29609375 0.021875 0.0640625
0 0.1265625 0.29140625 0.025 0.059375
0 0.103125 0.36953125 0.028125 0.059375
0 0.08203125 0.4 0.025 0.059375
0 0.18828125 0.24765625 0.0171875 0.0578125
0 0.19765625 0.259375 0.0140625 0.05625
0 0.265625 0.3171875 0.025 0.053125
0 0.24375 0.3515625 0.0234375 0.053125
0 0.2296875 0.41796875 0.021875 0.06875
0 0.2 0.490625 0.021875 0.0703125
0 0.2109375 0.525 0.025 0.071875
0 0.3390625 0.184375 0.0109375 0.05
0 0.3359375 0.30390625 0.0203125 0.0609375
0 0.3921875 0.28046875 0.0203125 0.0609375
0 0.51171875 0.2203125 0.0140625 0.059375
0 0.575 0.13671875 0.015625 0.053125
0 0.44765625 0.40078125 0.0234375 0.0625
0 0.52890625 0.396875 0.0171875 0.0625
0 0.55390625 0.58046875 0.0203125 0.0734375
0 0.5890625 0.5609375 0.015625 0.0671875
0 0.73671875 0.321875 0.0171875 0.0671875
0 0.9171875 0.478125 0.0265625 0.0703125
0 0.51796875 0.9484375 0.028125 0.0875