0 0.0171875 0.40546875 0.0265625 0.0671875
0 0.0796875 0.38828125 0.03125 0.0625
0 0.07109375 0.4703125 0.034375 0.0625
0 0.05546875 0.50546875 0.03125 0.0625
0 0.1328125 0.33125 0.0234375 0.0609375
0 0.14296875 0.3421875 0.0203125 0.0578125
0 0.2234375 0.38671875 0.0296875 0.05625
0 0.2078125 0.425 0.0296875 0.0546875
0 0.20703125 0.49453125 0.028125 0.0703125
0 0.19140625 0.5734375 0.028125 0.0734375
0 0.20859375 0.60546875 0.03125 0.075
0 0.27109375 0.2375 0.015625 0.0515625
0 0.29140625 0.35859375 0.0265625 0.0625
0 0.34375 0.325 0.0265625 0.0625
0 0.45078125 0.24140625 0.0203125 0.0609375
0 0.49921875 0.1453125 0.0203125 0.0546875
0 0.421875 0.43515625 0.0296875 0.065625
0 0.503125 0.4140625 0.0234375 0.0640625
0 0.5640625 0.5953125 0.0265625 0.075
0 0.5953125 0.56875 0.021875 0.06875
0 0.696875 0.29921875 0.0234375 0.06875
0 0.90859375 0.4203125 0.0328125 0.0734375
0 0.596875 0.95859375 0.0328125 0.0671875