0 0.103125 0.4203125 0.0203125 0.05625
0 0.1171875 0.38671875 0.0203125 0.05625
0 0.13671875 0.3984375 0.021875 0.0515625
0 0.15546875 0.36015625 0.021875 0.0625
0 0.17890625 0.40234375 0.0234375 0.059375
0 0.1921875 0.446875 0.0203125 0.0609375
0 0.20859375 0.32421875 0.0171875 0.0515625
0 0.23984375 0.26171875 0.015625 0.05625
0 0.25625 0.34921875 0.0171875 0.05
0 0.2625 0.509375 0.01875 0.071875
0 0.3078125 0.47734375 0.028125 0.0734375
0 0.38671875 0.4171875 0.0234375 0.065625
0 0.39921875 0.35390625 0.0171875 0.05625
0 0.4078125 0.22265625 0.015625 0.059375
0 0.48828125 0.27890625 0.01875 0.0609375
0 0.64375 0.1328125 0.01875 0.05625
0 0.59296875 0.23203125 0.01875 0.0609375
0 0.56484375 0.3765625 0.0265625 0.0640625
0 0.61015625 0.55625 0.0203125 0.06875
0 0.653125 0.95859375 0.025 0.0703125
0 0.68984375 0.53046875 0.0171875 0.0703125
0 0.85859375 0.30625 0.0203125 0.0640625
0 0.93828125 0.45234375 0.021875 0.0609375