0 0.9171875 0.3140625 0.025 0.0609375
0 0.89609375 0.28046875 0.025 0.059375
0 0.878125 0.29609375 0.0265625 0.05625
0 0.85078125 0.25859375 0.0265625 0.0671875
0 0.83359375 0.30703125 0.028125 0.0640625
0 0.82734375 0.35546875 0.0265625 0.065625
0 0.78984375 0.2296875 0.021875 0.05625
0 0.7453125 0.16953125 0.01875 0.0609375
0 0.74296875 0.2640625 0.0203125 0.0546875
0 0.76328125 0.43359375 0.025 0.078125
0 0.71015625 0.4078125 0.034375 0.0796875
0 0.6171875 0.3578125 0.028125 0.0703125
0 0.59296875 0.29375 0.021875 0.0609375
0 0.56171875 0.1546875 0.0203125 0.0640625
0 0.48671875 0.2296875 0.021875 0.0671875
0 0.2984375 0.1 0.0234375 0.059375
0 0.36875 0.196875 0.021875 0.065625
0 0.4234375 0.3453125 0.03125 0.06875
0 0.40546875 0.5421875 0.0265625 0.0734375
0 0.4265625 0.96796875 0.03125 0.0640625
0 0.31640625 0.528125 0.021875 0.0765625
0 0.1015625 0.31953125 0.025 0.06875
0 0.0421875 0.48671875 0.0265625 0.065625