0 0.0625 0.42890625 0.03125 0.0734375
0 0.1625 0.46484375 0.0296875 0.075
0 0.23515625 0.29765625 0.0265625 0.0625
0 0.24296875 0.34609375 0.025 0.040625
0 0.23671875 0.371875 0.0328125 0.0609375
0 0.2390625 0.478125 0.028125 0.0640625
0 0.3765625 0.24296875 0.025 0.0640625
0 0.3515625 0.33046875 0.028125 0.0625
0 0.39453125 0.3734375 0.0296875 0.0609375
0 0.3953125 0.490625 0.03125 0.0625
0 0.45 0.48359375 0.0359375 0.0671875
0 0.4625 0.43828125 0.0296875 0.06875
0 0.53828125 0.25234375 0.0234375 0.0609375
0 0.74921875 0.16171875 0.025 0.059375
0 0.59921875 0.29375 0.0265625 0.059375
0 0.68671875 0.278125 0.0234375 0.053125
0 0.521875 0.4453125 0.0390625 0.0640625
0 0.62578125 0.4078125 0.0375 0.0640625
0 0.6390625 0.62734375 0.0421875 0.0828125
0 0.74921875 0.59296875 0.028125 0.0765625
0 0.853125 0.64609375 0.0390625 0.08125
0 0.9953125 0.45234375 0.009375 0.0640625
0 0.55234375 0.99140625 0.0265625 0.0171875