0 0.99609375 0.553125 0.00625 0.0671875
0 0.915625 0.5078125 0.0203125 0.06875
0 0.8125 0.52109375 0.01875 0.071875
0 0.778125 0.34765625 0.0171875 0.059375
0 0.7609375 0.3921875 0.01875 0.0375
0 0.76171875 0.41796875 0.0234375 0.05625
0 0.7375 0.51796875 0.0203125 0.0609375
0 0.65546875 0.2671875 0.015625 0.0609375
0 0.6609375 0.3546875 0.01875 0.059375
0 0.61171875 0.3875 0.0203125 0.05625
0 0.58671875 0.4984375 0.0234375 0.059375
0 0.53671875 0.48046875 0.0265625 0.0625
0 0.53359375 0.43515625 0.0203125 0.0640625
0 0.4984375 0.24296875 0.015625 0.059375
0 0.3171875 0.11484375 0.015625 0.05625
0 0.4328125 0.2703125 0.0171875 0.05625
0 0.353125 0.2375 0.015625 0.05
0 0.4765625 0.4296875 0.03125 0.059375
0 0.38515625 0.37421875 0.028125 0.0609375
0 0.32734375 0.57890625 0.03125 0.0765625
0 0.2296875 0.52421875 0.0171875 0.0734375
0 0.11953125 0.55390625 0.028125 0.0765625
0 0.0140625 0.3390625 0.01875 0.0609375
0 0.33359375 0.96484375 0.0234375 0.059375