0 0.93671875 0.63125 0.021875 0.0796875
0 0.8046875 0.55234375 0.0234375 0.0703125
0 0.7921875 0.29296875 0.0203125 0.0625
0 0.7625 0.39453125 0.01875 0.0671875
0 0.703125 0.33984375 0.0171875 0.0625
0 0.634375 0.24140625 0.015625 0.0625
0 0.5140625 0.22890625 0.0203125 0.0578125
0 0.52578125 0.34453125 0.015625 0.0609375
0 0.753125 0.625 0.021875 0.0734375
0 0.6734375 0.55078125 0.0140625 0.065625
0 0.64609375 0.56015625 0.025 0.0734375
0 0.584375 0.60390625 0.01875 0.0734375
0 0.621875 0.83046875 0.0234375 0.0765625
0 0.49921875 0.46484375 0.0203125 0.0546875
0 0.43515625 0.4671875 0.0203125 0.065625
0 0.41875 0.56328125 0.025 0.0734375
0 0.39140625 0.5703125 0.028125 0.08125
0 0.33828125 0.51796875 0.0234375 0.06875
0 0.31875 0.44921875 0.0296875 0.0640625
0 0.31640625 0.37890625 0.0203125 0.0640625
0 0.171875 0.1171875 0.0171875 0.05625
0 0.15703125 0.5140625 0.01875 0.0671875
0 0.1 0.50859375 0.021875 0.075