0 0.1203125 0.55390625 0.0265625 0.071875
0 0.2 0.5328125 0.015625 0.0703125
0 0.24609375 0.28046875 0.015625 0.065625
0 0.334375 0.3890625 0.0203125 0.0671875
0 0.34140625 0.5625 0.0265625 0.065625
0 0.35625 0.546875 0.021875 0.0546875
0 0.396875 0.7671875 0.0234375 0.078125
0 0.4296875 0.51484375 0.01875 0.071875
0 0.50078125 0.56171875 0.0203125 0.0671875
0 0.559375 0.49140625 0.025 0.059375
0 0.47109375 0.2265625 0.0171875 0.05625
0 0.5078125 0.2859375 0.01875 0.0609375
0 0.60234375 0.2265625 0.0140625 0.0625
0 0.60703125 0.43671875 0.0171875 0.065625
0 0.65078125 0.48984375 0.01875 0.0609375
0 0.65390625 0.39375 0.025 0.06875
0 0.7328125 0.440625 0.0171875 0.0640625
0 0.7703125 0.38203125 0.0203125 0.0625
0 0.75234375 0.54609375 0.0265625 0.059375
0 0.81796875 0.55625 0.025 0.0578125
0 0.8875 0.51328125 0.0234375 0.05625
0 0.9125 0.4859375 0.025 0.0609375