0 0.1328125 0.56640625 0.025 0.0703125
0 0.209375 0.5421875 0.0140625 0.0671875
0 0.240625 0.29453125 0.0140625 0.0640625
0 0.33203125 0.3953125 0.01875 0.0640625
0 0.34765625 0.56328125 0.025 0.0640625
0 0.36171875 0.546875 0.021875 0.053125
0 0.4125 0.759375 0.021875 0.0765625
0 0.43125 0.5125 0.0171875 0.0703125
0 0.503125 0.5546875 0.01875 0.0640625
0 0.55703125 0.48359375 0.0234375 0.0578125
0 0.45703125 0.23046875 0.015625 0.0546875
0 0.4953125 0.28671875 0.0171875 0.059375
0 0.58515625 0.22421875 0.0140625 0.0609375
0 0.6 0.42734375 0.0171875 0.0640625
0 0.6453125 0.47734375 0.0171875 0.059375
0 0.64296875 0.38359375 0.021875 0.0671875
0 0.721875 0.425 0.0171875 0.0609375
0 0.75625 0.365625 0.01875 0.0609375
0 0.74765625 0.5265625 0.025 0.0578125
0 0.8109375 0.5328125 0.0234375 0.0546875
0 0.8765625 0.4875 0.021875 0.0546875
0 0.89921875 0.46015625 0.025 0.059375