0 0.85234375 0.64453125 0.03125 0.08125
0 0.78125 0.678125 0.0234375 0.078125
0 0.71484375 0.44609375 0.0234375 0.075
0 0.78671875 0.3609375 0.01875 0.0625
0 0.60390625 0.23828125 0.0171875 0.0578125
0 0.53828125 0.33125 0.021875 0.0703125
0 0.45703125 0.23828125 0.0171875 0.0609375
0 0.32421875 0.39296875 0.0234375 0.071875
0 0.240625 0.378125 0.025 0.0671875
0 0.6328125 0.6640625 0.0296875 0.0640625
0 0.5921875 0.6375 0.0234375 0.071875
0 0.58828125 0.7 0.0234375 0.0765625
0 0.55703125 0.65 0.0203125 0.0546875
0 0.53203125 0.68671875 0.028125 0.0765625
0 0.56875 0.80703125 0.0296875 0.078125
0 0.44140625 0.53984375 0.025 0.0609375
0 0.43984375 0.5109375 0.0234375 0.0578125
0 0.3890625 0.53359375 0.0203125 0.0625
0 0.32890625 0.65625 0.025 0.0609375
0 0.30859375 0.671875 0.025 0.071875
0 0.19609375 0.68984375 0.0328125 0.0828125
0 0.0890625 0.6671875 0.0265625 0.0859375
0 0.19375 0.0625 0.0203125 0.05625