0 0.790625 0.70390625 0.021875 0.078125
0 0.778125 0.41875 0.0296875 0.071875
0 0.75703125 0.6046875 0.034375 0.0734375
0 0.70703125 0.4859375 0.0203125 0.0671875
0 0.60546875 0.25546875 0.021875 0.0625
0 0.52109375 0.3734375 0.0203125 0.0671875
0 0.43046875 0.27109375 0.01875 0.065625
0 0.32734375 0.39609375 0.0203125 0.0671875
0 0.284375 0.44140625 0.01875 0.0671875
0 0.12578125 0.66484375 0.0328125 0.075
0 0.30078125 0.6859375 0.0203125 0.08125
0 0.378125 0.8390625 0.034375 0.0546875
0 0.46171875 0.54765625 0.021875 0.075
0 0.515625 0.5703125 0.025 0.0640625
0 0.48515625 0.63203125 0.0265625 0.071875
0 0.51015625 0.71328125 0.03125 0.08125
0 0.52890625 0.6578125 0.0234375 0.06875
0 0.58203125 0.6765625 0.028125 0.078125
0 0.60390625 0.784375 0.028125 0.078125
0 0.67109375 0.809375 0.0328125 0.08125
0 0.6796875 0.871875 0.021875 0.0859375
0 0.453125 0.90390625 0.0234375 0.0640625