0 0.7859375 0.64921875 0.0265625 0.078125
0 0.73046875 0.375 0.034375 0.071875
0 0.73828125 0.5578125 0.0390625 0.075
0 0.671875 0.45078125 0.0265625 0.0671875
0 0.53828125 0.24296875 0.028125 0.0625
0 0.475 0.3703125 0.0265625 0.0671875
0 0.37265625 0.284375 0.0234375 0.065625
0 0.29140625 0.42265625 0.025 0.0671875
0 0.2578125 0.471875 0.0234375 0.065625
0 0.13828125 0.7125 0.0390625 0.075
0 0.31015625 0.70703125 0.0265625 0.08125
0 0.409375 0.8421875 0.0375 0.05625
0 0.4453125 0.5484375 0.028125 0.0765625
0 0.50078125 0.56171875 0.0296875 0.0640625
0 0.4796875 0.62578125 0.03125 0.071875
0 0.5171875 0.7 0.0359375 0.08125
0 0.5265625 0.64453125 0.028125 0.06875
0 0.58125 0.6546875 0.034375 0.078125
0 0.61875 0.7546875 0.034375 0.078125
0 0.6875 0.76953125 0.0390625 0.08125
0 0.7046875 0.82890625 0.028125 0.0859375
0 0.490625 0.89453125 0.0296875 0.0640625