0 0.0609375 0.4578125 0.0375 0.0703125
0 0.63046875 0.06015625 0.01875 0.0484375
0 0.35 0.38125 0.028125 0.0625
0 0.23671875 0.5921875 0.03125 0.06875
0 0.37265625 0.7109375 0.0359375 0.0734375
0 0.4203125 0.49375 0.028125 0.065625
0 0.52578125 0.45078125 0.0296875 0.0671875
0 0.56484375 0.325 0.0234375 0.0578125
0 0.43828125 0.6 0.0265625 0.06875
0 0.52109375 0.57890625 0.0234375 0.059375
0 0.57265625 0.5578125 0.028125 0.0640625
0 0.5203125 0.71328125 0.0328125 0.078125
0 0.4953125 0.8140625 0.034375 0.0703125
0 0.584375 0.78984375 0.03125 0.0765625
0 0.60078125 0.56484375 0.0328125 0.06875
0 0.71171875 0.40703125 0.025 0.065625
0 0.7046875 0.503125 0.025 0.0640625
0 0.73203125 0.59375 0.0265625 0.0640625
0 0.7078125 0.73515625 0.0328125 0.0765625
0 0.6984375 0.8546875 0.03125 0.078125
0 0.81953125 0.7984375 0.0359375 0.0734375
0 0.77578125 0.9546875 0.0328125 0.0875
0 0.1078125 0.16171875 0.0296875 0.0578125