0 0.059375 0.459375 0.03125 0.0703125
0 0.13828125 0.4921875 0.0265625 0.0640625
0 0.190625 0.20234375 0.0203125 0.0515625
0 0.21953125 0.30625 0.0234375 0.059375
0 0.265625 0.365625 0.0234375 0.059375
0 0.34765625 0.48359375 0.028125 0.0640625
0 0.3734375 0.4625 0.028125 0.0640625
0 0.334375 0.62578125 0.028125 0.065625
0 0.51953125 0.2953125 0.0171875 0.053125
0 0.4890625 0.51484375 0.0203125 0.0578125
0 0.5046875 0.50234375 0.0234375 0.05625
0 0.51015625 0.55078125 0.0265625 0.0625
0 0.52578125 0.53515625 0.028125 0.0640625
0 0.70546875 0.375 0.021875 0.0625
0 0.66875 0.49921875 0.0234375 0.0640625
0 0.6921875 0.5453125 0.0234375 0.0640625
0 0.5765625 0.70390625 0.0296875 0.075
0 0.67109375 0.6859375 0.0265625 0.0625
0 0.67109375 0.7203125 0.0265625 0.0734375
0 0.60703125 0.8703125 0.0265625 0.08125
0 0.771875 0.7625 0.03125 0.075
0 0.77890625 0.73046875 0.025 0.0515625
0 0.88984375 0.83203125 0.0296875 0.0765625
0 0.6921875 0.07734375 0.01875 0.0484375