0 0.9921875 0.6328125 0.015625 0.071875
0 0.9109375 0.51640625 0.028125 0.06875
0 0.8296875 0.54609375 0.0234375 0.0640625
0 0.79375 0.2515625 0.01875 0.0515625
0 0.75703125 0.3546875 0.0203125 0.059375
0 0.70859375 0.41171875 0.0203125 0.059375
0 0.61953125 0.52578125 0.025 0.0640625
0 0.59453125 0.50234375 0.025 0.0640625
0 0.62578125 0.66875 0.025 0.0671875
0 0.45703125 0.328125 0.0140625 0.053125
0 0.47578125 0.55 0.0171875 0.0578125
0 0.46171875 0.5359375 0.0203125 0.05625
0 0.453125 0.584375 0.0234375 0.0625
0 0.43828125 0.56875 0.025 0.0625
0 0.265625 0.3984375 0.01875 0.0625
0 0.296875 0.5234375 0.0203125 0.0640625
0 0.27109375 0.56953125 0.0203125 0.065625
0 0.378125 0.734375 0.0265625 0.0734375
0 0.284375 0.71171875 0.025 0.0625
0 0.28203125 0.746875 0.025 0.071875
0 0.33828125 0.90078125 0.0234375 0.08125
0 0.17890625 0.78359375 0.028125 0.0765625
0 0.17265625 0.75078125 0.021875 0.0515625
0 0.05625 0.84765625 0.0265625 0.0765625
0 0.2953125 0.09921875 0.0171875 0.0484375