0 0.06015625 0.49140625 0.028125 0.0734375
0 0.0953125 0.35 0.0234375 0.0640625
0 0.1625 0.27109375 0.01875 0.059375
0 0.165625 0.3203125 0.025 0.0625
0 0.221875 0.478125 0.0296875 0.0640625
0 0.28203125 0.29140625 0.028125 0.0625
0 0.34375 0.35703125 0.028125 0.059375
0 0.32421875 0.446875 0.0265625 0.0703125
0 0.3328125 0.48203125 0.034375 0.06875
0 0.321875 0.56953125 0.0359375 0.0734375
0 0.4203125 0.35625 0.0234375 0.0609375
0 0.453125 0.3515625 0.0203125 0.0515625
0 0.53828125 0.325 0.0234375 0.0578125
0 0.559375 0.4609375 0.0234375 0.0609375
0 0.56875 0.453125 0.021875 0.0609375
0 0.6140625 0.53984375 0.025 0.071875
0 0.4484375 0.8984375 0.0328125 0.0796875
0 0.65078125 0.66171875 0.0328125 0.0734375
0 0.6921875 0.34609375 0.025 0.0640625
0 0.81640625 0.403125 0.025 0.0578125
0 0.584375 0.16328125 0.0203125 0.0515625