0 0.92421875 0.61328125 0.0234375 0.0703125
0 0.9265625 0.4734375 0.0203125 0.0609375
0 0.88359375 0.38359375 0.015625 0.05625
0 0.86875 0.428125 0.021875 0.059375
0 0.77734375 0.5609375 0.025 0.0609375
0 0.76640625 0.37265625 0.0234375 0.059375
0 0.69296875 0.41796875 0.025 0.05625
0 0.68984375 0.50546875 0.021875 0.065625
0 0.67265625 0.53671875 0.03125 0.065625
0 0.6609375 0.6203125 0.03125 0.06875
0 0.6234375 0.39765625 0.01875 0.059375
0 0.59375 0.3859375 0.0171875 0.05
0 0.521875 0.33984375 0.0203125 0.0546875
0 0.4671875 0.46015625 0.0203125 0.0578125
0 0.46015625 0.45078125 0.01875 0.059375
0 0.396875 0.5203125 0.0203125 0.06875
0 0.46171875 0.89375 0.028125 0.0765625
0 0.33203125 0.6234375 0.028125 0.06875
0 0.37265625 0.321875 0.021875 0.0609375
0 0.2421875 0.3421875 0.0203125 0.0546875
0 0.0234375 0.3328125 0.0203125 0.0578125
0 0.51796875 0.178125 0.01875 0.05