0 0.0109375 0.4609375 0.021875 0.071875
0 0.175 0.15390625 0.0234375 0.059375
0 0.228125 0.2609375 0.025 0.0609375
0 0.24921875 0.31796875 0.025 0.065625
0 0.2765625 0.44140625 0.0265625 0.0640625
0 0.278125 0.4671875 0.03125 0.06875
0 0.09765625 0.49609375 0.025 0.06875
0 0.2953125 0.58671875 0.0328125 0.0765625
0 0.39921875 0.45234375 0.025 0.0578125
0 0.4109375 0.44296875 0.028125 0.0609375
0 0.4265625 0.5125 0.0265625 0.065625
0 0.46015625 0.48359375 0.03125 0.0734375
0 0.46796875 0.25859375 0.021875 0.059375
0 0.6953125 0.03203125 0.0125 0.015625
0 0.65859375 0.32265625 0.025 0.059375
0 0.62890625 0.4796875 0.0296875 0.0671875
0 0.63828125 0.49375 0.0265625 0.065625
0 0.62109375 0.5890625 0.0265625 0.071875
0 0.5703125 0.6390625 0.028125 0.0765625
0 0.66171875 0.67109375 0.0265625 0.075
0 0.7203125 0.68046875 0.03125 0.0703125
0 0.603125 0.8421875 0.028125 0.08125
0 0.7515625 0.69921875 0.028125 0.0734375
0 0.89765625 0.709375 0.03125 0.0734375