0 0.00859375 0.578125 0.0140625 0.078125
0 0.10703125 0.20625 0.0203125 0.065625
0 0.18984375 0.309375 0.021875 0.065625
0 0.2265625 0.365625 0.021875 0.071875
0 0.2875 0.49140625 0.0234375 0.0703125
0 0.29453125 0.51796875 0.028125 0.0734375
0 0.1078125 0.59375 0.021875 0.075
0 0.34296875 0.6421875 0.0296875 0.0828125
0 0.42109375 0.47265625 0.0234375 0.0625
0 0.43203125 0.459375 0.0265625 0.065625
0 0.46640625 0.5296875 0.0234375 0.071875
0 0.49375 0.49140625 0.028125 0.078125
0 0.446875 0.246875 0.01875 0.065625
0 0.66796875 0.26796875 0.021875 0.0640625
0 0.675 0.44375 0.0265625 0.0734375
0 0.6875 0.4578125 0.0234375 0.0703125
0 0.69296875 0.5640625 0.0234375 0.078125
0 0.6515625 0.63046875 0.025 0.0828125
0 0.7578125 0.6421875 0.021875 0.0828125
0 0.82265625 0.63828125 0.028125 0.075
0 0.7359375 0.840625 0.025 0.0875
0 0.8609375 0.65 0.025 0.0796875