0 0.87578125 0.44375 0.03125 0.0671875
0 0.8484375 0.37265625 0.0296875 0.0609375
0 0.78046875 0.359375 0.0375 0.0671875
0 0.7578125 0.3015625 0.0265625 0.0625
0 0.73515625 0.24453125 0.025 0.06875
0 0.8203125 0.1015625 0.021875 0.0609375
0 0.740625 0.37109375 0.0328125 0.065625
0 0.7078125 0.3578125 0.028125 0.0546875
0 0.68515625 0.496875 0.03125 0.071875
0 0.6609375 0.35859375 0.03125 0.0578125
0 0.5046875 0.24921875 0.0296875 0.0609375
0 0.540625 0.41953125 0.0359375 0.0703125
0 0.47734375 0.4703125 0.0265625 0.0640625
0 0.33125 0.2578125 0.021875 0.0609375
0 0.3578125 0.37734375 0.028125 0.071875
0 0.315625 0.41484375 0.0234375 0.0671875
0 0.33671875 0.5078125 0.03125 0.0734375
0 0.39921875 0.58046875 0.03125 0.078125
0 0.28125 0.6140625 0.03125 0.0796875
0 0.2734375 0.63203125 0.0296875 0.0828125
0 0.159375 0.634375 0.0296875 0.0734375
0 0.33515625 0.825 0.0359375 0.084375