0 0.1265625 0.52265625 0.025 0.065625
0 0.14140625 0.446875 0.0234375 0.059375
0 0.20625 0.42109375 0.0296875 0.0671875
0 0.21875 0.3578125 0.0203125 0.0625
0 0.23125 0.29765625 0.01875 0.0671875
0 0.12109375 0.1703125 0.015625 0.0625
0 0.2484375 0.425 0.0265625 0.065625
0 0.27890625 0.40703125 0.0234375 0.0546875
0 0.32734375 0.54140625 0.025 0.0703125
0 0.3265625 0.3984375 0.0265625 0.0578125
0 0.4625 0.26171875 0.025 0.059375
0 0.4578125 0.43828125 0.0296875 0.0703125
0 0.5296875 0.478125 0.0203125 0.0640625
0 0.6390625 0.240625 0.015625 0.0625
0 0.6328125 0.3640625 0.021875 0.0703125
0 0.68203125 0.39453125 0.0171875 0.0671875
0 0.67734375 0.49140625 0.025 0.0734375
0 0.62734375 0.57421875 0.0234375 0.078125
0 0.75234375 0.58828125 0.0234375 0.0796875
0 0.76328125 0.60390625 0.0203125 0.08125
0 0.878125 0.5859375 0.0234375 0.0734375
0 0.73515625 0.80859375 0.0265625 0.084375