0 0.08984375 0.46640625 0.034375 0.0765625
0 0.10390625 0.5171875 0.0265625 0.0578125
0 0.103125 0.56015625 0.0296875 0.0671875
0 0.1765625 0.40390625 0.0265625 0.0671875
0 0.21484375 0.31171875 0.0234375 0.0640625
0 0.2734375 0.42265625 0.0296875 0.0625
0 0.27578125 0.49453125 0.03125 0.06875
0 0.2671875 0.5890625 0.0359375 0.071875
0 0.3921875 0.440625 0.0234375 0.0578125
0 0.4546875 0.61015625 0.034375 0.075
0 0.43203125 0.4046875 0.025 0.0640625
0 0.4578125 0.521875 0.0328125 0.06875
0 0.4953125 0.42890625 0.034375 0.059375
0 0.5703125 0.3296875 0.021875 0.0609375
0 0.4953125 0.50625 0.0265625 0.0671875
0 0.571875 0.04296875 0.0234375 0.053125
0 0.59375 0.440625 0.028125 0.0625
0 0.5484375 0.6328125 0.028125 0.06875
0 0.55703125 0.6296875 0.03125 0.08125
0 0.6015625 0.52890625 0.0328125 0.06875
0 0.76328125 0.59140625 0.028125 0.0703125
0 0.83515625 0.50625 0.028125 0.0671875
0 0.4328125 0.90078125 0.0390625 0.075