0 0.0953125 0.596875 0.034375 0.0765625
0 0.125 0.63984375 0.0265625 0.0578125
0 0.1390625 0.6796875 0.0296875 0.0671875
0 0.15390625 0.50859375 0.0265625 0.0671875
0 0.159375 0.40859375 0.0234375 0.0640625
0 0.25078125 0.4921875 0.0296875 0.0625
0 0.27890625 0.559375 0.03125 0.06875
0 0.303125 0.6515625 0.0359375 0.071875
0 0.3703125 0.46875 0.0234375 0.0578125
0 0.4859375 0.60625 0.034375 0.075
0 0.3953125 0.421875 0.025 0.0640625
0 0.459375 0.52265625 0.0328125 0.06875
0 0.46171875 0.42265625 0.034375 0.059375
0 0.4984375 0.30390625 0.021875 0.0609375
0 0.4890625 0.4953125 0.0265625 0.0671875
0 0.40234375 0.034375 0.0234375 0.05
0 0.559375 0.4 0.028125 0.0625
0 0.5828125 0.59609375 0.028125 0.06875
0 0.58984375 0.590625 0.03125 0.08125
0 0.596875 0.48046875 0.0328125 0.06875
0 0.7703125 0.484375 0.028125 0.0703125
0 0.8078125 0.37890625 0.028125 0.0671875
0 0.56484375 0.8875 0.0390625 0.075