0 0.99609375 0.49296875 0.0078125 0.0765625
0 0.91328125 0.56484375 0.028125 0.075
0 0.83828125 0.59296875 0.028125 0.078125
0 0.834375 0.4265625 0.025 0.0703125
0 0.734375 0.4734375 0.0265625 0.0765625
0 0.79375 0.2921875 0.0234375 0.0703125
0 0.73671875 0.584375 0.0296875 0.0734375
0 0.6953125 0.409375 0.025 0.0609375
0 0.62265625 0.4046875 0.0265625 0.065625
0 0.6109375 0.31484375 0.01875 0.065625
0 0.571875 0.3375 0.028125 0.06875
0 0.575 0.37265625 0.0203125 0.0671875
0 0.50703125 0.24453125 0.0203125 0.06875
0 0.45 0.440625 0.0234375 0.0703125
0 0.54921875 0.559375 0.0296875 0.0765625
0 0.45390625 0.54609375 0.01875 0.0734375
0 0.4375 0.5484375 0.021875 0.078125
0 0.43125 0.471875 0.025 0.0703125
0 0.31015625 0.40859375 0.0296875 0.06875
0 0.2125 0.4578125 0.025 0.0703125
0 0.1390625 0.35546875 0.028125 0.06875
0 0.515625 0.8359375 0.028125 0.084375