0 0.08515625 0.4625 0.0265625 0.0734375
0 0.15859375 0.54453125 0.0265625 0.0703125
0 0.22421875 0.58203125 0.028125 0.0734375
0 0.25546875 0.428125 0.025 0.0671875
0 0.340625 0.4875 0.0234375 0.071875
0 0.315625 0.3109375 0.021875 0.0671875
0 0.32109375 0.590625 0.028125 0.06875
0 0.3875 0.4359375 0.0234375 0.0578125
0 0.45546875 0.44296875 0.025 0.0609375
0 0.48125 0.36171875 0.0171875 0.0625
0 0.5140625 0.38828125 0.0265625 0.0640625
0 0.50625 0.4203125 0.01875 0.0625
0 0.58984375 0.3125 0.01875 0.0640625
0 0.61015625 0.50390625 0.0234375 0.065625
0 0.49921875 0.59765625 0.028125 0.071875
0 0.58984375 0.6015625 0.01875 0.06875
0 0.6046875 0.60625 0.0203125 0.0734375
0 0.62421875 0.53671875 0.0234375 0.0671875
0 0.7453125 0.49765625 0.028125 0.0640625
0 0.82890625 0.55859375 0.0234375 0.0671875
0 0.9140625 0.4765625 0.0265625 0.065625
0 0.48515625 0.8609375 0.0265625 0.0796875
0 0.5671875 0.04375 0.01875 0.0484375