0 0.89765625 0.35859375 0.0203125 0.0640625
0 0.81875 0.50703125 0.0234375 0.0671875
0 0.75234375 0.53125 0.025 0.06875
0 0.6859375 0.4046875 0.021875 0.0609375
0 0.6453125 0.284375 0.0203125 0.0640625
0 0.62109375 0.46796875 0.028125 0.0640625
0 0.67890625 0.55 0.0234375 0.0640625
0 0.521875 0.42265625 0.0265625 0.05
0 0.47890625 0.3578125 0.03125 0.0484375
0 0.45390625 0.37734375 0.025 0.0625
0 0.4296875 0.3765625 0.021875 0.059375
0 0.3921875 0.3015625 0.0203125 0.059375
0 0.48125 0.57734375 0.0265625 0.0703125
0 0.5171875 0.45078125 0.025 0.05
0 0.353125 0.49140625 0.0234375 0.05625
0 0.35625 0.528125 0.021875 0.0625
0 0.38125 0.60859375 0.0265625 0.071875
0 0.37734375 0.578125 0.01875 0.0390625
0 0.5015625 0.82421875 0.0296875 0.075
0 0.20703125 0.50625 0.0265625 0.065625
0 0.1625 0.59609375 0.0296875 0.06875
0 0.03046875 0.52734375 0.03125 0.06875
0 0.403125 0.06328125 0.0203125 0.05