0 0.08046875 0.475 0.021875 0.0640625
0 0.20078125 0.59375 0.025 0.0671875
0 0.27109375 0.59765625 0.0265625 0.06875
0 0.29765625 0.45703125 0.0234375 0.0609375
0 0.3015625 0.3296875 0.021875 0.0640625
0 0.37890625 0.4984375 0.0296875 0.0640625
0 0.346875 0.59375 0.025 0.0640625
0 0.46171875 0.4265625 0.0265625 0.0515625
0 0.4828125 0.35078125 0.03125 0.05
0 0.5140625 0.36171875 0.025 0.0625
0 0.5359375 0.35390625 0.0234375 0.0609375
0 0.55 0.27109375 0.021875 0.0609375
0 0.5453125 0.5625 0.028125 0.0703125
0 0.4734375 0.4515625 0.0265625 0.05
0 0.64375 0.4421875 0.025 0.05625
0 0.65078125 0.47734375 0.021875 0.0625
0 0.65078125 0.5625 0.0265625 0.071875
0 0.6453125 0.53203125 0.0203125 0.0390625
0 0.5984375 0.8046875 0.03125 0.075
0 0.78828125 0.4140625 0.028125 0.065625
0 0.8578125 0.48671875 0.0296875 0.06875
0 0.9640625 0.38125 0.0328125 0.06875
0 0.4703125 0.04609375 0.0203125 0.05