0 0.903125 0.4515625 0.021875 0.0546875
0 0.7578125 0.56640625 0.0203125 0.0640625
0 0.8078125 0.36953125 0.0203125 0.0609375
0 0.7171875 0.3765625 0.0203125 0.0546875
0 0.625 0.08203125 0.0171875 0.04375
0 0.64375 0.278125 0.01875 0.0578125
0 0.62734375 0.41640625 0.01875 0.0640625
0 0.5703125 0.43671875 0.0203125 0.0640625
0 0.44921875 0.55078125 0.028125 0.0671875
0 0.41875 0.75390625 0.028125 0.071875
0 0.45390625 0.23828125 0.01875 0.0546875
0 0.39375 0.23125 0.0203125 0.05625
0 0.35 0.2265625 0.01875 0.059375
0 0.36953125 0.284375 0.01875 0.0578125
0 0.36953125 0.390625 0.0234375 0.059375
0 0.2859375 0.26796875 0.01875 0.0546875
0 0.2765625 0.2671875 0.01875 0.0546875
0 0.1703125 0.17578125 0.01875 0.053125
0 0.165625 0.36328125 0.01875 0.059375
0 0.23984375 0.4609375 0.0234375 0.0625
0 0.15625 0.528125 0.0296875 0.0734375
0 0.14375 0.390625 0.021875 0.0625
0 0.140625 0.36484375 0.0203125 0.0640625
0 0.075 0.36875 0.0265625 0.065625