0 0.13046875 0.39296875 0.0171875 0.0640625
0 0.23515625 0.3359375 0.0171875 0.0609375
0 0.31796875 0.3578125 0.01875 0.053125
0 0.24609375 0.53125 0.0203125 0.0640625
0 0.39609375 0.41171875 0.0171875 0.0609375
0 0.40703125 0.27890625 0.01875 0.0578125
0 0.44765625 0.44296875 0.01875 0.0578125
0 0.54296875 0.57265625 0.028125 0.0671875
0 0.59609375 0.2765625 0.015625 0.0546875
0 0.4609375 0.09453125 0.0171875 0.0359375
0 0.653125 0.27890625 0.0171875 0.05625
0 0.66640625 0.33828125 0.0171875 0.0578125
0 0.69609375 0.28515625 0.0171875 0.0546875
0 0.74921875 0.33671875 0.0171875 0.053125
0 0.75859375 0.33671875 0.0171875 0.05
0 0.646875 0.4328125 0.0234375 0.0546875
0 0.75625 0.52578125 0.021875 0.0609375
0 0.8765625 0.26953125 0.0171875 0.053125
0 0.8453125 0.44765625 0.01875 0.05625
0 0.86875 0.45390625 0.01875 0.0625
0 0.8609375 0.4734375 0.0171875 0.0609375
0 0.93125 0.4703125 0.025 0.059375
0 0.82421875 0.60703125 0.028125 0.0671875
0 0.53203125 0.76640625 0.025 0.065625