0 0.80546875 0.34375 0.0234375 0.0609375
0 0.84765625 0.42265625 0.0234375 0.0578125
0 0.76640625 0.51484375 0.0234375 0.065625
0 0.64609375 0.403125 0.0265625 0.06875
0 0.66171875 0.29453125 0.021875 0.0640625
0 0.6375 0.33984375 0.0265625 0.0640625
0 0.6484375 0.140625 0.01875 0.0515625
0 0.5625 0.2609375 0.0234375 0.059375
0 0.54765625 0.3234375 0.025 0.0625
0 0.528125 0.315625 0.0234375 0.0609375
0 0.5015625 0.33515625 0.0265625 0.0671875
0 0.48515625 0.42109375 0.025 0.065625
0 0.50546875 0.515625 0.0265625 0.0734375
0 0.50625 0.8390625 0.0328125 0.0890625
0 0.4109375 0.39453125 0.0265625 0.0671875
0 0.44375 0.23984375 0.025 0.0640625
0 0.35859375 0.27734375 0.025 0.059375
0 0.3203125 0.4546875 0.028125 0.0640625
0 0.29453125 0.4609375 0.028125 0.0765625
0 0.2671875 0.234375 0.025 0.0609375
0 0.23046875 0.26015625 0.025 0.05625
0 0.21171875 0.378125 0.0234375 0.0609375
0 0.1234375 0.24609375 0.0234375 0.0515625
0 0.125 0.16171875 0.01875 0.0515625