0 0.19765625 0.3390625 0.021875 0.0609375
0 0.15390625 0.4171875 0.021875 0.0578125
0 0.23359375 0.5109375 0.0234375 0.065625
0 0.3578125 0.40078125 0.025 0.06875
0 0.34375 0.29140625 0.0203125 0.0640625
0 0.365625 0.3375 0.025 0.0640625
0 0.359375 0.1375 0.01875 0.053125
0 0.4421875 0.259375 0.021875 0.059375
0 0.45703125 0.321875 0.0234375 0.0625
0 0.4765625 0.31484375 0.0234375 0.0609375
0 0.503125 0.33515625 0.025 0.0671875
0 0.51796875 0.421875 0.025 0.065625
0 0.49609375 0.5171875 0.025 0.0734375
0 0.48984375 0.84140625 0.0328125 0.0890625
0 0.59296875 0.396875 0.0265625 0.06875
0 0.5625 0.240625 0.0234375 0.0640625
0 0.64765625 0.28046875 0.025 0.0609375
0 0.68359375 0.459375 0.028125 0.065625
0 0.709375 0.465625 0.028125 0.0765625
0 0.7390625 0.23828125 0.025 0.0609375
0 0.77734375 0.26484375 0.025 0.0578125
0 0.79375 0.38359375 0.021875 0.0609375
0 0.88515625 0.25234375 0.021875 0.0515625
0 0.88359375 0.16640625 0.01875 0.053125