0 0.890625 0.48203125 0.0296875 0.0671875
0 0.7703125 0.490625 0.0328125 0.0734375
0 0.76875 0.453125 0.028125 0.0703125
0 0.7375 0.56875 0.03125 0.075
0 0.68984375 0.31328125 0.025 0.0625
0 0.6609375 0.415625 0.0296875 0.071875
0 0.646875 0.41875 0.0265625 0.0703125
0 0.56953125 0.4578125 0.028125 0.06875
0 0.55078125 0.459375 0.0296875 0.0734375
0 0.51640625 0.6 0.0296875 0.0765625
0 0.63828125 0.6546875 0.0328125 0.08125
0 0.47265625 0.71796875 0.034375 0.084375
0 0.35625 0.36953125 0.0234375 0.0625
0 0.29765625 0.46171875 0.0296875 0.06875
0 0.290625 0.4671875 0.0265625 0.0609375
0 0.31484375 0.63203125 0.034375 0.0765625
0 0.15390625 0.63515625 0.0390625 0.0890625
0 0.14296875 0.4375 0.0265625 0.0671875
0 0.1203125 0.359375 0.03125 0.0796875
0 0.0953125 0.2921875 0.0265625 0.065625
0 0.06953125 0.346875 0.0296875 0.0734375
0 0.0609375 0.44921875 0.0296875 0.06875