0 0.003125 0.49765625 0.00625 0.0671875
0 0.11640625 0.4359375 0.025 0.06875
0 0.2375 0.45390625 0.028125 0.0734375
0 0.24140625 0.415625 0.0234375 0.0703125
0 0.265625 0.53515625 0.028125 0.0765625
0 0.33046875 0.27890625 0.0203125 0.0625
0 0.35390625 0.3859375 0.025 0.071875
0 0.36796875 0.38984375 0.021875 0.0703125
0 0.44296875 0.43515625 0.0234375 0.06875
0 0.4625 0.4375 0.0265625 0.0734375
0 0.4875 0.5828125 0.0265625 0.0765625
0 0.36015625 0.6296875 0.028125 0.0828125
0 0.5234375 0.70546875 0.0296875 0.0859375
0 0.66640625 0.3609375 0.01875 0.0640625
0 0.71875 0.4578125 0.025 0.06875
0 0.72578125 0.46328125 0.021875 0.0609375
0 0.6890625 0.6296875 0.0296875 0.0765625
0 0.853125 0.64375 0.034375 0.0890625
0 0.878125 0.44453125 0.0234375 0.0671875
0 0.90625 0.36640625 0.0265625 0.0796875
0 0.9359375 0.29921875 0.021875 0.065625
0 0.95859375 0.3578125 0.025 0.075
0 0.959375 0.4625 0.0265625 0.06875