0 0.12265625 0.4078125 0.021875 0.05
0 0.0234375 0.63359375 0.021875 0.059375
0 0.1828125 0.37421875 0.01875 0.0421875
0 0.35234375 0.33125 0.021875 0.0453125
0 0.3515625 0.321875 0.0171875 0.0453125
0 0.45390625 0.1546875 0.0171875 0.040625
0 0.45546875 0.33359375 0.0171875 0.04375
0 0.47109375 0.33359375 0.0171875 0.04375
0 0.38046875 0.42578125 0.021875 0.05
0 0.34140625 0.45078125 0.021875 0.0515625
0 0.4109375 0.45 0.0203125 0.05
0 0.33984375 0.69453125 0.028125 0.05625
0 0.3671875 0.86953125 0.0296875 0.0671875
0 0.56171875 0.859375 0.04375 0.0671875
0 0.68046875 0.6203125 0.0203125 0.059375
0 0.7875 0.7828125 0.0296875 0.06875
0 0.50625 0.4234375 0.021875 0.0484375
0 0.57421875 0.41171875 0.021875 0.0484375
0 0.54765625 0.29765625 0.0203125 0.0484375
0 0.5921875 0.30703125 0.0171875 0.0484375
0 0.60859375 0.3015625 0.0171875 0.05
0 0.671875 0.34375 0.0203125 0.05
0 0.86953125 0.2328125 0.0171875 0.0484375
0 0.915625 0.3453125 0.01875 0.05