0 0.85859375 0.32265625 0.0171875 0.0515625
0 0.7890625 0.30234375 0.0171875 0.0421875
0 0.6078125 0.29921875 0.0171875 0.046875
0 0.60546875 0.2890625 0.0140625 0.046875
0 0.46328125 0.14296875 0.0140625 0.040625
0 0.50390625 0.325 0.0140625 0.0453125
0 0.48828125 0.3296875 0.0140625 0.0453125
0 0.6015625 0.4015625 0.01875 0.0515625
0 0.646875 0.4171875 0.01875 0.053125
0 0.5765625 0.4328125 0.0171875 0.053125
0 0.7046875 0.66484375 0.025 0.05625
0 0.71875 0.84921875 0.025 0.06875
0 0.51953125 0.88359375 0.040625 0.06875
0 0.34296875 0.66875 0.015625 0.0609375
0 0.27265625 0.859375 0.0265625 0.0703125
0 0.4734375 0.428125 0.0171875 0.05
0 0.4015625 0.4328125 0.01875 0.05
0 0.40234375 0.31015625 0.015625 0.05
0 0.35859375 0.3296875 0.0125 0.05
0 0.340625 0.3296875 0.0140625 0.0515625
0 0.28671875 0.38671875 0.0171875 0.053125
0 0.0609375 0.31953125 0.0125 0.05
0 0.04140625 0.4453125 0.015625 0.0515625