0 0.9046875 0.40234375 0.03125 0.0578125
0 0.86171875 0.6234375 0.0328125 0.0671875
0 0.8515625 0.40234375 0.0265625 0.0578125
0 0.70625 0.5203125 0.0265625 0.071875
0 0.7296875 0.37734375 0.021875 0.0671875
0 0.6875 0.35625 0.025 0.0640625
0 0.6390625 0.43359375 0.025 0.0671875
0 0.58984375 0.59765625 0.025 0.0703125
0 0.56796875 0.3828125 0.025 0.0625
0 0.56328125 0.34609375 0.0234375 0.0625
0 0.5640625 0.30390625 0.025 0.0609375
0 0.57734375 0.17421875 0.0203125 0.0546875
0 0.4625 0.6375 0.0328125 0.0703125
0 0.4484375 0.7125 0.040625 0.0625
0 0.4 0.321875 0.0234375 0.0609375
0 0.36796875 0.43046875 0.028125 0.0640625
0 0.36328125 0.40859375 0.025 0.0546875
0 0.28984375 0.36875 0.0296875 0.05625
0 0.190625 0.34765625 0.025 0.059375
0 0.21015625 0.303125 0.025 0.0640625
0 0.2828125 0.5359375 0.028125 0.065625
0 0.08671875 0.58046875 0.0328125 0.078125
0 0.05078125 0.2515625 0.0265625 0.0609375