0 0.953125 0.3546875 0.0296875 0.0625
0 0.9265625 0.6 0.0296875 0.071875
0 0.8953125 0.36015625 0.025 0.0609375
0 0.74921875 0.50234375 0.021875 0.078125
0 0.76015625 0.34453125 0.01875 0.071875
0 0.71171875 0.325 0.021875 0.0703125
0 0.66640625 0.41484375 0.021875 0.0734375
0 0.6296875 0.59765625 0.021875 0.0765625
0 0.584375 0.365625 0.021875 0.0671875
0 0.5765625 0.32578125 0.01875 0.06875
0 0.57421875 0.28046875 0.021875 0.065625
0 0.57578125 0.1375 0.0171875 0.059375
0 0.49453125 0.653125 0.0296875 0.0765625
0 0.48671875 0.73671875 0.0390625 0.065625
0 0.396875 0.315625 0.01875 0.065625
0 0.371875 0.4375 0.025 0.06875
0 0.36484375 0.4140625 0.0234375 0.059375
0 0.28125 0.3765625 0.0265625 0.0609375
0 0.17109375 0.3625 0.021875 0.0640625
0 0.18828125 0.31328125 0.021875 0.06875
0 0.28984375 0.56015625 0.025 0.0703125
0 0.08046875 0.62734375 0.0296875 0.084375
0 0.01796875 0.271875 0.0109375 0.0625