0 0.0359375 0.40625 0.0234375 0.0640625
0 0.03515625 0.578125 0.0234375 0.0640625
0 0.12265625 0.38671875 0.01875 0.05625
0 0.20078125 0.490625 0.021875 0.0609375
0 0.2515625 0.4140625 0.0203125 0.053125
0 0.25 0.38984375 0.0234375 0.046875
0 0.28515625 0.51953125 0.0203125 0.0625
0 0.34296875 0.60859375 0.0171875 0.065625
0 0.36328125 0.6734375 0.021875 0.065625
0 0.4875 0.8140625 0.025 0.0765625
0 0.37109375 0.41953125 0.0140625 0.059375
0 0.4296875 0.3671875 0.0125 0.05
0 0.446875 0.36875 0.015625 0.05625
0 0.51171875 0.496875 0.015625 0.0640625
0 0.5203125 0.48828125 0.015625 0.05625
0 0.56640625 0.38046875 0.0125 0.053125
0 0.66171875 0.4359375 0.015625 0.05
0 0.63515625 0.603125 0.0171875 0.0640625
0 0.7171875 0.6453125 0.0234375 0.06875
0 0.69765625 0.3921875 0.015625 0.053125
0 0.7296875 0.38125 0.0171875 0.0578125
0 0.925 0.3953125 0.0171875 0.059375
0 0.99140625 0.35 0.0140625 0.0609375
0 0.4625 0.221875 0.0125 0.05