0 0.109375 0.4 0.0265625 0.0671875
0 0.11796875 0.575 0.028125 0.0671875
0 0.19765625 0.375 0.0234375 0.0578125
0 0.28203125 0.47578125 0.0265625 0.0640625
0 0.33046875 0.39609375 0.0234375 0.05625
0 0.328125 0.3703125 0.0265625 0.0484375
0 0.37109375 0.50234375 0.025 0.065625
0 0.43515625 0.58984375 0.0203125 0.06875
0 0.45859375 0.65546875 0.025 0.06875
0 0.59296875 0.79296875 0.0296875 0.078125
0 0.453125 0.39453125 0.01875 0.0609375
0 0.51015625 0.33828125 0.015625 0.0515625
0 0.528125 0.3390625 0.01875 0.0578125
0 0.60078125 0.46640625 0.0203125 0.065625
0 0.609375 0.45703125 0.0203125 0.0578125
0 0.6515625 0.3453125 0.015625 0.0546875
0 0.7515625 0.39609375 0.01875 0.0515625
0 0.7328125 0.56796875 0.0203125 0.0671875
0 0.81953125 0.6078125 0.028125 0.0703125
0 0.78515625 0.34921875 0.01875 0.0546875
0 0.8171875 0.33671875 0.021875 0.059375
0 0.5359375 0.1875 0.015625 0.0515625