0 0.765625 0.39375 0.021875 0.053125
0 0.73515625 0.31328125 0.0203125 0.046875
0 0.6859375 0.3578125 0.0265625 0.059375
0 0.66015625 0.51875 0.0265625 0.0609375
0 0.58046875 0.34609375 0.021875 0.0609375
0 0.553125 0.25703125 0.0203125 0.059375
0 0.52734375 0.353125 0.021875 0.0484375
0 0.503125 0.396875 0.0234375 0.0640625
0 0.49453125 0.27265625 0.0203125 0.053125
0 0.49140625 0.32265625 0.021875 0.0625
0 0.4921875 0.36953125 0.0265625 0.0609375
0 0.43984375 0.38203125 0.0265625 0.0578125
0 0.4140625 0.33125 0.0296875 0.0546875
0 0.4046875 0.475 0.028125 0.0640625
0 0.39375 0.4421875 0.03125 0.0640625
0 0.46875 0.13671875 0.021875 0.0546875
0 0.43125 0.2265625 0.0203125 0.053125
0 0.36484375 0.30859375 0.021875 0.05
0 0.28125 0.22265625 0.0234375 0.059375
0 0.23359375 0.4984375 0.03125 0.0734375
0 0.20703125 0.48046875 0.0296875 0.0703125
0 0.12421875 0.3171875 0.021875 0.059375
0 0.37265625 0.92421875 0.03125 0.0875