0 0.62421875 0.48828125 0.01875 0.078125
0 0.8140625 0.2796875 0.015625 0.075
0 0.4109375 0.36640625 0.025 0.06875
0 0.55859375 0.24140625 0.021875 0.071875
0 0.21640625 0.42890625 0.0171875 0.06875
0 0.25625 0.18203125 0.0140625 0.065625
0 0.9015625 0.38046875 0.0265625 0.071875
0 0.7125 0.2953125 0.0140625 0.0703125
0 0.5328125 0.29921875 0.015625 0.065625
0 0.47734375 0.1515625 0.021875 0.0625
0 0.53125 0.2375 0.021875 0.0703125
0 0.3390625 0.32578125 0.015625 0.0703125
0 0.36328125 0.35234375 0.0265625 0.065625
0 0.346875 0.45703125 0.015625 0.0703125
0 0.3296875 0.48359375 0.0234375 0.0828125
0 0.2421875 0.3078125 0.0234375 0.0578125
0 0.55625 0.0296875 0.015625 0.059375
0 0.5859375 0.39296875 0.01875 0.0703125
0 0.2734375 0.30078125 0.0234375 0.0515625
0 0.5859375 0.35859375 0.0140625 0.0703125
0 0.56875 0.9875 0.0234375 0.0234375
0 0.72421875 0.1796875 0.0125 0.0640625