0 0.61171875 0.50546875 0.01875 0.08125
0 0.809375 0.2875 0.015625 0.078125
0 0.3890625 0.378125 0.025 0.071875
0 0.54296875 0.24765625 0.021875 0.075
0 0.1875 0.44375 0.01875 0.0703125
0 0.228125 0.18671875 0.015625 0.0671875
0 0.90078125 0.3921875 0.028125 0.075
0 0.70390625 0.30390625 0.0140625 0.0734375
0 0.51640625 0.30859375 0.015625 0.06875
0 0.45859375 0.15546875 0.0234375 0.065625
0 0.51484375 0.24453125 0.0234375 0.0734375
0 0.31484375 0.3359375 0.0171875 0.0734375
0 0.3390625 0.3640625 0.028125 0.06875
0 0.32265625 0.4734375 0.015625 0.0734375
0 0.3046875 0.5 0.025 0.0859375
0 0.21328125 0.31640625 0.025 0.059375
0 0.540625 0.02890625 0.015625 0.0578125
0 0.57109375 0.40546875 0.01875 0.0734375
0 0.24609375 0.31015625 0.0234375 0.053125
0 0.571875 0.36953125 0.0140625 0.0734375
0 0.715625 0.18359375 0.0140625 0.0671875