0 0.61640625 0.31015625 0.025 0.06875
0 0.70625 0.26796875 0.0234375 0.0640625
0 0.1828125 0.48359375 0.0296875 0.0828125
0 0.47578125 0.53203125 0.021875 0.071875
0 0.53359375 0.40234375 0.021875 0.0671875
0 0.93046875 0.52109375 0.0359375 0.0703125
0 0.39453125 0.31171875 0.0265625 0.071875
0 0.67265625 0.203125 0.0234375 0.059375
0 0.7171875 0.33671875 0.021875 0.065625
0 0.015625 0.45625 0.03125 0.084375
0 0.62109375 0.35625 0.0203125 0.059375
0 0.37890625 0.1890625 0.0203125 0.0640625
0 0.75078125 0.3640625 0.0296875 0.0640625
0 0.73515625 0.45078125 0.0265625 0.078125
0 0.7125 0.42265625 0.028125 0.0640625
0 0.93046875 0.31171875 0.0390625 0.059375
0 0.65 0.45859375 0.028125 0.0671875
0 0.48515625 0.97421875 0.0359375 0.0515625
0 0.45234375 0.31875 0.0234375 0.0703125
0 0.675 0.56171875 0.025 0.075
0 0.66484375 0.54296875 0.0265625 0.0734375
0 0.6015625 0.059375 0.0234375 0.05625