0 0.55546875 0.81953125 0.01875 0.0765625
0 0.83984375 0.48828125 0.01875 0.0640625
0 0.09765625 0.36875 0.01875 0.05
0 0.1375 0.28984375 0.015625 0.059375
0 0.39375 0.39296875 0.015625 0.0625
0 0.58984375 0.471875 0.0125 0.059375
0 0.7578125 0.19609375 0.0109375 0.0484375
0 0.40234375 0.48203125 0.0203125 0.0625
0 0.978125 0.47734375 0.0140625 0.065625
0 0.51875 0.17265625 0.015625 0.046875
0 0.27890625 0.3046875 0.015625 0.046875
0 0.28203125 0.35625 0.015625 0.05
0 0.65078125 0.29375 0.0171875 0.05
0 0.41171875 0.1859375 0.0109375 0.0515625
0 0.5421875 0.3859375 0.0140625 0.059375
0 0.55859375 0.375 0.015625 0.059375
0 0.5390625 0.2703125 0.0140625 0.05625
0 0.50078125 0.4578125 0.0125 0.05625
0 0.5375 0.04765625 0.0109375 0.05
0 0.68984375 0.3234375 0.0125 0.05625
0 0.11796875 0.15078125 0.015625 0.05
0 0.48515625 0.475 0.0125 0.059375
0 0.05546875 0.34921875 0.015625 0.0484375
0 0.40234375 0.2890625 0.0125 0.05