0 0.796875 0.65625 0.0171875 0.0578125
0 0.7953125 0.80703125 0.0203125 0.06875
0 0.67578125 0.45859375 0.0203125 0.0484375
0 0.51171875 0.871875 0.01875 0.0671875
0 0.7359375 0.33203125 0.01875 0.0578125
0 0.5359375 0.41640625 0.0171875 0.0453125
0 0.765625 0.43046875 0.0125 0.04375
0 0.9234375 0.56640625 0.0203125 0.053125
0 0.90078125 0.50234375 0.0203125 0.053125
0 0.47578125 0.41640625 0.0171875 0.0453125
0 0.39921875 0.72578125 0.01875 0.0640625
0 0.10625 0.4015625 0.0125 0.0484375
0 0.11328125 0.2765625 0.0109375 0.0453125
0 0.62890625 0.41640625 0.0171875 0.05
0 0.3890625 0.35703125 0.0125 0.040625
0 0.38828125 0.3140625 0.0109375 0.040625
0 0.4265625 0.3046875 0.01875 0.04375
0 0.41015625 0.6109375 0.015625 0.0546875
0 0.61875 0.3296875 0.0125 0.04375
0 0.54765625 0.30703125 0.015625 0.040625
0 0.384375 0.35390625 0.0125 0.040625
0 0.9125 0.39296875 0.01875 0.0515625
0 0.3921875 0.3140625 0.0109375 0.040625
0 0.5546875 0.1609375 0.0109375 0.0375
0 0.7375 0.31796875 0.009375 0.0234375
0 0.625 0.3359375 0.0171875 0.0421875