0 0.7640625 0.6984375 0.0203125 0.0609375
0 0.75390625 0.85390625 0.0234375 0.071875
0 0.65078125 0.48828125 0.021875 0.05
0 0.459375 0.9046875 0.0234375 0.0703125
0 0.71875 0.36171875 0.021875 0.059375
0 0.50859375 0.43828125 0.0203125 0.0484375
0 0.74453125 0.46328125 0.0140625 0.046875
0 0.89921875 0.6125 0.025 0.05625
0 0.87890625 0.5453125 0.0234375 0.05625
0 0.44609375 0.434375 0.0203125 0.0484375
0 0.3515625 0.7484375 0.021875 0.0671875
0 0.06796875 0.3984375 0.015625 0.05
0 0.0828125 0.2703125 0.0140625 0.046875
0 0.60390625 0.44296875 0.0203125 0.0515625
0 0.3609375 0.36796875 0.0140625 0.0421875
0 0.36328125 0.3234375 0.0125 0.0421875
0 0.40234375 0.31640625 0.021875 0.04375
0 0.36953125 0.63046875 0.01875 0.0578125
0 0.5984375 0.3515625 0.0140625 0.0453125
0 0.52734375 0.325 0.0171875 0.0421875
0 0.35625 0.36484375 0.015625 0.0421875
0 0.89765625 0.43359375 0.021875 0.053125
0 0.3671875 0.32421875 0.0140625 0.0421875
0 0.5421875 0.175 0.0140625 0.0390625
0 0.72109375 0.346875 0.0109375 0.025
0 0.60546875 0.359375 0.0203125 0.04375