0 0.51171875 0.53359375 0.0203125 0.0640625
0 0.73203125 0.37265625 0.015625 0.0453125
0 0.471875 0.75078125 0.021875 0.06875
0 0.2890625 0.22890625 0.0140625 0.0546875
0 0.84140625 0.49453125 0.0203125 0.059375
0 0.92109375 0.428125 0.0203125 0.0640625
0 0.66796875 0.496875 0.0203125 0.05
0 0.23671875 0.4546875 0.021875 0.0609375
0 0.79921875 0.38125 0.01875 0.05625
0 0.60078125 0.4171875 0.015625 0.053125
0 0.746875 0.45234375 0.0203125 0.0625
0 0.95390625 0.20546875 0.01875 0.0484375
0 0.43515625 0.3453125 0.0171875 0.0578125
0 0.78046875 0.4890625 0.0234375 0.053125
0 0.6328125 0.4375 0.0234375 0.040625
0 0.471875 0.528125 0.0171875 0.0609375
0 0.703125 0.24609375 0.0171875 0.0515625
0 0.575 0.3046875 0.01875 0.059375
0 0.5515625 0.2171875 0.0140625 0.0484375
0 0.053125 0.415625 0.0171875 0.059375
0 0.53984375 0.04609375 0.0140625 0.0421875
0 0.665625 0.30390625 0.0203125 0.0515625
0 0.44609375 0.50859375 0.0171875 0.0609375
0 0.63984375 0.4125 0.0171875 0.0390625