0 0.85 0.4265625 0.0328125 0.065625
0 0.92890625 0.359375 0.028125 0.0640625
0 0.55 0.54296875 0.025 0.065625
0 0.44453125 0.5578125 0.021875 0.059375
0 0.5265625 0.30390625 0.0234375 0.0515625
0 0.7578125 0.46875 0.0203125 0.0453125
0 0.2296875 0.56796875 0.0265625 0.05625
0 0.73359375 0.4953125 0.0265625 0.0625
0 0.2328125 0.29921875 0.01875 0.053125
0 0.2359375 0.2984375 0.01875 0.0515625
0 0.60859375 0.20078125 0.0203125 0.0515625
0 0.15234375 0.57734375 0.021875 0.0546875
0 0.39921875 0.37890625 0.0234375 0.05625
0 0.3875 0.578125 0.025 0.0609375
0 0.590625 0.40625 0.0265625 0.0625
0 0.83515625 0.1015625 0.0203125 0.0453125
0 0.6703125 0.26015625 0.025 0.0515625
0 0.640625 0.3890625 0.0234375 0.05625
0 0.50390625 0.77734375 0.0328125 0.0890625
0 0.45625 0.22265625 0.01875 0.0453125
0 0.6328125 0.41484375 0.0234375 0.0640625
0 0.74375 0.415625 0.0203125 0.053125
0 0.396875 0.03671875 0.0171875 0.040625
0 0.72890625 0.396875 0.0234375 0.053125
0 0.7515625 0.415625 0.0203125 0.0484375