0 0.16953125 0.52421875 0.025 0.06875
0 0.071875 0.46875 0.0203125 0.0671875
0 0.51484375 0.5859375 0.0171875 0.071875
0 0.63046875 0.58046875 0.015625 0.0640625
0 0.490625 0.32578125 0.0171875 0.053125
0 0.27734375 0.55078125 0.015625 0.046875
0 0.8625 0.54609375 0.0203125 0.059375
0 0.30859375 0.57265625 0.01875 0.065625
0 0.803125 0.2609375 0.0109375 0.0578125
0 0.8 0.26015625 0.0125 0.05625
0 0.38125 0.23359375 0.0140625 0.0546875
0 0.94609375 0.53984375 0.0140625 0.059375
0 0.64140625 0.38046875 0.0171875 0.059375
0 0.69609375 0.590625 0.0171875 0.0640625
0 0.44375 0.4484375 0.01875 0.065625
0 0.11953125 0.1734375 0.015625 0.0484375
0 0.328125 0.309375 0.01875 0.0546875
0 0.3859375 0.440625 0.0171875 0.059375
0 0.6125 0.8265625 0.021875 0.09375
0 0.54921875 0.225 0.0140625 0.0484375
0 0.4 0.465625 0.015625 0.06875
0 0.28125 0.48984375 0.0125 0.05625
0 0.57265625 0.01796875 0.0109375 0.0359375
0 0.29375 0.46796875 0.0171875 0.0546875
0 0.2734375 0.4921875 0.0140625 0.0515625