0 0.2953125 0.33671875 0.015625 0.0625
0 0.29140625 0.44375 0.0140625 0.053125
0 0.28515625 0.53203125 0.021875 0.0640625
0 0.36171875 0.52265625 0.01875 0.05625
0 0.603125 0.7734375 0.01875 0.06875
0 0.371875 0.23359375 0.0125 0.0515625
0 0.62578125 0.4109375 0.015625 0.05625
0 0.79375 0.57578125 0.0203125 0.065625
0 0.09453125 0.43125 0.015625 0.065625
0 0.23984375 0.3140625 0.021875 0.05
0 0.70078125 0.30390625 0.01875 0.05625
0 0.43671875 0.46953125 0.015625 0.0640625
0 0.54296875 0.2484375 0.0109375 0.0484375
0 0.828125 0.56015625 0.0203125 0.0640625
0 0.1453125 0.16640625 0.0125 0.0421875
0 0.45859375 0.459375 0.01875 0.05625
0 0.671875 0.58125 0.01875 0.0640625
0 0.45546875 0.4984375 0.015625 0.059375
0 0.67890625 0.56171875 0.01875 0.0578125
0 0.559375 0.01640625 0.0125 0.0328125
0 0.52421875 0.56328125 0.015625 0.0625
0 0.1203125 0.50703125 0.015625 0.059375
0 0.409375 0.54296875 0.015625 0.0625
0 0.1265625 0.4578125 0.021875 0.0640625