0 0.29296875 0.3578125 0.01875 0.0625
0 0.28515625 0.465625 0.015625 0.0546875
0 0.2765625 0.5546875 0.0234375 0.065625
0 0.35390625 0.5484375 0.0203125 0.0578125
0 0.5890625 0.81015625 0.0203125 0.0703125
0 0.37421875 0.25546875 0.0140625 0.053125
0 0.62578125 0.4453125 0.0171875 0.0578125
0 0.7890625 0.6171875 0.021875 0.0671875
0 0.08671875 0.44609375 0.01875 0.065625
0 0.23828125 0.3328125 0.0234375 0.05
0 0.7046875 0.3390625 0.0203125 0.0578125
0 0.43125 0.496875 0.0171875 0.065625
0 0.546875 0.2765625 0.0125 0.05
0 0.825 0.603125 0.021875 0.065625
0 0.14765625 0.18046875 0.0140625 0.04375
0 0.4546875 0.4875 0.0203125 0.05625
0 0.66640625 0.61796875 0.021875 0.065625
0 0.45 0.5265625 0.01875 0.059375
0 0.67421875 0.5984375 0.0203125 0.059375
0 0.571875 0.0375 0.015625 0.046875
0 0.5171875 0.5953125 0.0171875 0.0625
0 0.1109375 0.52421875 0.0171875 0.059375
0 0.4015625 0.5703125 0.0171875 0.0625
0 0.11875 0.47421875 0.0234375 0.065625