0 0.675 0.32578125 0.021875 0.05625
0 0.35234375 0.42578125 0.021875 0.05
0 0.65703125 0.4078125 0.0234375 0.053125
0 0.471875 0.5171875 0.03125 0.0625
0 0.6328125 0.31328125 0.021875 0.05625
0 0.42421875 0.53515625 0.0203125 0.0578125
0 0.87578125 0.4265625 0.025 0.0625
0 0.20234375 0.56796875 0.0328125 0.0578125
0 0.07578125 0.56953125 0.0234375 0.0609375
0 0.52421875 0.51484375 0.021875 0.059375
0 0.2765625 0.36171875 0.0234375 0.05625
0 0.46953125 0.771875 0.028125 0.065625
0 0.559375 0.26796875 0.0203125 0.0546875
0 0.590625 0.50390625 0.025 0.0546875
0 0.46796875 0.40703125 0.021875 0.0484375
0 0.834375 0.14375 0.0171875 0.0421875
0 0.81328125 0.45703125 0.025 0.0625
0 0.415625 0.296875 0.0171875 0.046875
0 0.3578125 0.53828125 0.021875 0.059375
0 0.79609375 0.46640625 0.0234375 0.0515625
0 0.528125 0.4375 0.021875 0.053125
0 0.3890625 0.0609375 0.01875 0.046875
0 0.57890625 0.475 0.0171875 0.0359375
0 0.5765625 0.4625 0.01875 0.034375