0 0.5421875 0.65546875 0.0265625 0.0640625
0 0.73671875 0.57578125 0.021875 0.05625
0 0.18203125 0.459375 0.0203125 0.0578125
0 0.5859375 0.5484375 0.0234375 0.0546875
0 0.753125 0.67265625 0.0234375 0.065625
0 0.41015625 0.54296875 0.0296875 0.0625
0 0.44609375 0.64140625 0.025 0.0625
0 0.6203125 0.4125 0.021875 0.053125
0 0.5046875 0.63359375 0.0203125 0.059375
0 0.5015625 0.5859375 0.0265625 0.05625
0 0.540625 0.4875 0.028125 0.0515625
0 0.45546875 0.421875 0.021875 0.0546875
0 0.15 0.38984375 0.0234375 0.053125
0 0.34921875 0.85625 0.0265625 0.0765625
0 0.40546875 0.40078125 0.0203125 0.0515625
0 0.846875 0.5203125 0.0203125 0.0515625
0 0.35 0.4421875 0.0203125 0.05625
0 0.7171875 0.63984375 0.0234375 0.0640625
0 0.46953125 0.17265625 0.0171875 0.03125
0 0.86953125 0.3796875 0.01875 0.0484375
0 0.490625 0.553125 0.025 0.059375
0 0.18984375 0.61640625 0.0203125 0.0578125
0 0.309375 0.62890625 0.021875 0.065625
0 0.17421875 0.61953125 0.0234375 0.0546875