0 0.584375 0.69140625 0.0203125 0.0640625
0 0.76875 0.5796875 0.015625 0.05625
0 0.190625 0.55078125 0.0140625 0.0578125
0 0.6125 0.57734375 0.0171875 0.053125
0 0.80078125 0.67578125 0.0171875 0.065625
0 0.43359375 0.5984375 0.0234375 0.0625
0 0.48515625 0.69296875 0.01875 0.0625
0 0.625 0.43359375 0.0171875 0.053125
0 0.54375 0.675 0.0140625 0.0609375
0 0.5328125 0.628125 0.0203125 0.05625
0 0.55703125 0.52265625 0.0234375 0.05
0 0.459375 0.46953125 0.015625 0.05625
0 0.146875 0.48671875 0.01875 0.053125
0 0.421875 0.92578125 0.0171875 0.0765625
0 0.40546875 0.45625 0.015625 0.0515625
0 0.8703125 0.50625 0.015625 0.0515625
0 0.35703125 0.50625 0.0140625 0.05625
0 0.7578125 0.64765625 0.015625 0.065625
0 0.434375 0.215625 0.0140625 0.03125
0 0.87109375 0.3609375 0.0125 0.05
0 0.51640625 0.596875 0.01875 0.059375
0 0.2234375 0.70859375 0.015625 0.0578125
0 0.3453125 0.7015625 0.015625 0.065625
0 0.2078125 0.71484375 0.0171875 0.0546875