0 0.46328125 0.57421875 0.0265625 0.0609375
0 0.59375 0.6515625 0.0328125 0.071875
0 0.51640625 0.55703125 0.0265625 0.0640625
0 0.5390625 0.64765625 0.0296875 0.0703125
0 0.34140625 0.69453125 0.021875 0.0609375
0 0.7828125 0.48984375 0.0234375 0.046875
0 0.2234375 0.55078125 0.028125 0.0578125
0 0.4640625 0.9078125 0.028125 0.06875
0 0.475 0.44296875 0.0234375 0.059375
0 0.5984375 0.5421875 0.0234375 0.059375
0 0.2109375 0.71953125 0.025 0.059375
0 0.17890625 0.47265625 0.025 0.0578125
0 0.49296875 0.66484375 0.0265625 0.0703125
0 0.8609375 0.46875 0.0234375 0.046875
0 0.3609375 0.5109375 0.021875 0.0578125
0 0.653125 0.4375 0.021875 0.053125
0 0.8125 0.246875 0.0203125 0.0515625
0 0.58515625 0.365625 0.0203125 0.053125
0 0.63828125 0.51328125 0.028125 0.0578125
0 0.3984375 0.40859375 0.021875 0.053125
0 0.3515625 0.171875 0.01875 0.0359375
0 0.6671875 0.54609375 0.03125 0.05
0 0.190625 0.715625 0.0234375 0.06875
0 0.65078125 0.546875 0.0234375 0.04375