0 0.45390625 0.47578125 0.021875 0.0609375
0 0.34296875 0.3484375 0.0171875 0.0578125
0 0.54140625 0.3609375 0.0203125 0.0671875
0 0.73515625 0.434375 0.0296875 0.0703125
0 0.67890625 0.47890625 0.0265625 0.053125
0 0.64296875 0.28125 0.0171875 0.0578125
0 0.50859375 0.4484375 0.0171875 0.0625
0 0.71484375 0.5734375 0.0265625 0.0609375
0 0.72578125 0.52421875 0.025 0.06875
0 0.2609375 0.590625 0.0265625 0.065625
0 0.6296875 0.55859375 0.0265625 0.0671875
0 0.96796875 0.52109375 0.021875 0.059375
0 0.62734375 0.4046875 0.0265625 0.053125
0 0.7703125 0.5078125 0.0296875 0.05
0 0.465625 0.56875 0.021875 0.0671875
0 0.528125 0.81484375 0.028125 0.06875
0 0.12421875 0.59453125 0.0234375 0.059375
0 0.53828125 0.57109375 0.025 0.090625
0 0.54140625 0.50078125 0.021875 0.0703125
0 0.55859375 0.49609375 0.021875 0.071875
0 0.48671875 0.00703125 0.0171875 0.0140625
0 0.53828125 0.590625 0.0234375 0.0578125
0 0.9484375 0.12421875 0.015625 0.0515625
0 0.51328125 0.30703125 0.01875 0.0578125