0 0.5390625 0.403125 0.021875 0.059375
0 0.35859375 0.6 0.0265625 0.0640625
0 0.584375 0.34921875 0.021875 0.0515625
0 0.5953125 0.7765625 0.025 0.059375
0 0.3390625 0.41328125 0.0203125 0.05625
0 0.4234375 0.4734375 0.025 0.0578125
0 0.615625 0.47734375 0.021875 0.0640625
0 0.15625 0.5 0.0234375 0.046875
0 0.4625 0.31484375 0.0171875 0.05625
0 0.21171875 0.528125 0.0203125 0.0578125
0 0.7578125 0.41015625 0.0234375 0.0625
0 0.62734375 0.51328125 0.021875 0.059375
0 0.53203125 0.55859375 0.025 0.059375
0 0.2296875 0.11640625 0.0171875 0.05
0 0.51640625 0.4765625 0.0203125 0.0625
0 0.3390625 0.5234375 0.0203125 0.0609375
0 0.48203125 0.584375 0.021875 0.0609375
0 0.75390625 0.67890625 0.03125 0.06875
0 0.49296875 0.64140625 0.0296875 0.065625
0 0.76953125 0.67734375 0.0265625 0.0640625
0 0.50234375 0.61171875 0.0234375 0.0578125
0 0.6546875 0.02890625 0.0171875 0.0265625
0 0.5609375 0.64375 0.01875 0.071875
0 0.65078125 0.6671875 0.0265625 0.0703125