0 0.45703125 0.39609375 0.0203125 0.059375
0 0.63359375 0.603125 0.0234375 0.0640625
0 0.4140625 0.33984375 0.0203125 0.053125
0 0.38828125 0.77421875 0.0234375 0.059375
0 0.66015625 0.4140625 0.01875 0.05625
0 0.57265625 0.47265625 0.0234375 0.0578125
0 0.378125 0.46875 0.0203125 0.065625
0 0.84296875 0.509375 0.0234375 0.046875
0 0.53828125 0.31015625 0.0171875 0.0578125
0 0.78515625 0.53515625 0.01875 0.059375
0 0.23515625 0.39609375 0.0203125 0.0625
0 0.36484375 0.5046875 0.0203125 0.0609375
0 0.459375 0.5546875 0.025 0.059375
0 0.78203125 0.11640625 0.015625 0.05
0 0.47890625 0.471875 0.01875 0.0640625
0 0.65625 0.52578125 0.01875 0.0625
0 0.509375 0.58203125 0.0203125 0.0625
0 0.2296875 0.66953125 0.0296875 0.06875
0 0.496875 0.63984375 0.028125 0.0671875
0 0.2140625 0.6671875 0.0234375 0.0640625
0 0.4875 0.61015625 0.021875 0.059375
0 0.35390625 0.0171875 0.015625 0.0140625
0 0.4265625 0.63984375 0.0171875 0.0734375
0 0.33515625 0.6609375 0.0234375 0.071875