0 0.4546875 0.78984375 0.03125 0.0796875
0 0.65546875 0.52421875 0.0359375 0.06875
0 0.5296875 0.36484375 0.0234375 0.0578125
0 0.5015625 0.584375 0.028125 0.0765625
0 0.92578125 0.41484375 0.0234375 0.06875
0 0.41875 0.4328125 0.0234375 0.0609375
0 0.3859375 0.5921875 0.028125 0.065625
0 0.19453125 0.36796875 0.028125 0.06875
0 0.45078125 0.29140625 0.025 0.0625
0 0.79765625 0.45390625 0.028125 0.0640625
0 0.71484375 0.4546875 0.0265625 0.065625
0 0.41484375 0.59609375 0.0296875 0.0734375
0 0.35546875 0.6046875 0.028125 0.0671875
0 0.60703125 0.27109375 0.0234375 0.059375
0 0.84453125 0.04140625 0.021875 0.0515625
0 0.41171875 0.48046875 0.0234375 0.0640625
0 0.59609375 0.4828125 0.028125 0.078125
0 0.6203125 0.4046875 0.034375 0.05625
0 0.271875 0.6296875 0.028125 0.0734375
0 0.26015625 0.62109375 0.025 0.0703125
0 0.6125 0.3953125 0.021875 0.0640625
0 0.625 0.43125 0.0328125 0.0578125