0 0.37734375 0.81640625 0.0234375 0.078125
0 0.621875 0.5890625 0.028125 0.0671875
0 0.525 0.4109375 0.01875 0.05625
0 0.459375 0.62109375 0.021875 0.075
0 0.90703125 0.52890625 0.0171875 0.0671875
0 0.40390625 0.45859375 0.0171875 0.059375
0 0.34375 0.609375 0.0203125 0.0640625
0 0.19375 0.3546875 0.021875 0.0671875
0 0.46015625 0.325 0.01875 0.0609375
0 0.77265625 0.5453125 0.021875 0.0625
0 0.6921875 0.53125 0.0203125 0.0640625
0 0.37265625 0.61875 0.0234375 0.071875
0 0.31171875 0.6171875 0.021875 0.065625
0 0.6171875 0.33125 0.0171875 0.0578125
0 0.890625 0.14609375 0.0171875 0.05
0 0.38984375 0.5046875 0.0171875 0.0640625
0 0.5703125 0.5375 0.0203125 0.0765625
0 0.6078125 0.465625 0.0296875 0.053125
0 0.22578125 0.6265625 0.0203125 0.071875
0 0.215625 0.615625 0.01875 0.06875
0 0.6015625 0.4546875 0.015625 0.0625
0 0.6078125 0.4921875 0.0265625 0.05625