0 0.5546875 0.4828125 0.0265625 0.0671875
0 0.80546875 0.4890625 0.025 0.0703125
0 0.62421875 0.509375 0.021875 0.0671875
0 0.57421875 0.5328125 0.028125 0.0703125
0 0.72265625 0.35546875 0.0234375 0.06875
0 0.203125 0.50546875 0.021875 0.0625
0 0.33359375 0.42265625 0.021875 0.059375
0 0.37734375 0.38046875 0.0234375 0.0609375
0 0.46171875 0.359375 0.025 0.0625
0 0.0359375 0.1890625 0.01875 0.0546875
0 0.39921875 0.428125 0.025 0.0640625
0 0.4203125 0.42109375 0.0265625 0.0609375
0 0.32734375 0.48359375 0.025 0.059375
0 0.46796875 0.4859375 0.025 0.059375
0 0.4859375 0.5078125 0.03125 0.0734375
0 0.38125 0.4609375 0.0265625 0.059375
0 0.3625 0.50546875 0.021875 0.0625
0 0.34453125 0.46875 0.021875 0.0609375
0 0.61796875 0.52265625 0.028125 0.06875
0 0.63515625 0.7890625 0.034375 0.0890625
0 0.47734375 0.51953125 0.0234375 0.0703125
0 0.3765625 0.478125 0.021875 0.0578125
0 0.365625 0.48359375 0.021875 0.0609375