0 0.54921875 0.4890625 0.01875 0.0640625
0 0.79140625 0.52109375 0.0171875 0.0671875
0 0.6140625 0.521875 0.0140625 0.0640625
0 0.56328125 0.53984375 0.021875 0.0671875
0 0.725 0.38359375 0.015625 0.065625
0 0.20703125 0.4765625 0.015625 0.0609375
0 0.34140625 0.40859375 0.015625 0.0578125
0 0.3875 0.371875 0.0171875 0.0578125
0 0.471875 0.3609375 0.01875 0.059375
0 0.07734375 0.153125 0.0125 0.0515625
0 0.4046875 0.4203125 0.01875 0.0625
0 0.425 0.415625 0.0203125 0.0578125
0 0.3296875 0.4671875 0.01875 0.05625
0 0.46484375 0.48359375 0.01875 0.05625
0 0.4796875 0.50625 0.0234375 0.0703125
0 0.38359375 0.45078125 0.0203125 0.05625
0 0.36015625 0.49140625 0.015625 0.0609375
0 0.34765625 0.45390625 0.015625 0.059375
0 0.60625 0.53359375 0.0203125 0.065625
0 0.59609375 0.79375 0.025 0.084375
0 0.4703125 0.5171875 0.015625 0.0671875
0 0.37734375 0.4671875 0.015625 0.0546875
0 0.36640625 0.4703125 0.015625 0.0578125