0 0.8015625 0.575 0.015625 0.065625
0 0.67265625 0.525 0.015625 0.071875
0 0.6515625 0.57734375 0.01875 0.071875
0 0.56328125 0.57890625 0.0171875 0.078125
0 0.46796875 0.3703125 0.015625 0.0625
0 0.4625 0.4796875 0.015625 0.06875
0 0.47578125 0.52109375 0.015625 0.0625
0 0.4765625 0.55625 0.015625 0.075
0 0.4671875 0.57734375 0.021875 0.071875
0 0.409375 0.53046875 0.01875 0.065625
0 0.40546875 0.51171875 0.0171875 0.0625
0 0.37421875 0.4734375 0.01875 0.05
0 0.3625 0.4859375 0.0109375 0.0625
0 0.35234375 0.5 0.0125 0.06875
0 0.34609375 0.5140625 0.01875 0.053125
0 0.33828125 0.55078125 0.015625 0.065625
0 0.33203125 0.46796875 0.015625 0.06875
0 0.321875 0.48828125 0.015625 0.05
0 0.30859375 0.4828125 0.0140625 0.059375
0 0.2984375 0.484375 0.015625 0.059375
0 0.28203125 0.4640625 0.015625 0.0625
0 0.5671875 0.878125 0.021875 0.1
0 0.04140625 0.12734375 0.0125 0.05