0 0.8203125 0.53125 0.0171875 0.0640625
0 0.6953125 0.47890625 0.0171875 0.071875
0 0.67265625 0.53125 0.0203125 0.0703125
0 0.5859375 0.53046875 0.01875 0.0765625
0 0.496875 0.325 0.015625 0.0609375
0 0.4890625 0.43203125 0.0171875 0.06875
0 0.5015625 0.47265625 0.0171875 0.0625
0 0.5015625 0.50703125 0.0171875 0.0734375
0 0.49140625 0.52734375 0.0234375 0.0703125
0 0.4359375 0.48125 0.0203125 0.0640625
0 0.43203125 0.4625 0.01875 0.0625
0 0.40234375 0.42421875 0.01875 0.05
0 0.390625 0.43671875 0.0125 0.0609375
0 0.3796875 0.44921875 0.0140625 0.0671875
0 0.37421875 0.46328125 0.0203125 0.0515625
0 0.365625 0.49921875 0.0171875 0.065625
0 0.3609375 0.41796875 0.0171875 0.06875
0 0.35078125 0.4375 0.0171875 0.05
0 0.3375 0.43203125 0.015625 0.059375
0 0.32734375 0.43359375 0.015625 0.059375
0 0.31171875 0.41328125 0.015625 0.0609375
0 0.58515625 0.825 0.021875 0.1
0 0.08046875 0.07890625 0.0140625 0.05