0 0.19140625 0.4625 0.028125 0.078125
0 0.33671875 0.48984375 0.03125 0.075
0 0.36875 0.496875 0.0296875 0.0765625
0 0.41328125 0.49921875 0.03125 0.078125
0 0.48203125 0.51796875 0.028125 0.0765625
0 0.48828125 0.48515625 0.0203125 0.0484375
0 0.503125 0.4578125 0.0265625 0.06875
0 0.51484375 0.51015625 0.0265625 0.075
0 0.428125 0.79765625 0.0375 0.1
0 0.56015625 0.27890625 0.0234375 0.06875
0 0.6078125 0.4359375 0.021875 0.0640625
0 0.63203125 0.4234375 0.025 0.06875
0 0.66171875 0.47578125 0.0296875 0.0703125
0 0.66953125 0.49140625 0.0265625 0.0703125
0 0.65390625 0.5359375 0.0296875 0.0765625
0 0.71953125 0.4375 0.025 0.0328125
0 0.709375 0.475 0.025 0.0671875
0 0.72109375 0.4703125 0.021875 0.0671875
0 0.728125 0.4625 0.0234375 0.0703125
0 0.73203125 0.47109375 0.025 0.06875
0 0.7390625 0.46171875 0.0234375 0.065625
0 0.73671875 0.41328125 0.01875 0.0484375