0 0.2390625 0.5703125 0.0265625 0.0734375
0 0.3796875 0.553125 0.0296875 0.071875
0 0.41015625 0.55 0.028125 0.0734375
0 0.4515625 0.53828125 0.0296875 0.075
0 0.51953125 0.5359375 0.0265625 0.0734375
0 0.515625 0.5046875 0.01875 0.046875
0 0.52109375 0.475 0.025 0.065625
0 0.54765625 0.51953125 0.025 0.0703125
0 0.55390625 0.8046875 0.0359375 0.09375
0 0.5203125 0.29609375 0.021875 0.065625
0 0.61015625 0.42421875 0.0203125 0.0609375
0 0.628125 0.40625 0.0234375 0.065625
0 0.67109375 0.44453125 0.028125 0.0671875
0 0.6828125 0.45625 0.025 0.065625
0 0.68125 0.5015625 0.028125 0.0734375
0 0.7125 0.3921875 0.0234375 0.0328125
0 0.7140625 0.42890625 0.025 0.0640625
0 0.7234375 0.421875 0.021875 0.0640625
0 0.72734375 0.4125 0.021875 0.0671875
0 0.734375 0.41953125 0.0234375 0.065625
0 0.7375 0.409375 0.0234375 0.0625
0 0.72109375 0.365625 0.0171875 0.046875