0 0.20234375 0.47890625 0.01875 0.05
0 0.22890625 0.353125 0.0171875 0.0453125
0 0.253125 0.31640625 0.0171875 0.046875
0 0.3046875 0.36328125 0.0203125 0.046875
0 0.36015625 0.2875 0.0125 0.0453125
0 0.378125 0.30703125 0.0140625 0.0421875
0 0.37421875 0.3546875 0.0140625 0.0421875
0 0.35546875 0.4765625 0.01875 0.0453125
0 0.3265625 0.56796875 0.01875 0.0578125
0 0.4875 0.7671875 0.0203125 0.0640625
0 0.43984375 0.17109375 0.01875 0.0359375
0 0.45234375 0.28046875 0.01875 0.046875
0 0.4796875 0.34453125 0.01875 0.04375
0 0.4953125 0.33203125 0.0140625 0.0421875
0 0.49921875 0.4328125 0.0203125 0.0515625
0 0.5625 0.525 0.0203125 0.0609375
0 0.571875 0.4640625 0.0171875 0.0484375
0 0.55546875 0.38203125 0.0171875 0.046875
0 0.55234375 0.3546875 0.01875 0.046875
0 0.56796875 0.3203125 0.01875 0.04375
0 0.68046875 0.30859375 0.0171875 0.046875
0 0.6765625 0.4171875 0.015625 0.053125
0 0.84765625 0.35546875 0.0171875 0.05
0 0.83046875 0.24140625 0.0140625 0.0390625