0 0.009375 0.49140625 0.01875 0.0984375
0 0.184375 0.55078125 0.028125 0.1015625
0 0.228125 0.521875 0.025 0.0984375
0 0.3125 0.55 0.0421875 0.0984375
0 0.30859375 0.4703125 0.0203125 0.0859375
0 0.35859375 0.54765625 0.0234375 0.0984375
0 0.42890625 0.52109375 0.021875 0.0984375
0 0.4421875 0.39453125 0.0234375 0.0984375
0 0.4640625 0.12421875 0.021875 0.0796875
0 0.56171875 0.41015625 0.025 0.08125
0 0.465625 0.58984375 0.0203125 0.1015625
0 0.6296875 0.5234375 0.021875 0.090625
0 0.634375 0.578125 0.021875 0.0859375
0 0.64140625 0.54140625 0.0140625 0.0328125
0 0.67109375 0.57109375 0.0265625 0.0984375
0 0.68671875 0.56953125 0.034375 0.10625
0 0.70859375 0.5734375 0.025 0.0921875
0 0.73046875 0.47109375 0.0234375 0.1
0 0.703125 0.26015625 0.0234375 0.078125
0 0.778125 0.38984375 0.025 0.0890625
0 0.86015625 0.365625 0.0234375 0.0921875
0 0.54296875 0.92734375 0.0265625 0.1125