0 0.99375 0.53046875 0.0125 0.1015625
0 0.8125 0.56796875 0.0390625 0.109375
0 0.771875 0.53203125 0.0359375 0.1046875
0 0.68046875 0.54921875 0.053125 0.10625
0 0.69609375 0.46640625 0.03125 0.0921875
0 0.6328125 0.53984375 0.034375 0.1046875
0 0.5640625 0.50234375 0.034375 0.1046875
0 0.56796875 0.36796875 0.034375 0.1046875
0 0.58515625 0.08515625 0.03125 0.084375
0 0.44296875 0.36796875 0.034375 0.0875
0 0.51640625 0.56796875 0.0328125 0.1078125
0 0.35546875 0.475 0.0328125 0.0953125
0 0.34296875 0.53125 0.0328125 0.0921875
0 0.34140625 0.4921875 0.0171875 0.034375
0 0.30546875 0.51796875 0.0375 0.1046875
0 0.28984375 0.51484375 0.0484375 0.115625
0 0.265625 0.515625 0.034375 0.0984375
0 0.25859375 0.40625 0.034375 0.10625
0 0.31640625 0.19140625 0.0328125 0.0828125
0 0.22109375 0.315625 0.0359375 0.0953125
0 0.1390625 0.27890625 0.0328125 0.096875
0 0.3859375 0.90625 0.040625 0.1203125