0 0.05234375 0.5640625 0.0421875 0.1015625
0 0.24921875 0.6625 0.0421875 0.103125
0 0.29921875 0.63515625 0.040625 0.103125
0 0.31796875 0.5953125 0.0390625 0.0953125
0 0.32421875 0.64765625 0.0390625 0.1015625
0 0.41796875 0.63984375 0.0375 0.103125
0 0.47421875 0.62734375 0.040625 0.0984375
0 0.4734375 0.48046875 0.034375 0.0984375
0 0.54765625 0.60859375 0.0265625 0.0859375
0 0.5578125 0.62109375 0.034375 0.10625
0 0.58984375 0.59453125 0.040625 0.0921875
0 0.56328125 0.46484375 0.0359375 0.0875
0 0.6328125 0.946875 0.0421875 0.078125
0 0.6671875 0.57734375 0.040625 0.090625
0 0.6796875 0.53203125 0.046875 0.09375
0 0.715625 0.52421875 0.0390625 0.103125
0 0.6984375 0.57890625 0.0453125 0.103125
0 0.71640625 0.584375 0.04375 0.103125
0 0.65 0.28359375 0.034375 0.0796875
0 0.759375 0.378125 0.0375 0.0953125
0 0.8375 0.33984375 0.040625 0.09375
0 0.3859375 0.1859375 0.0359375 0.084375