0 0.90859375 0.36640625 0.040625 0.103125
0 0.753125 0.52578125 0.040625 0.1046875
0 0.69609375 0.51640625 0.040625 0.1046875
0 0.665625 0.484375 0.0390625 0.0953125
0 0.67578125 0.5359375 0.0390625 0.103125
0 0.58359375 0.56015625 0.0359375 0.1046875
0 0.52734375 0.56640625 0.040625 0.1
0 0.47890625 0.42578125 0.034375 0.0984375
0 0.45 0.571875 0.025 0.0875
0 0.44453125 0.5875 0.0328125 0.1078125
0 0.40546875 0.5734375 0.0390625 0.09375
0 0.3875 0.440625 0.0359375 0.0875
0 0.4828125 0.93984375 0.0453125 0.109375
0 0.3265625 0.58203125 0.0390625 0.0921875
0 0.2984375 0.54296875 0.0453125 0.09375
0 0.2625 0.54609375 0.0390625 0.1046875
0 0.29609375 0.59375 0.04375 0.1046875
0 0.28046875 0.6046875 0.0421875 0.103125
0 0.24609375 0.2953125 0.034375 0.0796875
0 0.17265625 0.42109375 0.0375 0.0953125
0 0.08515625 0.4109375 0.0390625 0.0953125
0 0.465625 0.11484375 0.0359375 0.0859375