0 0.46640625 0.17890625 0.025 0.084375
0 0.14375 0.390625 0.0296875 0.0953125
0 0.26328125 0.590625 0.0265625 0.096875
0 0.321875 0.55234375 0.0359375 0.090625
0 0.35 0.5953125 0.0328125 0.096875
0 0.3859375 0.59453125 0.0234375 0.1
0 0.4359375 0.5953125 0.03125 0.1015625
0 0.5265625 0.48359375 0.03125 0.084375
0 0.5234375 0.61796875 0.0265625 0.090625
0 0.54921875 0.6078125 0.0203125 0.1015625
0 0.5625 0.6125 0.025 0.1
0 0.55078125 0.465625 0.0265625 0.0921875
0 0.58984375 0.58984375 0.0234375 0.09375
0 0.67578125 0.3375 0.021875 0.084375
0 0.7953125 0.428125 0.0234375 0.090625
0 0.87578125 0.40234375 0.025 0.09375
0 0.6828125 0.5390625 0.0234375 0.0890625
0 0.665625 0.58828125 0.0296875 0.096875
0 0.690625 0.6 0.0234375 0.0984375
0 0.7 0.61015625 0.0265625 0.0984375
0 0.7203125 0.615625 0.0265625 0.10625
0 0.54765625 0.94609375 0.0296875 0.1078125