0 0.85390625 0.32265625 0.0328125 0.090625
0 0.74296875 0.54453125 0.0328125 0.096875
0 0.7078125 0.5171875 0.03125 0.096875
0 0.6578125 0.553125 0.040625 0.10625
0 0.6125 0.58515625 0.034375 0.1
0 0.58125 0.5703125 0.0328125 0.0921875
0 0.525 0.15 0.03125 0.08125
0 0.48984375 0.471875 0.034375 0.09375
0 0.478125 0.4578125 0.025 0.0765625
0 0.48984375 0.56484375 0.0296875 0.0875
0 0.49453125 0.596875 0.0453125 0.0953125
0 0.459375 0.58828125 0.0359375 0.096875
0 0.4328125 0.56484375 0.0359375 0.0921875
0 0.353125 0.44140625 0.034375 0.0890625
0 0.3515625 0.325 0.028125 0.0765625
0 0.3484375 0.57421875 0.0296875 0.0953125
0 0.33125 0.57421875 0.0328125 0.1
0 0.3171875 0.578125 0.03125 0.0984375
0 0.30390625 0.58671875 0.0328125 0.09375
0 0.21484375 0.41953125 0.0296875 0.0890625
0 0.13359375 0.40390625 0.0296875 0.090625
0 0.4984375 0.9203125 0.0375 0.1015625