0 0.44140625 0.16953125 0.021875 0.0875
0 0.14765625 0.4 0.0296875 0.09375
0 0.31875 0.578125 0.0265625 0.0984375
0 0.325 0.6109375 0.025 0.0875
0 0.403125 0.5921875 0.040625 0.103125
0 0.4484375 0.6203125 0.0296875 0.1
0 0.4859375 0.59765625 0.03125 0.1
0 0.5484375 0.49609375 0.028125 0.0953125
0 0.603125 0.4953125 0.028125 0.0875
0 0.56640625 0.60234375 0.0265625 0.0984375
0 0.5859375 0.5890625 0.0265625 0.1
0 0.59609375 0.59765625 0.028125 0.0984375
0 0.62265625 0.5578125 0.025 0.096875
0 0.6359375 0.31015625 0.021875 0.08125
0 0.665625 0.35625 0.028125 0.0875
0 0.7046875 0.55703125 0.025 0.090625
0 0.8046875 0.375 0.0296875 0.0921875
0 0.884375 0.3484375 0.0265625 0.090625
0 0.72421875 0.55703125 0.028125 0.0984375
0 0.74140625 0.55859375 0.0265625 0.0984375
0 0.7578125 0.5625 0.025 0.0953125
0 0.62265625 0.925 0.034375 0.115625