0 0.60546875 0.1625 0.0265625 0.0875
0 0.8921875 0.43671875 0.0359375 0.09375
0 0.6703125 0.5984375 0.034375 0.0984375
0 0.596875 0.58515625 0.034375 0.1046875
0 0.58203125 0.60078125 0.0328125 0.1015625
0 0.5328125 0.5703125 0.0359375 0.0984375
0 0.50546875 0.546875 0.034375 0.0921875
0 0.44765625 0.31015625 0.0296875 0.075
0 0.37265625 0.30546875 0.0390625 0.075
0 0.44140625 0.4625 0.0328125 0.096875
0 0.39140625 0.4296875 0.0328125 0.0828125
0 0.43359375 0.5625 0.034375 0.090625
0 0.38125 0.51875 0.034375 0.0875
0 0.37265625 0.5328125 0.040625 0.09375
0 0.3390625 0.528125 0.034375 0.1
0 0.31484375 0.52265625 0.0328125 0.096875
0 0.29765625 0.521875 0.03125 0.0984375
0 0.284375 0.52265625 0.034375 0.1
0 0.2640625 0.52421875 0.034375 0.0984375
0 0.22890625 0.34140625 0.0328125 0.0890625
0 0.15546875 0.303125 0.0359375 0.0921875
0 0.48515625 0.91875 0.0484375 0.1046875