0 0.10546875 0.56484375 0.0203125 0.0625
0 0.17578125 0.34453125 0.0203125 0.05625
0 0.19609375 0.35703125 0.0234375 0.0546875
0 0.29375 0.5296875 0.021875 0.065625
0 0.30859375 0.63046875 0.0265625 0.0734375
0 0.328125 0.42421875 0.0265625 0.0625
0 0.3296875 0.390625 0.021875 0.0546875
0 0.3609375 0.3171875 0.01875 0.053125
0 0.36875 0.33046875 0.0203125 0.0625
0 0.3453125 0.1859375 0.0171875 0.04375
0 0.49140625 0.29453125 0.0203125 0.05625
0 0.4921875 0.45234375 0.025 0.0640625
0 0.55390625 0.35 0.0171875 0.0453125
0 0.55625 0.36484375 0.0171875 0.053125
0 0.5625 0.29375 0.0203125 0.0453125
0 0.58125 0.29453125 0.01875 0.0453125
0 0.5859375 0.5 0.0203125 0.0609375
0 0.6046875 0.58359375 0.028125 0.0640625
0 0.696875 0.29453125 0.0203125 0.05625
0 0.6984375 0.40703125 0.028125 0.0578125
0 0.75703125 0.415625 0.0234375 0.0578125
0 0.8140625 0.2359375 0.015625 0.0515625
0 0.853125 0.33515625 0.0203125 0.05625
0 0.44453125 0.9453125 0.034375 0.090625