0 0.02265625 0.64609375 0.034375 0.109375
0 0.2671875 0.65 0.025 0.1046875
0 0.4078125 0.63671875 0.025 0.103125
0 0.4265625 0.64609375 0.028125 0.1078125
0 0.47734375 0.63203125 0.0265625 0.10625
0 0.428125 0.19609375 0.0234375 0.0625
0 0.5140625 0.58359375 0.028125 0.103125
0 0.52421875 0.55078125 0.0296875 0.096875
0 0.53984375 0.628125 0.0296875 0.0984375
0 0.5515625 0.36953125 0.0234375 0.0796875
0 0.6078125 0.56171875 0.0203125 0.0890625
0 0.68359375 0.421875 0.0296875 0.0921875
0 0.675 0.60859375 0.0359375 0.0921875
0 0.69609375 0.5578125 0.021875 0.1015625
0 0.7078125 0.54140625 0.0203125 0.0703125
0 0.70859375 0.60390625 0.0265625 0.0984375
0 0.73046875 0.6046875 0.028125 0.1015625
0 0.74609375 0.609375 0.021875 0.103125
0 0.7609375 0.6140625 0.0265625 0.1
0 0.81328125 0.4265625 0.0234375 0.0921875
0 0.89765625 0.39296875 0.028125 0.0953125
0 0.6109375 0.96953125 0.03125 0.0515625