0 0.9734375 0.490625 0.0421875 0.1046875
0 0.7484375 0.54140625 0.034375 0.0984375
0 0.61640625 0.5578125 0.0328125 0.096875
0 0.60078125 0.56953125 0.0359375 0.1015625
0 0.5515625 0.56640625 0.0359375 0.1
0 0.5125 0.15703125 0.028125 0.059375
0 0.509375 0.5296875 0.0359375 0.096875
0 0.4921875 0.5015625 0.0359375 0.0921875
0 0.49375 0.575 0.0375 0.0953125
0 0.43203125 0.340625 0.0296875 0.0765625
0 0.41796875 0.52734375 0.028125 0.0828125
0 0.32109375 0.41328125 0.0359375 0.0890625
0 0.36640625 0.58359375 0.040625 0.0890625
0 0.3359375 0.54140625 0.0296875 0.096875
0 0.321875 0.528125 0.025 0.0671875
0 0.33359375 0.5859375 0.034375 0.09375
0 0.31328125 0.590625 0.0359375 0.096875
0 0.3 0.5984375 0.03125 0.0984375
0 0.2875 0.60546875 0.034375 0.0953125
0 0.203125 0.44375 0.03125 0.0875
0 0.11875 0.4296875 0.0359375 0.090625
0 0.4984375 0.93125 0.04375 0.10625