0 0.85390625 0.421875 0.0359375 0.0875
0 0.721875 0.5453125 0.0328125 0.090625
0 0.6234375 0.60859375 0.034375 0.09375
0 0.59765625 0.59609375 0.0359375 0.09375
0 0.5375 0.6609375 0.04375 0.0890625
0 0.48359375 0.68359375 0.0328125 0.0921875
0 0.4125 0.684375 0.0359375 0.0890625
0 0.52890625 0.88046875 0.05 0.1
0 0.40234375 0.35546875 0.028125 0.0765625
0 0.47421875 0.17421875 0.0296875 0.08125
0 0.29765625 0.39453125 0.034375 0.08125
0 0.40234375 0.5015625 0.0296875 0.0921875
0 0.371875 0.48984375 0.03125 0.0796875
0 0.36484375 0.57421875 0.0390625 0.0828125
0 0.340625 0.5578125 0.0359375 0.0890625
0 0.328125 0.53203125 0.0328125 0.090625
0 0.31171875 0.5671875 0.0328125 0.065625
0 0.3015625 0.5859375 0.034375 0.0890625
0 0.29453125 0.56796875 0.03125 0.0859375
0 0.26484375 0.5671875 0.0421875 0.096875
0 0.23515625 0.5015625 0.040625 0.075
0 0.228125 0.42109375 0.0296875 0.0734375