0 0.91640625 0.43125 0.025 0.090625
0 0.75859375 0.5703125 0.0296875 0.0859375
0 0.6734375 0.653125 0.0234375 0.1015625
0 0.63203125 0.6984375 0.0296875 0.0953125
0 0.61328125 0.68515625 0.0265625 0.096875
0 0.59375 0.8703125 0.0359375 0.0953125
0 0.55078125 0.13515625 0.01875 0.071875
0 0.465625 0.2953125 0.0171875 0.071875
0 0.496875 0.4328125 0.0203125 0.0859375
0 0.41640625 0.32578125 0.0203125 0.0859375
0 0.41484375 0.39453125 0.0203125 0.0859375
0 0.396875 0.3953125 0.021875 0.0875
0 0.39609375 0.4359375 0.0265625 0.084375
0 0.35703125 0.50234375 0.0203125 0.0890625
0 0.4328125 0.62109375 0.0234375 0.0890625
0 0.378125 0.596875 0.028125 0.0875
0 0.32890625 0.478125 0.028125 0.0921875
0 0.30859375 0.5015625 0.021875 0.0984375
0 0.32109375 0.40078125 0.0234375 0.084375
0 0.25703125 0.35234375 0.0203125 0.0828125
0 0.240625 0.490625 0.0234375 0.0984375
0 0.2234375 0.490625 0.0265625 0.0921875