0 0.9 0.40546875 0.0234375 0.090625
0 0.75390625 0.5546875 0.0296875 0.0859375
0 0.675 0.6421875 0.0234375 0.1
0 0.6375 0.68984375 0.028125 0.0953125
0 0.61875 0.67890625 0.0265625 0.0953125
0 0.6109375 0.8625 0.034375 0.0953125
0 0.51953125 0.13828125 0.01875 0.071875
0 0.4453125 0.303125 0.0171875 0.071875
0 0.4859375 0.43671875 0.0203125 0.0859375
0 0.39921875 0.33671875 0.0203125 0.084375
0 0.40234375 0.4046875 0.0203125 0.084375
0 0.384375 0.40625 0.021875 0.0875
0 0.38671875 0.44765625 0.0265625 0.0828125
0 0.353125 0.51484375 0.0203125 0.0875
0 0.4359375 0.62734375 0.0234375 0.0890625
0 0.38046875 0.60703125 0.028125 0.0875
0 0.3234375 0.49296875 0.028125 0.0921875
0 0.30546875 0.51875 0.021875 0.096875
0 0.31015625 0.4171875 0.0234375 0.0828125
0 0.24375 0.3734375 0.0203125 0.0828125
0 0.2375 0.5125 0.0234375 0.096875
0 0.2203125 0.51171875 0.0265625 0.090625