0 0.94140625 0.32734375 0.0234375 0.0828125
0 0.8421875 0.55078125 0.03125 0.084375
0 0.684375 0.40078125 0.025 0.090625
0 0.63515625 0.36015625 0.01875 0.084375
0 0.69296875 0.734375 0.0203125 0.0953125
0 0.584375 0.6046875 0.025 0.0953125
0 0.62734375 0.9046875 0.0265625 0.1
0 0.48984375 0.10625 0.01875 0.071875
0 0.48359375 0.29765625 0.028125 0.0828125
0 0.46796875 0.25859375 0.021875 0.0703125
0 0.37734375 0.328125 0.0234375 0.0765625
0 0.34296875 0.24140625 0.0203125 0.08125
0 0.38203125 0.40625 0.025 0.0515625
0 0.37890625 0.446875 0.021875 0.0859375
0 0.33828125 0.425 0.025 0.084375
0 0.29453125 0.334375 0.0203125 0.0875
0 0.27578125 0.3796875 0.021875 0.0796875
0 0.2578125 0.378125 0.021875 0.08125
0 0.221875 0.365625 0.021875 0.090625
0 0.1890625 0.4640625 0.0265625 0.0859375
0 0.24609375 0.49609375 0.0234375 0.084375
0 0.290625 0.62265625 0.025 0.0921875