0 0.92734375 0.328125 0.021875 0.0828125
0 0.8328125 0.55078125 0.0296875 0.0828125
0 0.67265625 0.4046875 0.0234375 0.090625
0 0.62265625 0.36640625 0.0171875 0.0828125
0 0.68671875 0.7359375 0.01875 0.09375
0 0.57734375 0.61015625 0.0234375 0.09375
0 0.625 0.90703125 0.025 0.1
0 0.47421875 0.115625 0.0171875 0.071875
0 0.47109375 0.30625 0.0265625 0.08125
0 0.4546875 0.26796875 0.01875 0.0703125
0 0.365625 0.3390625 0.021875 0.075
0 0.33046875 0.25234375 0.01875 0.08125
0 0.37265625 0.415625 0.0234375 0.0515625
0 0.36953125 0.45546875 0.01875 0.0859375
0 0.32890625 0.43515625 0.0234375 0.0828125
0 0.28359375 0.3453125 0.01875 0.0859375
0 0.265625 0.39140625 0.01875 0.0796875
0 0.24765625 0.38984375 0.0203125 0.08125
0 0.21171875 0.37890625 0.0203125 0.090625
0 0.18125 0.4765625 0.025 0.0859375
0 0.23828125 0.50703125 0.021875 0.084375
0 0.28515625 0.63203125 0.0234375 0.0921875