0 0.85078125 0.5859375 0.025 0.075
0 0.78125 0.3796875 0.021875 0.071875
0 0.609375 0.36484375 0.021875 0.06875
0 0.59375 0.33515625 0.0203125 0.06875
0 0.63828125 0.82109375 0.0171875 0.090625
0 0.45859375 0.478125 0.021875 0.0765625
0 0.42890625 0.5984375 0.0234375 0.071875
0 0.415625 0.89296875 0.028125 0.0859375
0 0.171875 0.78671875 0.0234375 0.0890625
0 0.35546875 0.2234375 0.0140625 0.065625
0 0.43515625 0.3921875 0.01875 0.06875
0 0.35078125 0.34453125 0.015625 0.0640625
0 0.35390625 0.4609375 0.021875 0.0734375
0 0.284375 0.38671875 0.015625 0.065625
0 0.2859375 0.4546875 0.0203125 0.0671875
0 0.23203125 0.27265625 0.015625 0.065625
0 0.20625 0.3578125 0.01875 0.071875
0 0.215625 0.4640625 0.021875 0.071875
0 0.178125 0.39453125 0.0203125 0.06875
0 0.11015625 0.4390625 0.0171875 0.0640625
0 0.02421875 0.4484375 0.01875 0.0703125
0 0.12890625 0.56640625 0.021875 0.0703125