0 0.4234375 0.02421875 0.0203125 0.04375
0 0.8703125 0.575 0.0265625 0.06875
0 0.79375 0.39375 0.021875 0.065625
0 0.63828125 0.39140625 0.0234375 0.0640625
0 0.62109375 0.365625 0.021875 0.0640625
0 0.69296875 0.80234375 0.01875 0.08125
0 0.5078125 0.50234375 0.021875 0.0703125
0 0.4890625 0.6140625 0.0234375 0.0671875
0 0.49609375 0.88125 0.0296875 0.078125
0 0.26796875 0.8 0.025 0.08125
0 0.39921875 0.27890625 0.0140625 0.059375
0 0.48125 0.42578125 0.0203125 0.0625
0 0.40234375 0.38828125 0.015625 0.0578125
0 0.4125 0.49453125 0.021875 0.0671875
0 0.34453125 0.43125 0.0171875 0.059375
0 0.35 0.49296875 0.0203125 0.0625
0 0.28984375 0.33125 0.015625 0.059375
0 0.27265625 0.41015625 0.01875 0.065625
0 0.2875 0.5046875 0.0234375 0.065625
0 0.24921875 0.4453125 0.021875 0.0640625
0 0.190625 0.490625 0.0171875 0.0578125
0 0.11328125 0.50390625 0.01875 0.0640625
0 0.215625 0.603125 0.021875 0.0640625