0 0.09375 0.65390625 0.028125 0.0640625
0 0.2015625 0.4640625 0.0203125 0.059375
0 0.2515625 0.40390625 0.01875 0.053125
0 0.27890625 0.37734375 0.01875 0.0515625
0 0.4859375 0.12109375 0.0125 0.0390625
0 0.53359375 0.31328125 0.015625 0.0515625
0 0.34765625 0.83046875 0.028125 0.0671875
0 0.375 0.65 0.03125 0.0625
0 0.38046875 0.5375 0.021875 0.065625
0 0.4828125 0.44140625 0.021875 0.059375
0 0.48671875 0.4828125 0.0203125 0.0625
0 0.5453125 0.40859375 0.0171875 0.053125
0 0.56484375 0.46875 0.0171875 0.053125
0 0.5953125 0.4203125 0.01875 0.046875
0 0.54375 0.85390625 0.021875 0.0734375
0 0.7359375 0.80703125 0.025 0.078125
0 0.61875 0.48515625 0.01875 0.0546875
0 0.60234375 0.36171875 0.01875 0.05625
0 0.6328125 0.3421875 0.01875 0.059375
0 0.70703125 0.4203125 0.0203125 0.0578125
0 0.78203125 0.4203125 0.01875 0.0609375
0 0.89921875 0.425 0.021875 0.0609375
0 0.97578125 0.2609375 0.0140625 0.053125
0 0.72109375 0.61875 0.021875 0.0640625