0 0.87578125 0.62109375 0.025 0.0609375
0 0.72734375 0.4359375 0.01875 0.0515625
0 0.73203125 0.38359375 0.01875 0.0484375
0 0.684375 0.35390625 0.0203125 0.05
0 0.58828125 0.46953125 0.021875 0.05625
0 0.56328125 0.45 0.0171875 0.053125
0 0.61015625 0.62734375 0.021875 0.053125
0 0.47578125 0.16484375 0.0171875 0.0390625
0 0.4828125 0.3265625 0.0171875 0.046875
0 0.45859375 0.31875 0.0171875 0.04375
0 0.4859375 0.40625 0.01875 0.053125
0 0.45390625 0.4140625 0.0203125 0.0484375
0 0.39375 0.384375 0.0203125 0.0453125
0 0.409375 0.48671875 0.0203125 0.0484375
0 0.38125 0.46640625 0.0203125 0.0421875
0 0.43828125 0.71171875 0.025 0.0640625
0 0.415625 0.85546875 0.025 0.059375
0 0.31875 0.65234375 0.025 0.0546875
0 0.16640625 0.7796875 0.0296875 0.0640625
0 0.3234375 0.3375 0.0171875 0.05
0 0.271875 0.36484375 0.0171875 0.0515625
0 0.18125 0.375 0.0203125 0.053125
0 0.01953125 0.38671875 0.0203125 0.0578125
0 0.03515625 0.28046875 0.015625 0.053125