0 0.13125 0.61015625 0.0203125 0.0625
0 0.30625 0.43203125 0.0140625 0.053125
0 0.30703125 0.37734375 0.0140625 0.05
0 0.36171875 0.3515625 0.0171875 0.0515625
0 0.45 0.484375 0.0171875 0.0578125
0 0.4765625 0.46640625 0.0125 0.05625
0 0.40859375 0.646875 0.01875 0.0546875
0 0.6 0.1765625 0.0140625 0.040625
0 0.575 0.34453125 0.0125 0.0484375
0 0.6015625 0.33984375 0.0125 0.0453125
0 0.56328125 0.42890625 0.0140625 0.0546875
0 0.59609375 0.43984375 0.015625 0.0515625
0 0.66171875 0.415625 0.0171875 0.046875
0 0.63359375 0.52109375 0.0171875 0.05
0 0.665625 0.503125 0.015625 0.04375
0 0.57890625 0.75390625 0.0203125 0.065625
0 0.5875 0.9078125 0.0203125 0.0609375
0 0.7109375 0.7046875 0.021875 0.05625
0 0.85625 0.8546875 0.025 0.0671875
0 0.740625 0.37421875 0.0125 0.0515625
0 0.79140625 0.40859375 0.0140625 0.053125
0 0.88515625 0.42890625 0.0171875 0.0546875