0 0.04609375 0.57578125 0.0171875 0.0578125
0 0.01015625 0.4203125 0.015625 0.05
0 0.2515625 0.36640625 0.015625 0.05
0 0.26328125 0.44296875 0.0171875 0.05
0 0.31875 0.371875 0.0140625 0.0484375
0 0.32734375 0.503125 0.0171875 0.053125
0 0.3984375 0.52578125 0.0203125 0.0546875
0 0.36796875 0.6734375 0.0203125 0.0609375
0 0.57890625 0.22890625 0.0140625 0.0390625
0 0.49609375 0.4328125 0.021875 0.0515625
0 0.50703125 0.3890625 0.0171875 0.05
0 0.51640625 0.45625 0.01875 0.0546875
0 0.56953125 0.38125 0.0171875 0.0484375
0 0.6140625 0.40546875 0.0203125 0.04375
0 0.62734375 0.46875 0.015625 0.0484375
0 0.74140625 0.48515625 0.01875 0.0453125
0 0.7984375 0.45390625 0.01875 0.0578125
0 0.99609375 0.4890625 0.0078125 0.053125
0 0.465625 0.6890625 0.0234375 0.0625
0 0.5046875 0.89609375 0.0296875 0.0625
0 0.56875 0.73984375 0.025 0.0609375
0 0.659375 0.59921875 0.0203125 0.059375
0 0.67421875 0.584375 0.0171875 0.0578125
0 0.80234375 0.81328125 0.021875 0.06875