0 0.0546875 0.56484375 0.025 0.0609375
0 0.2609375 0.37890625 0.021875 0.046875
0 0.26640625 0.43984375 0.0203125 0.059375
0 0.3296875 0.375 0.0203125 0.05625
0 0.31640625 0.52734375 0.0203125 0.059375
0 0.33828125 0.66015625 0.025 0.0640625
0 0.41875 0.53515625 0.021875 0.05625
0 0.4828125 0.4515625 0.0171875 0.046875
0 0.5 0.4171875 0.0171875 0.0421875
0 0.60703125 0.23828125 0.028125 0.04375
0 0.58203125 0.4640625 0.021875 0.05625
0 0.6265625 0.415625 0.0203125 0.0546875
0 0.65546875 0.41953125 0.01875 0.05
0 0.5546875 0.7078125 0.0265625 0.0671875
0 0.5015625 0.88671875 0.028125 0.0703125
0 0.71015625 0.5015625 0.01875 0.0515625
0 0.69140625 0.61328125 0.01875 0.059375
0 0.71328125 0.62890625 0.025 0.059375
0 0.69296875 0.7390625 0.025 0.0640625
0 0.79609375 0.81484375 0.025 0.071875
0 0.80859375 0.5375 0.021875 0.0546875
0 0.83828125 0.46953125 0.0203125 0.053125