0 0.03828125 0.65234375 0.025 0.0609375
0 0.1921875 0.42265625 0.021875 0.0453125
0 0.2125 0.48125 0.0203125 0.059375
0 0.25859375 0.40390625 0.0203125 0.05625
0 0.28125 0.553125 0.0203125 0.059375
0 0.33515625 0.67578125 0.025 0.0640625
0 0.38203125 0.53671875 0.021875 0.05625
0 0.42421875 0.43984375 0.0171875 0.046875
0 0.43203125 0.403125 0.0171875 0.0421875
0 0.4921875 0.20390625 0.028125 0.04375
0 0.52265625 0.428125 0.021875 0.05625
0 0.55390625 0.3703125 0.0203125 0.0546875
0 0.5828125 0.36796875 0.01875 0.05
0 0.5546875 0.66953125 0.0265625 0.0671875
0 0.54609375 0.8546875 0.028125 0.0703125
0 0.6546875 0.43359375 0.01875 0.0515625
0 0.6640625 0.54609375 0.01875 0.059375
0 0.6890625 0.55625 0.025 0.0578125
0 0.6953125 0.6671875 0.025 0.0640625
0 0.81328125 0.71484375 0.025 0.0703125
0 0.75859375 0.44375 0.021875 0.0546875
0 0.77109375 0.37265625 0.0203125 0.053125
0 0.9578125 0.35078125 0.0203125 0.0546875
0 0.9515625 0.31015625 0.0171875 0.0484375