0 0.9609375 0.509375 0.0234375 0.05625
0 0.8234375 0.509375 0.028125 0.04375
0 0.80390625 0.53203125 0.0234375 0.0609375
0 0.79375 0.4484375 0.025 0.05625
0 0.77578125 0.42890625 0.0265625 0.053125
0 0.59296875 0.37890625 0.01875 0.0515625
0 0.58828125 0.371875 0.0171875 0.0515625
0 0.56875 0.2171875 0.0171875 0.046875
0 0.63125 0.45234375 0.0203125 0.0609375
0 0.62734375 0.50078125 0.025 0.0546875
0 0.67578125 0.6125 0.0265625 0.0625
0 0.546875 0.61484375 0.028125 0.06875
0 0.45625 0.94609375 0.028125 0.078125
0 0.578125 0.4421875 0.0234375 0.05
0 0.5671875 0.43828125 0.0234375 0.0546875
0 0.52734375 0.421875 0.01875 0.04375
0 0.3375 0.33828125 0.025 0.053125
0 0.39453125 0.5125 0.0234375 0.0578125
0 0.35234375 0.5390625 0.0234375 0.0578125
0 0.34609375 0.6296875 0.0234375 0.0671875
0 0.378125 0.6421875 0.0265625 0.0671875
0 0.246875 0.39453125 0.021875 0.0546875
0 0.18828125 0.32578125 0.025 0.0625
0 0.0390625 0.27578125 0.021875 0.0578125