0 0.08125 0.40234375 0.0171875 0.053125
0 0.21328125 0.42890625 0.0234375 0.040625
0 0.22734375 0.4546875 0.015625 0.0578125
0 0.253125 0.3765625 0.0171875 0.053125
0 0.27421875 0.3609375 0.0203125 0.0515625
0 0.45859375 0.34609375 0.0140625 0.05
0 0.4640625 0.340625 0.0109375 0.05
0 0.51328125 0.19609375 0.0125 0.0453125
0 0.409375 0.4109375 0.0125 0.0578125
0 0.40390625 0.4578125 0.01875 0.0515625
0 0.33515625 0.55546875 0.01875 0.059375
0 0.45859375 0.58125 0.01875 0.065625
0 0.48359375 0.91640625 0.01875 0.075
0 0.46171875 0.41015625 0.01875 0.0484375
0 0.471875 0.40859375 0.0171875 0.0515625
0 0.51328125 0.40078125 0.0125 0.0421875
0 0.7125 0.35546875 0.0171875 0.0515625
0 0.625 0.51171875 0.015625 0.05625
0 0.66015625 0.54453125 0.015625 0.0546875
0 0.64921875 0.63359375 0.015625 0.065625
0 0.61640625 0.6390625 0.01875 0.0640625
0 0.78828125 0.42578125 0.015625 0.053125
0 0.8578125 0.37109375 0.0171875 0.059375