0 0.8890625 0.35625 0.01875 0.059375
0 0.725 0.33671875 0.025 0.0609375
0 0.74296875 0.44140625 0.021875 0.0625
0 0.71640625 0.5234375 0.01875 0.0703125
0 0.66328125 0.63984375 0.0234375 0.078125
0 0.66015625 0.3890625 0.021875 0.059375
0 0.6359375 0.43828125 0.0203125 0.065625
0 0.603125 0.415625 0.021875 0.0625
0 0.55546875 0.38359375 0.01875 0.0484375
0 0.5234375 0.3421875 0.015625 0.05625
0 0.51484375 0.39375 0.01875 0.059375
0 0.43203125 0.33984375 0.0171875 0.0609375
0 0.4078125 0.35234375 0.01875 0.065625
0 0.40703125 0.21796875 0.0171875 0.040625
0 0.275 0.36796875 0.0171875 0.0640625
0 0.15859375 0.384375 0.0203125 0.0609375
0 0.11875 0.45 0.025 0.0796875
0 0.3109375 0.5890625 0.021875 0.06875
0 0.328125 0.59296875 0.0203125 0.071875
0 0.340625 0.69453125 0.021875 0.0796875
0 0.26171875 0.74140625 0.0203125 0.075
0 0.54453125 0.64921875 0.0234375 0.071875