0 0.11875 0.46953125 0.0265625 0.06875
0 0.17265625 0.41171875 0.028125 0.0640625
0 0.24296875 0.44296875 0.0265625 0.0671875
0 0.28125 0.3796875 0.03125 0.0578125
0 0.325 0.38203125 0.021875 0.0609375
0 0.32265625 0.4578125 0.021875 0.0609375
0 0.303125 0.5828125 0.025 0.0796875
0 0.315625 0.79140625 0.028125 0.0890625
0 0.37578125 0.77734375 0.0265625 0.0890625
0 0.42265625 0.43828125 0.021875 0.071875
0 0.4875 0.43828125 0.021875 0.0703125
0 0.50234375 0.35703125 0.0203125 0.0640625
0 0.54609375 0.30078125 0.0234375 0.046875
0 0.61171875 0.36484375 0.0234375 0.0671875
0 0.62578125 0.37109375 0.025 0.0703125
0 0.690625 0.3515625 0.01875 0.0734375
0 0.73203125 0.36015625 0.01875 0.0640625
0 0.83515625 0.4296875 0.0234375 0.065625
0 0.70078125 0.6171875 0.0234375 0.075
0 0.66640625 0.64453125 0.0234375 0.078125
0 0.69609375 0.7609375 0.0265625 0.0890625
0 0.84609375 0.815625 0.0265625 0.0859375