0 0.12890625 0.36171875 0.0265625 0.0640625
0 0.18828125 0.31953125 0.028125 0.0578125
0 0.2453125 0.3609375 0.0265625 0.0625
0 0.2921875 0.31171875 0.0296875 0.053125
0 0.33046875 0.321875 0.021875 0.05625
0 0.3140625 0.38828125 0.0234375 0.05625
0 0.27265625 0.49765625 0.025 0.0734375
0 0.24375 0.68671875 0.0296875 0.08125
0 0.30078125 0.68515625 0.028125 0.08125
0 0.40703125 0.390625 0.0234375 0.065625
0 0.465625 0.403125 0.0234375 0.0640625
0 0.49375 0.33359375 0.0203125 0.0578125
0 0.54453125 0.29140625 0.0234375 0.04375
0 0.590625 0.3609375 0.0234375 0.0609375
0 0.6015625 0.36953125 0.025 0.065625
0 0.6640625 0.3640625 0.0203125 0.0671875
0 0.6984375 0.3796875 0.0203125 0.0578125
0 0.77890625 0.46171875 0.0234375 0.0609375
0 0.621875 0.603125 0.0234375 0.06875
0 0.5859375 0.621875 0.0234375 0.071875
0 0.590625 0.73125 0.0265625 0.08125
0 0.71484375 0.80859375 0.0265625 0.0796875