0 0.85 0.4296875 0.0265625 0.06875
0 0.7828125 0.31640625 0.0234375 0.0546875
0 0.7015625 0.3359375 0.0234375 0.0703125
0 0.69140625 0.31953125 0.021875 0.0609375
0 0.67734375 0.38046875 0.0265625 0.0671875
0 0.65703125 0.5125 0.03125 0.0734375
0 0.68203125 0.65625 0.028125 0.0484375
0 0.67734375 0.69140625 0.03125 0.103125
0 0.6515625 0.3484375 0.0234375 0.0640625
0 0.5625 0.2703125 0.021875 0.0609375
0 0.58515625 0.38203125 0.021875 0.0671875
0 0.5359375 0.39140625 0.021875 0.06875
0 0.5125 0.31875 0.0328125 0.0640625
0 0.4921875 0.33671875 0.021875 0.0609375
0 0.4390625 0.3015625 0.021875 0.0609375
0 0.4 0.3203125 0.0234375 0.0609375
0 0.3828125 0.2890625 0.021875 0.0640625
0 0.26640625 0.36953125 0.0234375 0.0609375
0 0.384375 0.50859375 0.0234375 0.0703125
0 0.4171875 0.56796875 0.0234375 0.0703125
0 0.3390625 0.66328125 0.0234375 0.0796875
0 0.20859375 0.703125 0.0234375 0.078125