0 0.0703125 0.6375 0.0171875 0.0609375
0 0.178125 0.63125 0.021875 0.05625
0 0.24609375 0.5109375 0.0171875 0.05625
0 0.28203125 0.42734375 0.015625 0.053125
0 0.3015625 0.6109375 0.0203125 0.059375
0 0.34140625 0.63203125 0.0171875 0.0546875
0 0.3671875 0.4953125 0.0171875 0.053125
0 0.48359375 0.2984375 0.0140625 0.0421875
0 0.4546875 0.55078125 0.0171875 0.05625
0 0.53984375 0.38203125 0.01875 0.0484375
0 0.54140625 0.603125 0.021875 0.0484375
0 0.5828125 0.55234375 0.0203125 0.0484375
0 0.590625 0.534375 0.015625 0.0484375
0 0.61015625 0.53359375 0.015625 0.0515625
0 0.60234375 0.45859375 0.015625 0.0546875
0 0.63515625 0.43984375 0.0140625 0.04375
0 0.69140625 0.49140625 0.0203125 0.0484375
0 0.71171875 0.51484375 0.021875 0.0546875
0 0.7296875 0.41953125 0.01875 0.0515625
0 0.83671875 0.3390625 0.015625 0.046875
0 0.9078125 0.54921875 0.0140625 0.05625
0 0.85546875 0.58984375 0.01875 0.059375
0 0.4984375 0.90234375 0.021875 0.06875