0 0.05 0.63046875 0.01875 0.0609375
0 0.15625 0.62109375 0.0234375 0.05625
0 0.21953125 0.5 0.0203125 0.0546875
0 0.25234375 0.41640625 0.0171875 0.053125
0 0.27734375 0.59609375 0.021875 0.059375
0 0.3171875 0.615625 0.01875 0.053125
0 0.33828125 0.4796875 0.01875 0.053125
0 0.44609375 0.28203125 0.015625 0.0421875
0 0.42734375 0.53203125 0.0203125 0.05625
0 0.50546875 0.36171875 0.0203125 0.046875
0 0.51484375 0.58046875 0.021875 0.0484375
0 0.553125 0.52890625 0.021875 0.0484375
0 0.5609375 0.51171875 0.0171875 0.0484375
0 0.5796875 0.509375 0.0171875 0.053125
0 0.56875 0.43515625 0.0171875 0.0546875
0 0.6015625 0.41640625 0.015625 0.04375
0 0.6578125 0.465625 0.021875 0.046875
0 0.6796875 0.4875 0.0234375 0.0546875
0 0.69375 0.39296875 0.0203125 0.0515625
0 0.796875 0.31015625 0.0171875 0.046875
0 0.87421875 0.5140625 0.015625 0.0546875
0 0.82421875 0.55625 0.0203125 0.059375
0 0.48203125 0.878125 0.0234375 0.06875