0 0.94609375 0.596875 0.0140625 0.05625
0 0.84296875 0.59921875 0.0171875 0.0546875
0 0.80390625 0.484375 0.0171875 0.046875
0 0.73828125 0.409375 0.0125 0.0515625
0 0.70859375 0.584375 0.0171875 0.05
0 0.69921875 0.59609375 0.0140625 0.0515625
0 0.65625 0.47734375 0.0171875 0.0484375
0 0.55625 0.28359375 0.0109375 0.0375
0 0.621875 0.51796875 0.0140625 0.0484375
0 0.55390625 0.40390625 0.0125 0.046875
0 0.490625 0.43828125 0.0171875 0.0421875
0 0.48515625 0.5890625 0.0140625 0.05
0 0.45 0.53828125 0.0125 0.0453125
0 0.446875 0.54921875 0.0109375 0.04375
0 0.428125 0.5703125 0.0171875 0.05
0 0.4296875 0.484375 0.0140625 0.0421875
0 0.421875 0.45703125 0.0109375 0.040625
0 0.33046875 0.41171875 0.0125 0.0421875
0 0.35859375 0.5421875 0.0140625 0.0453125
0 0.36953125 0.5671875 0.015625 0.05
0 0.19765625 0.571875 0.0171875 0.05625
0 0.14921875 0.54609375 0.0125 0.0515625
0 0.18671875 0.359375 0.0109375 0.040625
0 0.5515625 0.84296875 0.0171875 0.0625