0 0.10859375 0.64609375 0.021875 0.0609375
0 0.14375 0.5171875 0.021875 0.053125
0 0.21328125 0.4296875 0.015625 0.05625
0 0.25546875 0.62265625 0.021875 0.05625
0 0.2671875 0.6359375 0.0171875 0.059375
0 0.30859375 0.5015625 0.0203125 0.0546875
0 0.40703125 0.2796875 0.015625 0.0421875
0 0.3484375 0.54375 0.0171875 0.0546875
0 0.4171875 0.41328125 0.015625 0.053125
0 0.4890625 0.44765625 0.021875 0.046875
0 0.50390625 0.61484375 0.01875 0.05625
0 0.53984375 0.55703125 0.015625 0.05
0 0.54453125 0.56796875 0.015625 0.0484375
0 0.56640625 0.59140625 0.021875 0.05625
0 0.559375 0.49609375 0.01875 0.0484375
0 0.56640625 0.46484375 0.015625 0.0453125
0 0.66484375 0.409375 0.0171875 0.0484375
0 0.6421875 0.55546875 0.01875 0.0515625
0 0.63125 0.584375 0.01875 0.05625
0 0.82265625 0.57890625 0.021875 0.0640625
0 0.875 0.5484375 0.0171875 0.0578125
0 0.82265625 0.3421875 0.015625 0.0453125
0 0.4453125 0.90234375 0.0234375 0.0703125