0 0.12109375 0.6109375 0.028125 0.0578125
0 0.15 0.5296875 0.0234375 0.053125
0 0.1671875 0.37578125 0.0171875 0.0453125
0 0.18203125 0.42109375 0.01875 0.053125
0 0.271875 0.3140625 0.0203125 0.053125
0 0.32890625 0.48984375 0.0234375 0.0515625
0 0.41875 0.12578125 0.01875 0.034375
0 0.4234375 0.27421875 0.015625 0.0421875
0 0.403125 0.31640625 0.0203125 0.0453125
0 0.378125 0.50546875 0.0203125 0.0515625
0 0.36640625 0.5890625 0.021875 0.0546875
0 0.43671875 0.52734375 0.0234375 0.0546875
0 0.48515625 0.571875 0.0234375 0.0453125
0 0.44375 0.37890625 0.0171875 0.046875
0 0.490625 0.46015625 0.0203125 0.0515625
0 0.50859375 0.75625 0.028125 0.05625
0 0.49765625 0.56640625 0.0265625 0.059375
0 0.5546875 0.57265625 0.0234375 0.05625
0 0.6171875 0.4859375 0.0171875 0.0515625
0 0.65234375 0.49921875 0.0203125 0.0515625
0 0.53828125 0.32578125 0.0171875 0.0453125
0 0.5734375 0.25859375 0.01875 0.0390625
0 0.76328125 0.38203125 0.01875 0.0515625
0 0.82109375 0.1984375 0.015625 0.040625
0 0.01875 0.38125 0.015625 0.0484375