0 0.0828125 0.5984375 0.028125 0.0609375
0 0.1171875 0.51328125 0.021875 0.0546875
0 0.1421875 0.3515625 0.015625 0.0484375
0 0.1546875 0.4 0.01875 0.05625
0 0.253125 0.28984375 0.0203125 0.05625
0 0.3078125 0.47734375 0.0234375 0.053125
0 0.415625 0.09609375 0.01875 0.0375
0 0.41484375 0.253125 0.0140625 0.04375
0 0.39296875 0.29765625 0.0203125 0.0484375
0 0.35859375 0.49609375 0.01875 0.053125
0 0.34296875 0.584375 0.021875 0.0578125
0 0.41953125 0.521875 0.0234375 0.0578125
0 0.46953125 0.5703125 0.0234375 0.0484375
0 0.4328125 0.36484375 0.0171875 0.0484375
0 0.47890625 0.453125 0.0203125 0.0546875
0 0.4875 0.76640625 0.0265625 0.059375
0 0.4828125 0.565625 0.0265625 0.0625
0 0.5421875 0.57421875 0.0234375 0.0578125
0 0.6125 0.48359375 0.0171875 0.0546875
0 0.6484375 0.49921875 0.01875 0.053125
0 0.534375 0.3125 0.015625 0.0484375
0 0.57421875 0.2421875 0.01875 0.0421875
0 0.76953125 0.3796875 0.01875 0.053125
0 0.8375 0.18828125 0.015625 0.0421875