0 0.06875 0.58046875 0.021875 0.059375
0 0.06953125 0.475 0.025 0.053125
0 0.07734375 0.45 0.0265625 0.05
0 0.1109375 0.590625 0.0265625 0.0625
0 0.3046875 0.13671875 0.01875 0.0421875
0 0.215625 0.33515625 0.01875 0.0484375
0 0.25078125 0.50546875 0.01875 0.0515625
0 0.23203125 0.6453125 0.025 0.0578125
0 0.32734375 0.30703125 0.021875 0.05
0 0.33203125 0.32265625 0.025 0.0484375
0 0.3578125 0.42109375 0.025 0.0484375
0 0.37421875 0.50703125 0.021875 0.05625
0 0.39375 0.46328125 0.0203125 0.05625
0 0.40390625 0.38828125 0.021875 0.05
0 0.43125 0.2890625 0.021875 0.0390625
0 0.425 0.80546875 0.028125 0.0703125
0 0.446875 0.51953125 0.021875 0.0546875
0 0.4828125 0.53125 0.0234375 0.059375
0 0.5515625 0.5890625 0.0234375 0.059375
0 0.5625 0.52265625 0.025 0.0578125
0 0.59765625 0.59375 0.028125 0.06875
0 0.5796875 0.496875 0.0234375 0.0546875
0 0.596875 0.4078125 0.0234375 0.053125
0 0.69453125 0.19921875 0.0171875 0.046875