0 0.3328125 0.7765625 0.03125 0.084375
0 0.07265625 0.4578125 0.03125 0.071875
0 0.065625 0.41015625 0.025 0.06875
0 0.103125 0.32578125 0.0234375 0.065625
0 0.13125 0.309375 0.0203125 0.0640625
0 0.27109375 0.19609375 0.0203125 0.0609375
0 0.259375 0.503125 0.025 0.0703125
0 0.33046875 0.40703125 0.0265625 0.0671875
0 0.48203125 0.1859375 0.01875 0.059375
0 0.53203125 0.2984375 0.021875 0.05
0 0.50390625 0.38828125 0.0203125 0.0640625
0 0.471875 0.42890625 0.021875 0.065625
0 0.5078125 0.50078125 0.025 0.0734375
0 0.57734375 0.45078125 0.021875 0.0640625
0 0.55859375 0.3375 0.0203125 0.059375
0 0.575 0.53515625 0.0234375 0.0703125
0 0.63515625 0.2859375 0.0265625 0.0671875
0 0.65703125 0.28125 0.0265625 0.0640625
0 0.6703125 0.5171875 0.0234375 0.06875
0 0.72265625 0.49453125 0.0296875 0.0640625
0 0.75390625 0.4328125 0.025 0.0625
0 0.7640625 0.31875 0.021875 0.0578125
0 0.89140625 0.184375 0.0171875 0.05625