0 0.89921875 0.640625 0.025 0.0671875
0 0.8765625 0.63671875 0.0265625 0.071875
0 0.82734375 0.35 0.021875 0.0640625
0 0.78359375 0.5015625 0.0265625 0.06875
0 0.77421875 0.49921875 0.0234375 0.0640625
0 0.71640625 0.61484375 0.028125 0.065625
0 0.62734375 0.846875 0.03125 0.0796875
0 0.6515625 0.26640625 0.0203125 0.05625
0 0.59921875 0.50703125 0.021875 0.065625
0 0.60625 0.55859375 0.021875 0.05625
0 0.59140625 0.59296875 0.0328125 0.0671875
0 0.53984375 0.47578125 0.0234375 0.0640625
0 0.5296875 0.365625 0.0203125 0.05625
0 0.496875 0.3328125 0.0203125 0.059375
0 0.4671875 0.475 0.028125 0.0578125
0 0.4609375 0.26015625 0.021875 0.059375
0 0.44765625 0.41484375 0.0203125 0.0640625
0 0.3796875 0.54609375 0.0234375 0.0734375
0 0.29609375 0.496875 0.0265625 0.0625
0 0.2578125 0.4890625 0.021875 0.0625
0 0.2234375 0.51171875 0.0296875 0.0609375
0 0.17421875 0.39453125 0.028125 0.0625
0 0.29453125 0.12890625 0.0171875 0.053125
0 0.75625 0.046875 0.01875 0.0390625