0 0.11015625 0.61953125 0.0203125 0.065625
0 0.1328125 0.6171875 0.021875 0.06875
0 0.20078125 0.340625 0.0171875 0.0625
0 0.2328125 0.49140625 0.021875 0.065625
0 0.2421875 0.4890625 0.0203125 0.0625
0 0.290625 0.60703125 0.0234375 0.0625
0 0.36171875 0.83984375 0.025 0.078125
0 0.378125 0.27109375 0.015625 0.0546875
0 0.4125 0.509375 0.0171875 0.0640625
0 0.40234375 0.559375 0.0171875 0.0546875
0 0.4140625 0.59375 0.028125 0.0640625
0 0.47265625 0.4828125 0.01875 0.0625
0 0.48984375 0.3765625 0.015625 0.0546875
0 0.52421875 0.34609375 0.0171875 0.0578125
0 0.54375 0.48671875 0.0234375 0.05625
0 0.5640625 0.27734375 0.0171875 0.0578125
0 0.5671875 0.42890625 0.0171875 0.0609375
0 0.625 0.5625 0.01875 0.0703125
0 0.71015625 0.5203125 0.021875 0.0609375
0 0.74765625 0.515625 0.0171875 0.0609375
0 0.7796875 0.53984375 0.025 0.059375
0 0.83515625 0.42890625 0.021875 0.0609375
0 0.7359375 0.1609375 0.0140625 0.0515625
0 0.290625 0.04765625 0.015625 0.0390625