0 0.784375 0.3375 0.0234375 0.0625
0 0.796875 0.659375 0.025 0.078125
0 0.76875 0.6734375 0.0265625 0.0734375
0 0.69140625 0.4796875 0.021875 0.0703125
0 0.67890625 0.48125 0.0203125 0.075
0 0.6921875 0.6546875 0.021875 0.0828125
0 0.6765625 0.63828125 0.0328125 0.0703125
0 0.603125 0.621875 0.03125 0.071875
0 0.59453125 0.49609375 0.021875 0.06875
0 0.5671875 0.24140625 0.0203125 0.0578125
0 0.478125 0.3546875 0.0203125 0.053125
0 0.51328125 0.46875 0.021875 0.0671875
0 0.428125 0.3359375 0.0203125 0.0609375
0 0.4296875 0.43359375 0.021875 0.0609375
0 0.4171875 0.4609375 0.025 0.0640625
0 0.41640625 0.54765625 0.028125 0.0703125
0 0.36015625 0.21875 0.01875 0.059375
0 0.21953125 0.0875 0.015625 0.05
0 0.26015625 0.4953125 0.0265625 0.0640625
0 0.2375 0.48125 0.021875 0.0640625
0 0.22109375 0.39765625 0.0171875 0.0609375
0 0.16875 0.37421875 0.021875 0.065625
0 0.63125 0.7984375 0.0265625 0.0828125