0 0.20859375 0.3640625 0.0265625 0.0640625
0 0.21953125 0.68984375 0.03125 0.08125
0 0.2484375 0.70234375 0.0328125 0.0765625
0 0.31328125 0.5015625 0.0265625 0.071875
0 0.32578125 0.50234375 0.0265625 0.0765625
0 0.32421875 0.67734375 0.028125 0.084375
0 0.33984375 0.6609375 0.0375 0.071875
0 0.41171875 0.6375 0.0375 0.0734375
0 0.4125 0.51171875 0.0265625 0.0703125
0 0.421875 0.2515625 0.0234375 0.059375
0 0.51953125 0.36015625 0.025 0.0546875
0 0.4921875 0.47734375 0.0265625 0.06875
0 0.56875 0.3375 0.025 0.0625
0 0.575 0.43671875 0.0265625 0.0625
0 0.5890625 0.46328125 0.0296875 0.065625
0 0.59609375 0.54921875 0.0328125 0.0734375
0 0.6296875 0.21328125 0.021875 0.0609375
0 0.7625 0.071875 0.01875 0.0515625
0 0.75 0.4859375 0.03125 0.0671875
0 0.77109375 0.47109375 0.0265625 0.065625
0 0.78203125 0.384375 0.0203125 0.0625
0 0.83359375 0.3578125 0.0265625 0.0671875
0 0.396875 0.81796875 0.0328125 0.084375