0 0.12421875 0.58515625 0.025 0.059375
0 0.19921875 0.57109375 0.028125 0.059375
0 0.2203125 0.303125 0.01875 0.0625
0 0.2921875 0.41171875 0.021875 0.053125
0 0.29375 0.5625 0.021875 0.0625
0 0.31171875 0.5890625 0.0203125 0.065625
0 0.32421875 0.46796875 0.0265625 0.0625
0 0.35390625 0.44921875 0.025 0.059375
0 0.403125 0.52109375 0.021875 0.065625
0 0.3453125 0.021875 0.0140625 0.025
0 0.38984375 0.74296875 0.0234375 0.0671875
0 0.459375 0.41875 0.01875 0.0609375
0 0.4859375 0.43515625 0.021875 0.0578125
0 0.465625 0.2453125 0.01875 0.053125
0 0.5 0.29765625 0.0234375 0.053125
0 0.50390625 0.34609375 0.0171875 0.046875
0 0.5203125 0.41796875 0.0203125 0.0546875
0 0.55390625 0.490625 0.0203125 0.065625
0 0.6375 0.240625 0.015625 0.0578125
0 0.69609375 0.36171875 0.0203125 0.0515625
0 0.66328125 0.45 0.0171875 0.0640625
0 0.678125 0.4734375 0.01875 0.0625
0 0.8125 0.40625 0.015625 0.0578125
0 0.78359375 0.12265625 0.0171875 0.0484375