0 0.89375 0.52890625 0.028125 0.0625
0 0.815625 0.52890625 0.0328125 0.0625
0 0.74140625 0.2625 0.021875 0.0640625
0 0.6890625 0.3859375 0.0265625 0.0546875
0 0.71796875 0.53828125 0.025 0.065625
0 0.70546875 0.56953125 0.025 0.0671875
0 0.66953125 0.44921875 0.0296875 0.065625
0 0.634375 0.4359375 0.028125 0.0609375
0 0.6 0.51875 0.0265625 0.06875
0 0.559375 0.0078125 0.015625 0.015625
0 0.65625 0.740625 0.0265625 0.0703125
0 0.52265625 0.4265625 0.021875 0.0625
0 0.4984375 0.4484375 0.025 0.059375
0 0.48125 0.25234375 0.021875 0.0546875
0 0.4578125 0.31171875 0.0265625 0.05625
0 0.4625 0.36171875 0.01875 0.0484375
0 0.4609375 0.4375 0.0234375 0.0578125
0 0.440625 0.5171875 0.025 0.06875
0 0.30625 0.28046875 0.01875 0.0609375
0 0.27109375 0.41484375 0.0234375 0.053125
0 0.321875 0.4984375 0.021875 0.0671875
0 0.31171875 0.525 0.021875 0.0640625
0 0.1625 0.48203125 0.0203125 0.0609375
0 0.13515625 0.190625 0.0203125 0.05