0 0.98203125 0.5078125 0.0203125 0.059375
0 0.8765625 0.52109375 0.0171875 0.0578125
0 0.73828125 0.4484375 0.0140625 0.0625
0 0.50703125 0.08203125 0.0109375 0.046875
0 0.66875 0.3609375 0.025 0.0515625
0 0.64921875 0.33515625 0.015625 0.053125
0 0.6984375 0.47109375 0.0171875 0.0609375
0 0.6796875 0.54609375 0.0171875 0.059375
0 0.4859375 0.26953125 0.015625 0.05
0 0.49140625 0.375 0.01875 0.0546875
0 0.471875 0.409375 0.0140625 0.046875
0 0.46875 0.46484375 0.0171875 0.059375
0 0.48125 0.4703125 0.0171875 0.05
0 0.51171875 0.4875 0.0171875 0.053125
0 0.5359375 0.553125 0.015625 0.059375
0 0.528125 0.5859375 0.015625 0.0671875
0 0.50546875 0.7609375 0.021875 0.0625
0 0.41875 0.5484375 0.0171875 0.0640625
0 0.27265625 0.4265625 0.0203125 0.053125
0 0.24921875 0.31875 0.0171875 0.0546875
0 0.2515625 0.56640625 0.0203125 0.065625
0 0.240625 0.5453125 0.0140625 0.0640625
0 0.07734375 0.53515625 0.0171875 0.059375
0 0.03671875 0.2453125 0.0140625 0.0546875