0 0.03515625 0.61953125 0.0203125 0.0546875
0 0.19921875 0.46875 0.0234375 0.053125
0 0.2234375 0.59921875 0.021875 0.053125
0 0.43671875 0.1640625 0.0140625 0.0421875
0 0.31796875 0.3375 0.0203125 0.0484375
0 0.34296875 0.40859375 0.0171875 0.0484375
0 0.38515625 0.54453125 0.03125 0.05625
0 0.4421875 0.4625 0.025 0.0546875
0 0.4671875 0.53359375 0.021875 0.0515625
0 0.5015625 0.7375 0.0265625 0.0625
0 0.50390625 0.47734375 0.0234375 0.0484375
0 0.509375 0.53125 0.0234375 0.0546875
0 0.49375 0.2984375 0.0171875 0.0421875
0 0.521875 0.33125 0.0171875 0.04375
0 0.5484375 0.3515625 0.015625 0.0421875
0 0.56640625 0.384375 0.025 0.0453125
0 0.55859375 0.4484375 0.0203125 0.053125
0 0.615625 0.30625 0.01875 0.0453125
0 0.66328125 0.3234375 0.0171875 0.0390625
0 0.65625 0.46796875 0.021875 0.0546875
0 0.66953125 0.45625 0.01875 0.0515625
0 0.775 0.4796875 0.0234375 0.0546875
0 0.80859375 0.23125 0.01875 0.046875
0 0.87578125 0.41875 0.01875 0.05