0 0.20390625 0.51328125 0.01875 0.05625
0 0.2140625 0.409375 0.015625 0.05625
0 0.3125 0.2859375 0.0171875 0.0453125
0 0.34296875 0.3953125 0.0203125 0.0515625
0 0.3515625 0.50390625 0.021875 0.05
0 0.4453125 0.715625 0.0203125 0.065625
0 0.44453125 0.425 0.01875 0.05
0 0.5015625 0.13515625 0.0140625 0.0390625
0 0.5109375 0.26328125 0.01875 0.040625
0 0.525 0.3140625 0.0203125 0.0484375
0 0.48984375 0.50859375 0.01875 0.05625
0 0.50546875 0.50078125 0.0203125 0.0546875
0 0.54296875 0.45859375 0.01875 0.0484375
0 0.559375 0.4265625 0.01875 0.0515625
0 0.58359375 0.36328125 0.021875 0.04375
0 0.60703125 0.33359375 0.0140625 0.0421875
0 0.62109375 0.32421875 0.0140625 0.0453125
0 0.64375 0.29765625 0.015625 0.0484375
0 0.671875 0.4734375 0.021875 0.046875
0 0.70703125 0.45859375 0.01875 0.0546875
0 0.80390625 0.48203125 0.01875 0.0546875
0 0.853125 0.46484375 0.0140625 0.0515625
0 0.86171875 0.27578125 0.0125 0.0453125