0 0.23203125 0.56171875 0.0234375 0.0546875
0 0.22421875 0.46171875 0.0203125 0.0546875
0 0.2984375 0.32734375 0.01875 0.04375
0 0.3453125 0.4265625 0.0234375 0.05
0 0.37265625 0.528125 0.025 0.05
0 0.4984375 0.71484375 0.0234375 0.0640625
0 0.44765625 0.4375 0.0203125 0.0484375
0 0.45390625 0.1515625 0.015625 0.0390625
0 0.48359375 0.271875 0.0203125 0.040625
0 0.50625 0.31796875 0.0234375 0.0484375
0 0.50546875 0.509375 0.0234375 0.05625
0 0.51875 0.5 0.021875 0.053125
0 0.54765625 0.45234375 0.0203125 0.046875
0 0.5578125 0.41953125 0.021875 0.0515625
0 0.5703125 0.35625 0.025 0.0421875
0 0.5875 0.32265625 0.0171875 0.0421875
0 0.59921875 0.3109375 0.015625 0.04375
0 0.61640625 0.2828125 0.0171875 0.046875
0 0.67265625 0.446875 0.0234375 0.046875
0 0.70390625 0.425 0.0203125 0.053125
0 0.80078125 0.43125 0.0203125 0.053125
0 0.8453125 0.40625 0.0171875 0.0515625
0 0.82109375 0.22421875 0.015625 0.04375
0 0.021875 0.60703125 0.021875 0.0546875