0 0.98203125 0.56875 0.0171875 0.0484375
0 0.94765625 0.396875 0.015625 0.0453125
0 0.940625 0.546875 0.015625 0.053125
0 0.8171875 0.53046875 0.0203125 0.05625
0 0.80078125 0.453125 0.0171875 0.053125
0 0.70703125 0.5421875 0.0203125 0.053125
0 0.7015625 0.40078125 0.01875 0.046875
0 0.671875 0.3296875 0.01875 0.0453125
0 0.61015625 0.45625 0.0171875 0.05625
0 0.521875 0.33515625 0.015625 0.046875
0 0.51171875 0.27890625 0.0125 0.04375
0 0.4984375 0.1546875 0.015625 0.0375
0 0.44609375 0.36640625 0.01875 0.0375
0 0.4 0.36171875 0.01875 0.0421875
0 0.47734375 0.51953125 0.015625 0.0546875
0 0.47265625 0.4734375 0.01875 0.05
0 0.45234375 0.42890625 0.0203125 0.05
0 0.43046875 0.4546875 0.0140625 0.0484375
0 0.4296875 0.51171875 0.01875 0.0546875
0 0.44765625 0.7359375 0.0171875 0.059375
0 0.35 0.5140625 0.0171875 0.05625
0 0.3109375 0.2984375 0.015625 0.0484375
0 0.23125 0.45234375 0.0171875 0.0546875
0 0.1640625 0.50703125 0.021875 0.05625
0 0.08359375 0.48515625 0.015625 0.0546875
0 0.06328125 0.2578125 0.0140625 0.0421875