0 0.028125 0.52109375 0.0125 0.0453125
0 0.0734375 0.35703125 0.0109375 0.04375
0 0.06953125 0.50234375 0.0125 0.05
0 0.18984375 0.4953125 0.015625 0.053125
0 0.2109375 0.42109375 0.0140625 0.05
0 0.29609375 0.5140625 0.015625 0.05
0 0.3109375 0.37734375 0.015625 0.04375
0 0.34453125 0.3109375 0.015625 0.0421875
0 0.3953125 0.43671875 0.0125 0.053125
0 0.48828125 0.3265625 0.0125 0.0453125
0 0.50234375 0.27265625 0.009375 0.0421875
0 0.5234375 0.153125 0.0125 0.0359375
0 0.559375 0.36171875 0.015625 0.034375
0 0.6046875 0.359375 0.015625 0.040625
0 0.51875 0.5078125 0.0125 0.053125
0 0.5265625 0.4640625 0.015625 0.046875
0 0.54921875 0.421875 0.0171875 0.046875
0 0.56875 0.4484375 0.009375 0.046875
0 0.565625 0.503125 0.015625 0.0515625
0 0.53359375 0.71875 0.0125 0.05625
0 0.6421875 0.5109375 0.0125 0.053125
0 0.69453125 0.3046875 0.0125 0.046875
0 0.7609375 0.459375 0.0140625 0.0515625
0 0.821875 0.51640625 0.0171875 0.053125
0 0.9015625 0.50078125 0.0125 0.053125
0 0.93671875 0.2828125 0.0125 0.040625