0 0.04609375 0.27578125 0.01875 0.0515625
0 0.00859375 0.45703125 0.0171875 0.05625
0 0.1109375 0.45 0.021875 0.0578125
0 0.19140625 0.3359375 0.0203125 0.0578125
0 0.23984375 0.48203125 0.01875 0.059375
0 0.2859375 0.4 0.0203125 0.0546875
0 0.3140625 0.31171875 0.01875 0.0484375
0 0.33125 0.265625 0.0171875 0.0484375
0 0.3890625 0.33984375 0.0171875 0.05
0 0.39140625 0.45 0.0203125 0.0546875
0 0.41796875 0.3484375 0.01875 0.05
0 0.46171875 0.3015625 0.015625 0.0546875
0 0.4453125 0.4296875 0.0140625 0.0578125
0 0.44921875 0.503125 0.0203125 0.0609375
0 0.51328125 0.425 0.015625 0.053125
0 0.51640625 0.7453125 0.0203125 0.0734375
0 0.53125 0.07421875 0.0125 0.0453125
0 0.503125 0.2265625 0.015625 0.0453125
0 0.57578125 0.515625 0.01875 0.0609375
0 0.5828125 0.49765625 0.015625 0.0546875
0 0.70546875 0.2625 0.015625 0.0515625
0 0.76484375 0.4265625 0.01875 0.0578125
0 0.8015625 0.54453125 0.0203125 0.0578125
0 0.99765625 0.26328125 0.0046875 0.0578125
0 0.93359375 0.50859375 0.01875 0.059375