0 0.99375 0.51484375 0.0125 0.0546875
0 0.9015625 0.3203125 0.01875 0.0484375
0 0.940625 0.4921875 0.01875 0.0546875
0 0.84375 0.48515625 0.021875 0.0546875
0 0.765625 0.3796875 0.0203125 0.0546875
0 0.72265625 0.51796875 0.01875 0.05625
0 0.67734375 0.44140625 0.0203125 0.0515625
0 0.64921875 0.359375 0.01875 0.046875
0 0.6328125 0.31640625 0.0171875 0.046875
0 0.5796875 0.38671875 0.0171875 0.0484375
0 0.57890625 0.490625 0.0203125 0.0515625
0 0.55234375 0.3953125 0.01875 0.046875
0 0.51015625 0.3515625 0.015625 0.0515625
0 0.528125 0.471875 0.0140625 0.0546875
0 0.52578125 0.54140625 0.01875 0.0578125
0 0.46328125 0.46875 0.015625 0.05
0 0.465625 0.77109375 0.0203125 0.0703125
0 0.44140625 0.13828125 0.0125 0.04375
0 0.46953125 0.28125 0.015625 0.04375
0 0.40625 0.55625 0.01875 0.059375
0 0.3984375 0.53828125 0.015625 0.0515625
0 0.27890625 0.31875 0.015625 0.0484375
0 0.22578125 0.4734375 0.01875 0.0546875
0 0.19375 0.58671875 0.0203125 0.0546875
0 0.003125 0.32421875 0.00625 0.0546875
0 0.06875 0.55546875 0.01875 0.05625