0 0.95234375 0.40703125 0.028125 0.0640625
0 0.9203125 0.21484375 0.0140625 0.059375
0 0.81875 0.19375 0.0140625 0.059375
0 0.5703125 0.0140625 0.0125 0.028125
0 0.59765625 0.17578125 0.015625 0.053125
0 0.5796875 0.24765625 0.01875 0.059375
0 0.53671875 0.26328125 0.0140625 0.053125
0 0.5390625 0.1734375 0.015625 0.0578125
0 0.6125 0.53828125 0.025 0.0703125
0 0.48046875 0.7234375 0.01875 0.078125
0 0.5234375 0.4671875 0.0234375 0.065625
0 0.49296875 0.1578125 0.0140625 0.059375
0 0.43046875 0.24375 0.028125 0.05
0 0.396875 0.20625 0.0234375 0.04375
0 0.3859375 0.18671875 0.0140625 0.034375
0 0.35390625 0.36796875 0.015625 0.0640625
0 0.3171875 0.39140625 0.0203125 0.059375
0 0.22265625 0.4671875 0.0203125 0.0703125
0 0.23125 0.28828125 0.0203125 0.059375
0 0.17109375 0.3125 0.0203125 0.059375
0 0.1578125 0.35 0.0171875 0.0640625
0 0.1 0.36328125 0.0265625 0.059375
0 0.12734375 0.1421875 0.0140625 0.053125
0 0.15625 0.5515625 0.01875 0.0796875