0 0.10078125 0.3875 0.0328125 0.065625
0 0.15 0.19609375 0.01875 0.0609375
0 0.253125 0.18515625 0.01875 0.0609375
0 0.5171875 0.0203125 0.015625 0.040625
0 0.47734375 0.1859375 0.0203125 0.0546875
0 0.4875 0.26015625 0.0234375 0.059375
0 0.53046875 0.2796875 0.01875 0.0546875
0 0.5359375 0.18984375 0.0203125 0.0578125
0 0.4296875 0.5484375 0.03125 0.071875
0 0.54609375 0.7453125 0.0265625 0.0796875
0 0.52421875 0.48515625 0.0296875 0.0671875
0 0.5828125 0.17734375 0.01875 0.059375
0 0.6375 0.26953125 0.0328125 0.053125
0 0.675 0.23515625 0.028125 0.0453125
0 0.68671875 0.21640625 0.0171875 0.0359375
0 0.703125 0.4 0.021875 0.065625
0 0.73828125 0.4265625 0.025 0.0625
0 0.8265625 0.5109375 0.0265625 0.071875
0 0.8328125 0.33046875 0.025 0.0625
0 0.89140625 0.3609375 0.025 0.0625
0 0.9015625 0.3984375 0.0234375 0.065625
0 0.9578125 0.41796875 0.03125 0.0609375
0 0.95 0.19375 0.01875 0.0546875
0 0.88515625 0.6015625 0.0265625 0.08125