0 0.003125 0.36484375 0.00625 0.0578125
0 0.01875 0.58984375 0.028125 0.059375
0 0.125 0.59609375 0.025 0.059375
0 0.2203125 0.44609375 0.021875 0.0578125
0 0.240625 0.42109375 0.01875 0.0515625
0 0.2765625 0.32421875 0.0203125 0.0515625
0 0.29296875 0.490625 0.021875 0.0515625
0 0.3390625 0.58046875 0.0203125 0.0578125
0 0.3625 0.51953125 0.0203125 0.0484375
0 0.3625 0.42890625 0.0203125 0.0453125
0 0.38125 0.4 0.01875 0.05
0 0.45625 0.0765625 0.015625 0.040625
0 0.45859375 0.2640625 0.01875 0.0484375
0 0.4546875 0.33515625 0.0171875 0.0515625
0 0.49765625 0.4625 0.025 0.05625
0 0.48203125 0.5078125 0.0296875 0.0578125
0 0.484375 0.57109375 0.028125 0.0625
0 0.559375 0.80078125 0.028125 0.0734375
0 0.6125 0.26171875 0.0171875 0.0484375
0 0.6484375 0.49921875 0.025 0.0578125
0 0.640625 0.553125 0.0296875 0.0640625
0 0.746875 0.39453125 0.021875 0.053125
0 0.7984375 0.5578125 0.0296875 0.065625
0 0.93125 0.46484375 0.025 0.05625
0 0.940625 0.19296875 0.0203125 0.053125