0 0.89375 0.2875 0.0203125 0.0515625
0 0.9265625 0.490625 0.028125 0.0546875
0 0.834375 0.521875 0.025 0.0546875
0 0.71484375 0.4125 0.0203125 0.0515625
0 0.69140625 0.39453125 0.01875 0.0484375
0 0.6359375 0.31796875 0.01875 0.046875
0 0.6609375 0.46796875 0.0203125 0.0484375
0 0.64140625 0.55859375 0.01875 0.0515625
0 0.60625 0.509375 0.01875 0.04375
0 0.58515625 0.43046875 0.01875 0.0421875
0 0.5609375 0.40859375 0.01875 0.0453125
0 0.41875 0.14140625 0.015625 0.0375
0 0.4609375 0.3078125 0.0171875 0.04375
0 0.48125 0.36875 0.0171875 0.0484375
0 0.4734375 0.4921875 0.0234375 0.0515625
0 0.4984375 0.52890625 0.028125 0.053125
0 0.5109375 0.584375 0.0265625 0.0578125
0 0.4984375 0.80390625 0.0265625 0.0671875
0 0.325 0.3421875 0.0171875 0.04375
0 0.34921875 0.56015625 0.0234375 0.053125
0 0.36875 0.60546875 0.028125 0.0578125
0 0.2375 0.49140625 0.0203125 0.0484375
0 0.23046875 0.646875 0.028125 0.0609375
0 0.09140625 0.596875 0.0234375 0.0515625
0 0.01875 0.359375 0.01875 0.0484375