0 0.821875 0.59453125 0.028125 0.065625
0 0.71015625 0.4109375 0.0265625 0.059375
0 0.7140625 0.59453125 0.028125 0.0671875
0 0.6515625 0.4671875 0.0265625 0.0625
0 0.67421875 0.32578125 0.0234375 0.0578125
0 0.58203125 0.64765625 0.025 0.065625
0 0.546875 0.63984375 0.0265625 0.065625
0 0.56953125 0.52734375 0.025 0.065625
0 0.578125 0.41484375 0.021875 0.0546875
0 0.5453125 0.3859375 0.01875 0.0484375
0 0.52890625 0.2609375 0.01875 0.0453125
0 0.5203125 0.3 0.021875 0.053125
0 0.54140625 0.025 0.0171875 0.0421875
0 0.428125 0.23984375 0.0171875 0.0515625
0 0.421875 0.5703125 0.0265625 0.0640625
0 0.41875 0.52734375 0.0265625 0.0578125
0 0.38046875 0.4796875 0.025 0.0609375
0 0.38828125 0.428125 0.0234375 0.0578125
0 0.3125 0.45390625 0.025 0.0578125
0 0.3046875 0.46953125 0.0234375 0.0609375
0 0.25078125 0.5375 0.0265625 0.0640625
0 0.084375 0.47890625 0.0265625 0.065625
0 0.1171875 0.13046875 0.01875 0.0515625
0 0.4890625 0.76953125 0.046875 0.0359375