0 0.928125 0.56875 0.01875 0.0625
0 0.70859375 0.51171875 0.01875 0.0609375
0 0.67890625 0.36640625 0.0203125 0.059375
0 0.6375 0.26875 0.0171875 0.05625
0 0.61484375 0.4109375 0.01875 0.0578125
0 0.57421875 0.46875 0.0203125 0.06875
0 0.63515625 0.64453125 0.0171875 0.0640625
0 0.5328125 0.6734375 0.01875 0.059375
0 0.52421875 0.73046875 0.0265625 0.0515625
0 0.47890625 0.58984375 0.021875 0.065625
0 0.4640625 0.53046875 0.0125 0.059375
0 0.509375 0.3984375 0.0140625 0.053125
0 0.48046875 0.34609375 0.0140625 0.0515625
0 0.45234375 0.228125 0.0140625 0.0484375
0 0.4375 0.25546875 0.0125 0.053125
0 0.3765625 0.23984375 0.0125 0.053125
0 0.41484375 0.009375 0.0125 0.015625
0 0.03515625 0.1671875 0.015625 0.0515625
0 0.10703125 0.521875 0.021875 0.0609375
0 0.24609375 0.5265625 0.01875 0.0625
0 0.2765625 0.44375 0.015625 0.0625
0 0.3171875 0.4765625 0.01875 0.0609375
0 0.375 0.4765625 0.01875 0.0640625
0 0.39453125 0.46171875 0.021875 0.0609375