0 0.84296875 0.5375 0.0234375 0.059375
0 0.82109375 0.57265625 0.021875 0.0546875
0 0.83359375 0.725 0.0265625 0.0609375
0 0.7640625 0.84921875 0.0296875 0.065625
0 0.746875 0.4953125 0.021875 0.05625
0 0.7078125 0.3734375 0.01875 0.0515625
0 0.69375 0.48828125 0.0234375 0.059375
0 0.6640625 0.7984375 0.0234375 0.06875
0 0.66328125 0.5 0.025 0.0578125
0 0.6171875 0.60390625 0.0234375 0.059375
0 0.57734375 0.16171875 0.0171875 0.040625
0 0.528125 0.32890625 0.01875 0.0578125
0 0.525 0.4265625 0.01875 0.046875
0 0.52421875 0.61875 0.0265625 0.0578125
0 0.47734375 0.48125 0.0203125 0.05625
0 0.47421875 0.434375 0.0265625 0.0453125
0 0.46484375 0.33984375 0.0171875 0.0484375
0 0.4515625 0.340625 0.01875 0.05
0 0.434375 0.5890625 0.0203125 0.059375
0 0.29609375 0.62890625 0.0234375 0.0625
0 0.27421875 0.59140625 0.025 0.059375
0 0.3140625 0.403125 0.021875 0.05625
0 0.2375 0.4640625 0.021875 0.0546875
0 0.09765625 0.246875 0.0203125 0.0515625