0 0.84453125 0.46875 0.01875 0.0578125
0 0.83125 0.50703125 0.0171875 0.0546875
0 0.87421875 0.65078125 0.0234375 0.059375
0 0.83359375 0.78359375 0.025 0.0640625
0 0.74453125 0.44921875 0.01875 0.0546875
0 0.6828125 0.340625 0.015625 0.05
0 0.6921875 0.45390625 0.01875 0.0578125
0 0.7265625 0.75546875 0.0171875 0.065625
0 0.665625 0.4703125 0.0203125 0.0546875
0 0.64296875 0.5796875 0.01875 0.0578125
0 0.51484375 0.1640625 0.0140625 0.0390625
0 0.5015625 0.334375 0.0140625 0.0546875
0 0.51875 0.428125 0.0140625 0.0453125
0 0.55625 0.61171875 0.021875 0.0546875
0 0.484375 0.48984375 0.015625 0.0546875
0 0.471875 0.4453125 0.021875 0.0421875
0 0.44296875 0.3578125 0.0140625 0.046875
0 0.43046875 0.36171875 0.015625 0.0484375
0 0.46484375 0.6015625 0.0171875 0.0578125
0 0.340625 0.66875 0.01875 0.0609375
0 0.31171875 0.63671875 0.0203125 0.0578125
0 0.31171875 0.44921875 0.0171875 0.0546875
0 0.25 0.521875 0.01875 0.0546875
0 0.0734375 0.34375 0.0171875 0.05