0 0.5015625 0.17890625 0.0171875 0.0390625
0 0.69921875 0.34140625 0.01875 0.046875
0 0.746875 0.41015625 0.021875 0.053125
0 0.82734375 0.4125 0.01875 0.04375
0 0.82890625 0.446875 0.01875 0.0453125
0 0.68671875 0.4640625 0.0203125 0.053125
0 0.640625 0.4671875 0.0203125 0.0546875
0 0.65234375 0.54453125 0.0203125 0.0578125
0 0.64296875 0.62421875 0.025 0.0578125
0 0.74375 0.7515625 0.025 0.0671875
0 0.87265625 0.80625 0.028125 0.0671875
0 0.92109375 0.5984375 0.0296875 0.0609375
0 0.503125 0.34765625 0.0171875 0.046875
0 0.525 0.4296875 0.01875 0.0453125
0 0.5046875 0.46875 0.01875 0.05
0 0.453125 0.4390625 0.01875 0.046875
0 0.47265625 0.56328125 0.0203125 0.053125
0 0.41953125 0.36484375 0.015625 0.046875
0 0.3859375 0.40390625 0.01875 0.0546875
0 0.3171875 0.44375 0.021875 0.0515625
0 0.0828125 0.3890625 0.01875 0.0453125
0 0.22890625 0.51875 0.01875 0.0515625
0 0.36484375 0.6578125 0.0234375 0.05625
0 0.34765625 0.73984375 0.025 0.065625