0 0.4859375 0.11171875 0.01875 0.0421875
0 0.70234375 0.2765625 0.0203125 0.05
0 0.75546875 0.3484375 0.025 0.05625
0 0.84140625 0.346875 0.0203125 0.046875
0 0.84453125 0.38359375 0.021875 0.0484375
0 0.69375 0.40703125 0.0234375 0.0578125
0 0.6453125 0.41171875 0.0234375 0.0578125
0 0.66015625 0.49453125 0.025 0.0609375
0 0.65390625 0.57890625 0.0296875 0.0625
0 0.76484375 0.71015625 0.028125 0.0703125
0 0.9046875 0.76484375 0.03125 0.071875
0 0.9484375 0.5421875 0.0328125 0.065625
0 0.49453125 0.28984375 0.0203125 0.05
0 0.52109375 0.3765625 0.0203125 0.0484375
0 0.5015625 0.41953125 0.021875 0.053125
0 0.44453125 0.3890625 0.021875 0.05
0 0.4703125 0.52109375 0.0234375 0.0578125
0 0.40625 0.31171875 0.0171875 0.05
0 0.37265625 0.3546875 0.021875 0.0578125
0 0.30078125 0.39921875 0.025 0.0546875
0 0.05 0.35 0.021875 0.0484375
0 0.209375 0.4828125 0.0203125 0.0546875
0 0.359375 0.62578125 0.028125 0.0609375
0 0.34296875 0.71328125 0.028125 0.0703125