0 0.9453125 0.66015625 0.0203125 0.0578125
0 0.83125 0.4359375 0.0171875 0.0453125
0 0.815625 0.453125 0.0171875 0.0515625
0 0.99375 0.41484375 0.0125 0.0421875
0 0.76640625 0.3921875 0.0125 0.0484375
0 0.696875 0.42421875 0.015625 0.05
0 0.5171875 0.1984375 0.015625 0.0375
0 0.6625 0.5203125 0.0140625 0.0515625
0 0.646875 0.54296875 0.0171875 0.0546875
0 0.72265625 0.70625 0.0171875 0.059375
0 0.58984375 0.86796875 0.01875 0.0625
0 0.52421875 0.7890625 0.0171875 0.0640625
0 0.57265625 0.5203125 0.015625 0.05625
0 0.553125 0.51953125 0.021875 0.0546875
0 0.50703125 0.5109375 0.0203125 0.05
0 0.553125 0.36171875 0.015625 0.04375
0 0.5359375 0.42890625 0.0140625 0.0453125
0 0.496875 0.4125 0.0140625 0.0453125
0 0.39453125 0.365625 0.0125 0.05
0 0.33984375 0.3625 0.0140625 0.0421875
0 0.2640625 0.40546875 0.015625 0.05
0 0.11640625 0.4421875 0.01875 0.0546875
0 0.0734375 0.3328125 0.015625 0.046875
0 0.31640625 0.646875 0.0171875 0.0546875
0 0.23203125 0.78671875 0.0234375 0.065625