0 0.834375 0.25 0.0203125 0.0609375
0 0.86875 0.2921875 0.01875 0.0640625
0 0.8671875 0.50625 0.01875 0.08125
0 0.584375 0.078125 0.0171875 0.0515625
0 0.62265625 0.19375 0.015625 0.0640625
0 0.52109375 0.30625 0.0203125 0.0625
0 0.48828125 0.340625 0.015625 0.059375
0 0.45078125 0.15234375 0.0171875 0.0515625
0 0.4234375 0.16015625 0.0171875 0.0515625
0 0.346875 0.25859375 0.015625 0.05625
0 0.30546875 0.16953125 0.0171875 0.0578125
0 0.28046875 0.18203125 0.0171875 0.0578125
0 0.13203125 0.178125 0.015625 0.05625
0 0.1671875 0.35703125 0.01875 0.0671875
0 0.20703125 0.35703125 0.0203125 0.0671875
0 0.21875 0.4 0.0203125 0.0578125
0 0.096875 0.45234375 0.0203125 0.071875
0 0.2171875 0.58515625 0.0234375 0.08125
0 0.25625 0.6203125 0.021875 0.0734375
0 0.4265625 0.453125 0.0265625 0.06875
0 0.39453125 0.44140625 0.0171875 0.0734375
0 0.5671875 0.5828125 0.01875 0.078125
0 0.50625 0.59375 0.0203125 0.0734375
0 0.578125 0.9 0.0234375 0.08125