0 0.803125 0.23359375 0.01875 0.0578125
0 0.83359375 0.275 0.0171875 0.0609375
0 0.82109375 0.47890625 0.015625 0.0765625
0 0.57265625 0.0578125 0.015625 0.05
0 0.603125 0.16875 0.0140625 0.0609375
0 0.50078125 0.271875 0.01875 0.059375
0 0.4671875 0.30234375 0.0140625 0.05625
0 0.440625 0.12109375 0.015625 0.05
0 0.4140625 0.128125 0.015625 0.05
0 0.33671875 0.21640625 0.0140625 0.053125
0 0.3015625 0.13046875 0.015625 0.0546875
0 0.27734375 0.140625 0.015625 0.0546875
0 0.13515625 0.13046875 0.0140625 0.053125
0 0.1609375 0.30234375 0.0171875 0.0640625
0 0.1984375 0.30390625 0.01875 0.0640625
0 0.20703125 0.3453125 0.01875 0.0546875
0 0.0875 0.38984375 0.0171875 0.06875
0 0.19609375 0.521875 0.0203125 0.078125
0 0.2328125 0.55703125 0.0203125 0.0703125
0 0.403125 0.40703125 0.0234375 0.065625
0 0.3734375 0.39375 0.015625 0.0703125
0 0.53046875 0.5375 0.015625 0.075
0 0.471875 0.54375 0.01875 0.0703125
0 0.52578125 0.840625 0.021875 0.078125