0 0.4734375 0.20234375 0.015625 0.0390625
0 0.4078125 0.36484375 0.015625 0.0453125
0 0.31484375 0.4421875 0.01875 0.046875
0 0.23671875 0.3875 0.015625 0.0453125
0 0.19609375 0.4109375 0.0171875 0.046875
0 0.24609375 0.45703125 0.0203125 0.0453125
0 0.328125 0.64375 0.0171875 0.0546875
0 0.38828125 0.52578125 0.0203125 0.046875
0 0.4234375 0.55390625 0.0203125 0.0515625
0 0.46640625 0.4 0.0171875 0.0421875
0 0.46953125 0.39296875 0.0140625 0.0359375
0 0.4703125 0.4390625 0.015625 0.046875
0 0.56875 0.4953125 0.0203125 0.0421875
0 0.5875 0.5234375 0.0203125 0.046875
0 0.62578125 0.34921875 0.015625 0.05
0 0.66328125 0.35546875 0.0203125 0.05
0 0.746875 0.365625 0.01875 0.046875
0 0.8953125 0.3625 0.01875 0.053125
0 0.90625 0.29375 0.015625 0.040625
0 0.775 0.7140625 0.021875 0.0578125
0 0.61875 0.66328125 0.025 0.0515625
0 0.50078125 0.7125 0.0203125 0.0609375
0 0.534375 0.85234375 0.025 0.0609375
0 0.09453125 0.5921875 0.0203125 0.0546875
0 0.03046875 0.4609375 0.01875 0.046875