0 0.5484375 0.2125 0.015625 0.0390625
0 0.4453125 0.35390625 0.015625 0.0453125
0 0.33671875 0.40703125 0.01875 0.046875
0 0.27421875 0.334375 0.015625 0.0453125
0 0.22890625 0.346875 0.0171875 0.046875
0 0.26640625 0.4046875 0.0203125 0.0453125
0 0.30078125 0.60546875 0.0171875 0.0546875
0 0.3875 0.50546875 0.0203125 0.046875
0 0.41484375 0.540625 0.0203125 0.0515625
0 0.49375 0.40234375 0.0171875 0.0421875
0 0.4984375 0.39609375 0.0140625 0.0359375
0 0.48828125 0.44140625 0.015625 0.046875
0 0.5703125 0.51953125 0.0203125 0.0421875
0 0.58203125 0.55078125 0.0203125 0.046875
0 0.66015625 0.39140625 0.015625 0.05
0 0.6953125 0.40703125 0.0203125 0.05
0 0.77421875 0.43671875 0.01875 0.046875
0 0.91953125 0.46953125 0.01875 0.053125
0 0.94609375 0.40546875 0.015625 0.040625
0 0.7171875 0.78203125 0.021875 0.0578125
0 0.57734375 0.69453125 0.025 0.0515625
0 0.4515625 0.7140625 0.0203125 0.0609375
0 0.45078125 0.8578125 0.025 0.0609375
0 0.0859375 0.4984375 0.0203125 0.0546875
0 0.05625 0.35546875 0.01875 0.046875