0 0.5171875 0.15625 0.0140625 0.0421875
0 0.48125 0.3296875 0.0140625 0.0515625
0 0.51953125 0.37734375 0.015625 0.0484375
0 0.54609375 0.38828125 0.015625 0.0453125
0 0.475 0.40625 0.015625 0.0546875
0 0.259375 0.3453125 0.01875 0.0484375
0 0.228125 0.353125 0.0171875 0.04375
0 0.24296875 0.59609375 0.01875 0.05625
0 0.3046875 0.4953125 0.025 0.0421875
0 0.33984375 0.50625 0.0203125 0.0609375
0 0.43125 0.5859375 0.01875 0.065625
0 0.403125 0.6875 0.0265625 0.0625
0 0.48359375 0.5921875 0.021875 0.065625
0 0.50625 0.89375 0.0203125 0.0671875
0 0.60546875 0.65859375 0.015625 0.0609375
0 0.62421875 0.5796875 0.015625 0.05625
0 0.640625 0.56640625 0.0171875 0.059375
0 0.67890625 0.33046875 0.0171875 0.0484375
0 0.71875 0.3375 0.015625 0.05
0 0.80078125 0.35234375 0.015625 0.05
0 0.95703125 0.36015625 0.0140625 0.053125
0 0.97890625 0.29765625 0.0109375 0.0453125
0 0.7671875 0.73359375 0.0234375 0.0671875
0 0.046875 0.5421875 0.015625 0.059375
0 0.00703125 0.40859375 0.0140625 0.0515625