0 0.53828125 0.20234375 0.01875 0.0390625
0 0.5515625 0.3609375 0.0171875 0.046875
0 0.5125 0.40078125 0.01875 0.0453125
0 0.48671875 0.4078125 0.01875 0.0421875
0 0.54921875 0.43203125 0.0203125 0.05
0 0.75 0.4 0.021875 0.0453125
0 0.7765625 0.4109375 0.0203125 0.0421875
0 0.73671875 0.62578125 0.021875 0.053125
0 0.6921875 0.5296875 0.028125 0.040625
0 0.659375 0.53671875 0.0234375 0.05625
0 0.56875 0.596875 0.025 0.0609375
0 0.5828125 0.69140625 0.0296875 0.0578125
0 0.52109375 0.596875 0.0265625 0.0609375
0 0.46796875 0.8640625 0.025 0.0625
0 0.40390625 0.64296875 0.0203125 0.05625
0 0.39609375 0.56953125 0.0203125 0.0515625
0 0.3828125 0.55546875 0.021875 0.053125
0 0.37421875 0.340625 0.0203125 0.0453125
0 0.33828125 0.3421875 0.01875 0.046875
0 0.2625 0.34765625 0.01875 0.046875
0 0.12109375 0.3375 0.01875 0.0484375
0 0.10859375 0.278125 0.0140625 0.0421875
0 0.25078125 0.6921875 0.028125 0.0625
0 0.91953125 0.60078125 0.021875 0.0546875
0 0.96953125 0.48515625 0.0203125 0.046875