0 0.965625 0.50859375 0.0203125 0.0515625
0 0.796875 0.66796875 0.0234375 0.0515625
0 0.76328125 0.56953125 0.01875 0.05625
0 0.74609375 0.60703125 0.01875 0.0578125
0 0.76328125 0.425 0.025 0.0515625
0 0.75859375 0.43203125 0.0203125 0.05
0 0.7203125 0.715625 0.0203125 0.0609375
0 0.6453125 0.6296875 0.0171875 0.0578125
0 0.59453125 0.64296875 0.0171875 0.0578125
0 0.5609375 0.91484375 0.021875 0.065625
0 0.6078125 0.46171875 0.0171875 0.0515625
0 0.57421875 0.40078125 0.015625 0.046875
0 0.54140625 0.225 0.015625 0.040625
0 0.5140625 0.471875 0.0140625 0.0421875
0 0.471875 0.48203125 0.015625 0.0515625
0 0.4171875 0.58671875 0.0140625 0.0609375
0 0.4125 0.5984375 0.0171875 0.0515625
0 0.38984375 0.38671875 0.0140625 0.0515625
0 0.346875 0.38984375 0.0171875 0.05
0 0.2734375 0.40546875 0.0171875 0.0546875
0 0.11171875 0.41953125 0.015625 0.0515625
0 0.078125 0.365625 0.0125 0.05
0 0.459375 0.7 0.0140625 0.0609375
0 0.34375 0.7515625 0.0171875 0.0640625