0 0.03125 0.49140625 0.01875 0.046875
0 0.09140625 0.5203125 0.021875 0.0484375
0 0.25625 0.66015625 0.0234375 0.0484375
0 0.28203125 0.5671875 0.0203125 0.053125
0 0.3 0.6015625 0.0203125 0.0546875
0 0.27578125 0.4328125 0.025 0.0484375
0 0.28046875 0.43828125 0.021875 0.046875
0 0.3296875 0.7 0.021875 0.05625
0 0.39453125 0.61640625 0.01875 0.0546875
0 0.44296875 0.6265625 0.01875 0.0546875
0 0.48828125 0.87734375 0.0234375 0.0625
0 0.421875 0.459375 0.01875 0.0484375
0 0.44921875 0.4015625 0.0171875 0.0453125
0 0.471875 0.2359375 0.0171875 0.0375
0 0.509375 0.46328125 0.015625 0.040625
0 0.54921875 0.47109375 0.0171875 0.0484375
0 0.6046875 0.56640625 0.0171875 0.0578125
0 0.61015625 0.5765625 0.01875 0.0484375
0 0.6203125 0.37890625 0.015625 0.0484375
0 0.66015625 0.38046875 0.01875 0.046875
0 0.7296875 0.390625 0.01875 0.0515625
0 0.88046875 0.3953125 0.0171875 0.0484375
0 0.909375 0.34453125 0.0140625 0.046875
0 0.571875 0.6734375 0.0171875 0.05625
0 0.68125 0.715625 0.01875 0.0609375