0 0.52109375 0.20703125 0.0203125 0.0484375
0 0.25078125 0.41015625 0.0296875 0.0578125
0 0.2625 0.42109375 0.021875 0.0578125
0 0.25234375 0.61953125 0.0234375 0.0578125
0 0.2609375 0.62421875 0.0296875 0.06875
0 0.30859375 0.7078125 0.03125 0.065625
0 0.3234375 0.684375 0.0296875 0.0625
0 0.35234375 0.74609375 0.0296875 0.0671875
0 0.41484375 0.72421875 0.0328125 0.0765625
0 0.37734375 0.97890625 0.0234375 0.021875
0 0.52265625 0.7671875 0.025 0.075
0 0.590625 0.83125 0.0328125 0.0765625
0 0.42734375 0.51953125 0.0234375 0.0609375
0 0.47265625 0.4125 0.0234375 0.053125
0 0.5328125 0.52265625 0.021875 0.05625
0 0.565625 0.53203125 0.021875 0.05625
0 0.6625 0.41953125 0.0203125 0.0578125
0 0.7265625 0.4390625 0.0234375 0.0578125
0 0.81875 0.4609375 0.021875 0.059375
0 0.9875 0.49609375 0.021875 0.0625
0 0.58046875 0.65546875 0.0265625 0.065625
0 0.59375 0.64609375 0.021875 0.059375