0 0.503125 0.21484375 0.015625 0.046875
0 0.74765625 0.44140625 0.0234375 0.0546875
0 0.734375 0.45234375 0.015625 0.05625
0 0.72421875 0.64765625 0.0171875 0.0546875
0 0.71484375 0.6515625 0.021875 0.0671875
0 0.66015625 0.72890625 0.025 0.0640625
0 0.6484375 0.7046875 0.0234375 0.059375
0 0.6125 0.76328125 0.0234375 0.0640625
0 0.55390625 0.73515625 0.025 0.0734375
0 0.5640625 0.98984375 0.0203125 0.01875
0 0.44375 0.765625 0.0171875 0.0734375
0 0.36953125 0.82265625 0.025 0.075
0 0.5625 0.53125 0.01875 0.059375
0 0.528125 0.42109375 0.01875 0.0515625
0 0.459375 0.5234375 0.015625 0.0546875
0 0.42578125 0.52890625 0.0171875 0.0546875
0 0.34140625 0.40859375 0.0140625 0.05625
0 0.27734375 0.42109375 0.01875 0.0546875
0 0.18359375 0.43359375 0.015625 0.059375
0 0.0140625 0.45 0.015625 0.0609375
0 0.3984375 0.64921875 0.0203125 0.0640625
0 0.3859375 0.63984375 0.0171875 0.0578125