0 0.80625 0.3796875 0.0234375 0.0484375
0 0.740625 0.4109375 0.0171875 0.0625
0 0.6234375 0.284375 0.0171875 0.05
0 0.60703125 0.29375 0.0203125 0.0515625
0 0.55234375 0.29140625 0.0140625 0.0484375
0 0.59375 0.45234375 0.0203125 0.053125
0 0.66328125 0.50390625 0.01875 0.0640625
0 0.603125 0.57578125 0.0171875 0.0640625
0 0.5359375 0.43125 0.0171875 0.0546875
0 0.5140625 0.525 0.01875 0.059375
0 0.43359375 0.3890625 0.0171875 0.0515625
0 0.49765625 0.65078125 0.021875 0.0625
0 0.50703125 0.88828125 0.0234375 0.071875
0 0.3640625 0.66484375 0.021875 0.0671875
0 0.35234375 0.64375 0.0203125 0.0703125
0 0.3453125 0.528125 0.01875 0.0578125
0 0.3296875 0.53984375 0.01875 0.0578125
0 0.3296875 0.415625 0.01875 0.0515625
0 0.30390625 0.3265625 0.0171875 0.046875
0 0.26953125 0.33984375 0.0203125 0.0546875
0 0.1265625 0.35625 0.0203125 0.0546875
0 0.00703125 0.40859375 0.0140625 0.0515625
0 0.40703125 0.140625 0.0171875 0.0484375
0 0.9484375 0.36328125 0.0203125 0.0578125