0 0.1140625 0.43046875 0.01875 0.05
0 0.19921875 0.42265625 0.0171875 0.053125
0 0.23828125 0.48984375 0.0140625 0.05625
0 0.1921875 0.53984375 0.01875 0.0546875
0 0.31171875 0.68828125 0.0171875 0.0625
0 0.3359375 0.6734375 0.0203125 0.0640625
0 0.44296875 0.984375 0.01875 0.0296875
0 0.315625 0.40703125 0.0140625 0.0578125
0 0.33828125 0.4734375 0.01875 0.05625
0 0.38046875 0.4328125 0.0171875 0.053125
0 0.4046875 0.2984375 0.0140625 0.05
0 0.4390625 0.40625 0.0125 0.05625
0 0.4453125 0.41171875 0.0140625 0.0546875
0 0.45703125 0.54921875 0.0171875 0.0625
0 0.53828125 0.47890625 0.0109375 0.05
0 0.565625 0.41953125 0.0171875 0.053125
0 0.60859375 0.46484375 0.0140625 0.0515625
0 0.58828125 0.615625 0.015625 0.0625
0 0.62578125 0.68515625 0.01875 0.065625
0 0.6796875 0.52734375 0.0234375 0.0609375
0 0.68984375 0.446875 0.01875 0.0515625
0 0.74375 0.5609375 0.0171875 0.0578125
0 0.7640625 0.5171875 0.025 0.0578125
0 0.87890625 0.38671875 0.0140625 0.0484375