0 0.1578125 0.45859375 0.021875 0.0484375
0 0.2359375 0.440625 0.0203125 0.0515625
0 0.28125 0.49765625 0.01875 0.053125
0 0.24453125 0.55 0.021875 0.0515625
0 0.37578125 0.671875 0.021875 0.059375
0 0.39609375 0.65625 0.025 0.0625
0 0.53984375 0.9546875 0.0265625 0.0765625
0 0.3421875 0.41015625 0.01875 0.0546875
0 0.371875 0.46953125 0.0234375 0.0546875
0 0.40703125 0.42578125 0.021875 0.05
0 0.4109375 0.296875 0.01875 0.0484375
0 0.45703125 0.39296875 0.0171875 0.053125
0 0.4640625 0.39765625 0.01875 0.0515625
0 0.49296875 0.52421875 0.021875 0.059375
0 0.559375 0.44765625 0.0140625 0.046875
0 0.5765625 0.3890625 0.0203125 0.05
0 0.6234375 0.42578125 0.01875 0.0484375
0 0.62421875 0.56796875 0.0203125 0.059375
0 0.66796875 0.628125 0.025 0.0640625
0 0.69765625 0.47421875 0.0265625 0.0578125
0 0.69609375 0.3984375 0.021875 0.0484375
0 0.7609375 0.49765625 0.021875 0.0546875
0 0.77421875 0.45390625 0.028125 0.05625
0 0.8640625 0.3171875 0.0171875 0.0453125