0 0.16015625 0.365625 0.01875 0.059375
0 0.13359375 0.50078125 0.0234375 0.0640625
0 0.2296875 0.36875 0.0203125 0.059375
0 0.28828125 0.43671875 0.021875 0.0609375
0 0.3578125 0.378125 0.01875 0.059375
0 0.34609375 0.6125 0.0203125 0.0671875
0 0.37109375 0.640625 0.0203125 0.0734375
0 0.40625 0.43671875 0.01875 0.0625
0 0.4390625 0.4 0.0234375 0.059375
0 0.4390625 0.25390625 0.0171875 0.0515625
0 0.5140625 0.37890625 0.0171875 0.0609375
0 0.52265625 0.3859375 0.0203125 0.05625
0 0.5078125 0.51328125 0.0234375 0.065625
0 0.584375 0.4625 0.0234375 0.053125
0 0.61171875 0.396875 0.021875 0.059375
0 0.65625 0.4859375 0.0234375 0.05625
0 0.64375 0.5640625 0.021875 0.065625
0 0.65859375 0.640625 0.025 0.06875
0 0.71640625 0.42421875 0.01875 0.0625
0 0.73515625 0.49453125 0.0171875 0.05625
0 0.75390625 0.43125 0.0203125 0.053125
0 0.790625 0.54375 0.025 0.059375
0 0.94375 0.3921875 0.01875 0.05625
0 0.42578125 0.9796875 0.0203125 0.0328125