0 0.834375 0.4609375 0.0171875 0.059375
0 0.71796875 0.3546875 0.0234375 0.0484375
0 0.65234375 0.3609375 0.025 0.04375
0 0.571875 0.3703125 0.021875 0.05625
0 0.5796875 0.43046875 0.015625 0.0546875
0 0.55703125 0.44296875 0.0203125 0.0609375
0 0.540625 0.41328125 0.0203125 0.0625
0 0.5578125 0.58203125 0.0171875 0.0640625
0 0.5328125 0.62265625 0.021875 0.06875
0 0.50390625 0.5125 0.0203125 0.065625
0 0.4609375 0.25 0.0140625 0.0515625
0 0.425 0.37421875 0.0140625 0.0578125
0 0.40703125 0.44375 0.01875 0.053125
0 0.34375 0.39375 0.01875 0.0515625
0 0.29453125 0.484375 0.01875 0.0578125
0 0.290625 0.63515625 0.0234375 0.065625
0 0.26171875 0.54921875 0.01875 0.0625
0 0.22734375 0.3984375 0.0171875 0.0578125
0 0.21875 0.48671875 0.0171875 0.059375
0 0.1609375 0.38828125 0.021875 0.05625
0 0.1484375 0.528125 0.01875 0.0640625
0 0.415625 0.38046875 0.015625 0.059375