0 0.08125 0.41640625 0.025 0.065625
0 0.21875 0.3125 0.0296875 0.0546875
0 0.290625 0.32421875 0.0328125 0.05
0 0.37734375 0.3421875 0.0296875 0.0640625
0 0.3625 0.40703125 0.0234375 0.0609375
0 0.38671875 0.42421875 0.0296875 0.0671875
0 0.4078125 0.39296875 0.028125 0.0703125
0 0.3734375 0.57734375 0.025 0.071875
0 0.3953125 0.6234375 0.0296875 0.0765625
0 0.43828125 0.5046875 0.028125 0.0734375
0 0.5109375 0.22109375 0.0203125 0.0578125
0 0.5375 0.3609375 0.0203125 0.0640625
0 0.55 0.4390625 0.025 0.059375
0 0.62578125 0.390625 0.025 0.059375
0 0.67109375 0.49375 0.0265625 0.0640625
0 0.6609375 0.6609375 0.03125 0.0734375
0 0.70078125 0.56953125 0.0265625 0.0703125
0 0.753125 0.40703125 0.025 0.0640625
0 0.75390625 0.50390625 0.025 0.0671875
0 0.82734375 0.4015625 0.028125 0.0625
0 0.82734375 0.55625 0.0265625 0.0734375
0 0.54765625 0.36953125 0.0234375 0.065625