0 0.12421875 0.32421875 0.021875 0.0546875
0 0.21640625 0.3546875 0.021875 0.0546875
0 0.228125 0.3640625 0.0171875 0.053125
0 0.25234375 0.31015625 0.0265625 0.05625
0 0.32890625 0.359375 0.021875 0.0625
0 0.3703125 0.33046875 0.01875 0.0578125
0 0.39765625 0.36171875 0.01875 0.0625
0 0.38671875 0.4171875 0.0171875 0.0609375
0 0.38828125 0.503125 0.01875 0.0671875
0 0.4265625 0.553125 0.0203125 0.06875
0 0.453125 0.33203125 0.0171875 0.0546875
0 0.51953125 0.20234375 0.015625 0.046875
0 0.5203125 0.2828125 0.0203125 0.05625
0 0.56171875 0.28359375 0.0171875 0.0609375
0 0.5859375 0.29296875 0.0171875 0.059375
0 0.64609375 0.38125 0.01875 0.0609375
0 0.68046875 0.2765625 0.0203125 0.0640625
0 0.7015625 0.2765625 0.01875 0.05625
0 0.67578125 0.3921875 0.01875 0.0609375
0 0.66640625 0.55546875 0.0203125 0.0703125
0 0.7171875 0.47734375 0.01875 0.0609375
0 0.73203125 0.4390625 0.0171875 0.0609375