0 0.14609375 0.34921875 0.021875 0.053125
0 0.2359375 0.37578125 0.021875 0.053125
0 0.2484375 0.384375 0.0171875 0.0515625
0 0.26953125 0.33203125 0.0265625 0.0546875
0 0.34453125 0.3765625 0.021875 0.059375
0 0.38359375 0.346875 0.0203125 0.05625
0 0.4109375 0.37578125 0.0203125 0.0609375
0 0.403125 0.4296875 0.0171875 0.059375
0 0.40703125 0.5125 0.0203125 0.065625
0 0.4453125 0.55859375 0.021875 0.0671875
0 0.46328125 0.3453125 0.01875 0.053125
0 0.5234375 0.21875 0.015625 0.0453125
0 0.52578125 0.29609375 0.0203125 0.0546875
0 0.565625 0.2953125 0.0171875 0.059375
0 0.590625 0.30390625 0.01875 0.0578125
0 0.65078125 0.38671875 0.0203125 0.059375
0 0.68046875 0.28515625 0.021875 0.0609375
0 0.70078125 0.284375 0.0203125 0.0546875
0 0.6796875 0.39609375 0.0203125 0.059375
0 0.6765625 0.55390625 0.021875 0.0671875
0 0.7234375 0.47734375 0.01875 0.059375
0 0.73515625 0.4390625 0.01875 0.059375