0 0.23359375 0.25234375 0.01875 0.053125
0 0.25625 0.2546875 0.0203125 0.059375
0 0.3125 0.278125 0.01875 0.0546875
0 0.2546875 0.34375 0.015625 0.0546875
0 0.33515625 0.334375 0.0171875 0.05625
0 0.34921875 0.4921875 0.0203125 0.059375
0 0.3625 0.509375 0.021875 0.0609375
0 0.36328125 0.28671875 0.0171875 0.05625
0 0.38203125 0.28515625 0.0171875 0.046875
0 0.403125 0.3921875 0.0171875 0.0546875
0 0.42890625 0.33515625 0.01875 0.05625
0 0.55 0.24140625 0.0171875 0.0484375
0 0.55625 0.290625 0.0171875 0.0515625
0 0.59375 0.29609375 0.015625 0.053125
0 0.58984375 0.3484375 0.015625 0.0546875
0 0.64921875 0.2953125 0.0140625 0.0515625
0 0.65390625 0.31484375 0.0140625 0.053125
0 0.6390625 0.35546875 0.01875 0.05
0 0.65546875 0.44765625 0.01875 0.0578125
0 0.63203125 0.56171875 0.0203125 0.065625
0 0.69453125 0.51484375 0.0171875 0.0609375
0 0.45703125 0.98203125 0.021875 0.034375