0 0.6875 0.20078125 0.025 0.05625
0 0.66484375 0.20546875 0.0265625 0.0640625
0 0.60703125 0.23671875 0.0265625 0.059375
0 0.67578125 0.3 0.0234375 0.059375
0 0.5890625 0.2984375 0.025 0.0609375
0 0.5921875 0.46875 0.028125 0.065625
0 0.5796875 0.4890625 0.028125 0.065625
0 0.55390625 0.2515625 0.0234375 0.0609375
0 0.534375 0.25234375 0.021875 0.0515625
0 0.52265625 0.36875 0.0234375 0.059375
0 0.4890625 0.31171875 0.0265625 0.0609375
0 0.35 0.22421875 0.0234375 0.053125
0 0.35 0.27734375 0.0234375 0.05625
0 0.31015625 0.28671875 0.0234375 0.0578125
0 0.31953125 0.34296875 0.021875 0.059375
0 0.25078125 0.2921875 0.0203125 0.05625
0 0.24765625 0.31484375 0.0203125 0.0578125
0 0.26796875 0.35625 0.025 0.053125
0 0.2609375 0.45546875 0.028125 0.0625
0 0.2984375 0.57578125 0.0296875 0.071875
0 0.22734375 0.5328125 0.025 0.065625
0 0.53046875 0.9921875 0.0234375 0.015625