0 0.86875 0.25390625 0.0171875 0.046875
0 0.86015625 0.25703125 0.015625 0.05
0 0.8546875 0.37421875 0.025 0.0609375
0 0.7796875 0.35078125 0.021875 0.0609375
0 0.78203125 0.29296875 0.021875 0.05625
0 0.69765625 0.29453125 0.0234375 0.05625
0 0.68203125 0.49296875 0.021875 0.065625
0 0.70078125 0.52109375 0.028125 0.0703125
0 0.6640625 0.28515625 0.0171875 0.05
0 0.6265625 0.33515625 0.01875 0.0546875
0 0.6421875 0.38125 0.0234375 0.059375
0 0.5109375 0.303125 0.0203125 0.05625
0 0.5046875 0.22734375 0.01875 0.0546875
0 0.50703125 0.26171875 0.0171875 0.05
0 0.4984375 0.2796875 0.0203125 0.0609375
0 0.453125 0.2671875 0.01875 0.059375
0 0.39140625 0.259375 0.025 0.05625
0 0.38671875 0.2828125 0.021875 0.05625
0 0.43203125 0.3234375 0.0203125 0.053125
0 0.4359375 0.434375 0.025 0.0609375
0 0.37421875 0.51640625 0.021875 0.071875
0 0.3203125 0.4859375 0.021875 0.0671875
0 0.478125 0.98203125 0.025 0.0359375