0 0.1265625 0.4078125 0.0234375 0.053125
0 0.15078125 0.31484375 0.0234375 0.0578125
0 0.17109375 0.3140625 0.021875 0.0546875
0 0.19453125 0.378125 0.0296875 0.05625
0 0.3046875 0.31015625 0.0234375 0.0546875
0 0.31953125 0.3359375 0.03125 0.0609375
0 0.365625 0.3203125 0.025 0.0484375
0 0.4046875 0.3609375 0.0234375 0.0609375
0 0.34765625 0.39296875 0.0265625 0.059375
0 0.38515625 0.48125 0.025 0.065625
0 0.36015625 0.53046875 0.028125 0.071875
0 0.61484375 0.2203125 0.021875 0.0578125
0 0.5515625 0.325 0.0234375 0.0578125
0 0.6140625 0.28046875 0.0234375 0.0578125
0 0.61796875 0.2734375 0.0203125 0.053125
0 0.640625 0.3375 0.0234375 0.05625
0 0.61640625 0.42578125 0.028125 0.0625
0 0.71640625 0.51015625 0.0265625 0.071875
0 0.64921875 0.271875 0.021875 0.0640625
0 0.76328125 0.46796875 0.021875 0.06875
0 0.7265625 0.26171875 0.025 0.059375
0 0.759375 0.278125 0.025 0.0578125