0 0.83359375 0.30625 0.0265625 0.05625
0 0.77734375 0.21796875 0.0234375 0.0625
0 0.75703125 0.22421875 0.0234375 0.0578125
0 0.7546875 0.2984375 0.0328125 0.059375
0 0.61796875 0.265625 0.0265625 0.059375
0 0.6109375 0.296875 0.034375 0.065625
0 0.55859375 0.2953125 0.0265625 0.053125
0 0.53203125 0.35 0.025 0.065625
0 0.60078125 0.3640625 0.028125 0.0640625
0 0.5921875 0.4671875 0.0265625 0.071875
0 0.634375 0.509375 0.0296875 0.078125
0 0.26796875 0.27578125 0.021875 0.0625
0 0.36875 0.3625 0.025 0.0625
0 0.2890625 0.33828125 0.025 0.0625
0 0.2828125 0.33203125 0.021875 0.0578125
0 0.28203125 0.4046875 0.025 0.0609375
0 0.3359375 0.4875 0.0296875 0.0671875
0 0.2609375 0.60859375 0.028125 0.078125
0 0.25078125 0.3390625 0.0234375 0.06875
0 0.1984375 0.58046875 0.025 0.075
0 0.16796875 0.35546875 0.0265625 0.0640625
0 0.13984375 0.3828125 0.0265625 0.0625