0 0.82734375 0.21171875 0.025 0.0578125
0 0.82421875 0.3171875 0.025 0.0671875
0 0.74296875 0.22734375 0.0234375 0.0609375
0 0.75546875 0.28203125 0.025 0.0609375
0 0.7015625 0.2640625 0.0234375 0.059375
0 0.7046875 0.3078125 0.028125 0.0625
0 0.67421875 0.296875 0.0203125 0.0546875
0 0.72421875 0.45625 0.028125 0.0703125
0 0.64609375 0.384375 0.025 0.065625
0 0.6421875 0.26171875 0.025 0.0609375
0 0.54765625 0.30390625 0.025 0.0640625
0 0.4796875 0.37421875 0.025 0.0625
0 0.41015625 0.309375 0.025 0.0609375
0 0.29765625 0.20546875 0.0203125 0.05625
0 0.35625 0.28125 0.0203125 0.0609375
0 0.3421875 0.28046875 0.0203125 0.0625
0 0.33046875 0.31953125 0.0203125 0.05625
0 0.27890625 0.2921875 0.0234375 0.0609375
0 0.1578125 0.309375 0.021875 0.0640625
0 0.31875 0.52578125 0.021875 0.0734375
0 0.2609375 0.4875 0.021875 0.071875
0 0.10390625 0.325 0.025 0.0609375
0 0.48203125 0.965625 0.0296875 0.06875