0 0.8203125 0.2125 0.0203125 0.059375
0 0.8203125 0.340625 0.021875 0.0671875
0 0.77109375 0.2375 0.0234375 0.053125
0 0.73671875 0.20703125 0.028125 0.05625
0 0.7265625 0.23984375 0.0203125 0.0609375
0 0.71484375 0.2234375 0.0234375 0.0546875
0 0.70703125 0.2515625 0.0203125 0.0515625
0 0.61796875 0.2953125 0.0234375 0.065625
0 0.609375 0.38125 0.0234375 0.0671875
0 0.68671875 0.465625 0.025 0.075
0 0.5234375 0.2953125 0.0234375 0.065625
0 0.459375 0.28828125 0.01875 0.0609375
0 0.4609375 0.36171875 0.0203125 0.0640625
0 0.31875 0.2359375 0.0140625 0.0375
0 0.3171875 0.25546875 0.0203125 0.0625
0 0.271875 0.1765625 0.0203125 0.0578125
0 0.29296875 0.3015625 0.01875 0.059375
0 0.2671875 0.2640625 0.021875 0.065625
0 0.14765625 0.28671875 0.01875 0.0640625
0 0.06640625 0.296875 0.01875 0.065625
0 0.26875 0.5109375 0.0265625 0.078125
0 0.221875 0.46953125 0.021875 0.0734375
0 0.41171875 0.96015625 0.0296875 0.0796875