0 0.12421875 0.290625 0.0171875 0.0578125
0 0.13515625 0.41328125 0.021875 0.0578125
0 0.1625 0.38671875 0.01875 0.0640625
0 0.21171875 0.29453125 0.015625 0.0625
0 0.22265625 0.3453125 0.0203125 0.0609375
0 0.26484375 0.31171875 0.0171875 0.0546875
0 0.26640625 0.534375 0.0171875 0.071875
0 0.29453125 0.37734375 0.0171875 0.05625
0 0.303125 0.3921875 0.0171875 0.059375
0 0.359375 0.4484375 0.0171875 0.0609375
0 0.4390625 0.34140625 0.015625 0.0546875
0 0.48125 0.38125 0.0171875 0.0609375
0 0.528125 0.409375 0.015625 0.0609375
0 0.575 0.32578125 0.0203125 0.0546875
0 0.5859375 0.28359375 0.0171875 0.0515625
0 0.5953125 0.2875 0.0171875 0.0609375
0 0.64375 0.20078125 0.015625 0.0546875
0 0.66171875 0.3 0.0171875 0.0640625
0 0.7875 0.3046875 0.01875 0.0609375
0 0.6796875 0.48203125 0.0203125 0.065625
0 0.64765625 0.5390625 0.015625 0.071875
0 0.9109375 0.30234375 0.015625 0.0609375
0 0.5796875 0.96796875 0.021875 0.0640625