0 0.934375 0.36015625 0.025 0.0609375
0 0.903125 0.48359375 0.0296875 0.0609375
0 0.8796875 0.45234375 0.028125 0.0671875
0 0.84453125 0.35 0.0234375 0.065625
0 0.825 0.39921875 0.0265625 0.0640625
0 0.7875 0.3578125 0.0234375 0.0578125
0 0.75 0.5859375 0.0265625 0.075
0 0.746875 0.42109375 0.025 0.059375
0 0.73515625 0.434375 0.025 0.0625
0 0.66875 0.4828125 0.025 0.0640625
0 0.60546875 0.3609375 0.0234375 0.0578125
0 0.55546875 0.3953125 0.025 0.0640625
0 0.503125 0.415625 0.0234375 0.0625
0 0.46875 0.32265625 0.0265625 0.0578125
0 0.46484375 0.27890625 0.0234375 0.0546875
0 0.45546875 0.28046875 0.025 0.0640625
0 0.41875 0.184375 0.0234375 0.0578125
0 0.38515625 0.2828125 0.025 0.0671875
0 0.2546875 0.2671875 0.0265625 0.0640625
0 0.33671875 0.465625 0.0296875 0.06875
0 0.359375 0.52890625 0.025 0.075
0 0.1296875 0.2453125 0.0234375 0.0625
0 0.3625 0.96484375 0.0265625 0.04375