0 0.0640625 0.396875 0.0203125 0.05625
0 0.1375 0.2390625 0.0171875 0.0484375
0 0.2328125 0.32578125 0.01875 0.0515625
0 0.2421875 0.2765625 0.0171875 0.0453125
0 0.278125 0.3625 0.01875 0.0546875
0 0.259375 0.50390625 0.01875 0.059375
0 0.5046875 0.15234375 0.0140625 0.04375
0 0.36875 0.26953125 0.0171875 0.0484375
0 0.42421875 0.3078125 0.0171875 0.0484375
0 0.43984375 0.33359375 0.015625 0.05
0 0.4359375 0.3640625 0.0171875 0.0484375
0 0.48125 0.28828125 0.0171875 0.0484375
0 0.47265625 0.48125 0.025 0.053125
0 0.53828125 0.52265625 0.021875 0.0515625
0 0.48984375 0.7375 0.025 0.06875
0 0.565625 0.42890625 0.01875 0.053125
0 0.578125 0.41796875 0.0203125 0.05
0 0.60234375 0.28984375 0.0203125 0.0515625
0 0.61640625 0.28828125 0.0171875 0.0484375
0 0.61171875 0.50390625 0.021875 0.0609375
0 0.70546875 0.55390625 0.0203125 0.065625
0 0.79375 0.31875 0.0203125 0.053125
0 0.8921875 0.321875 0.015625 0.0484375
0 0.92109375 0.2875 0.015625 0.0453125