0 0.92421875 0.38203125 0.0234375 0.05625
0 0.84296875 0.234375 0.0203125 0.046875
0 0.75625 0.32421875 0.0203125 0.05
0 0.74375 0.278125 0.01875 0.04375
0 0.715625 0.36328125 0.021875 0.053125
0 0.74375 0.4984375 0.021875 0.05625
0 0.4828125 0.17578125 0.0171875 0.04375
0 0.62109375 0.2796875 0.0203125 0.046875
0 0.5703125 0.3203125 0.0203125 0.046875
0 0.55703125 0.346875 0.01875 0.05
0 0.56328125 0.37578125 0.0203125 0.046875
0 0.5140625 0.30546875 0.01875 0.046875
0 0.5359375 0.49140625 0.028125 0.053125
0 0.475 0.53671875 0.025 0.05
0 0.5359375 0.740625 0.0296875 0.0671875
0 0.44296875 0.446875 0.0203125 0.0515625
0 0.4296875 0.43671875 0.0234375 0.05
0 0.39765625 0.315625 0.021875 0.0515625
0 0.3828125 0.3140625 0.01875 0.046875
0 0.40234375 0.5234375 0.025 0.059375
0 0.315625 0.57734375 0.025 0.0640625
0 0.2140625 0.35625 0.0234375 0.053125
0 0.11953125 0.365625 0.01875 0.046875
0 0.08828125 0.334375 0.01875 0.04375