0 0.1015625 0.421875 0.0171875 0.053125
0 0.1671875 0.31484375 0.015625 0.05
0 0.20390625 0.35234375 0.0203125 0.0484375
0 0.25703125 0.359375 0.01875 0.05
0 0.27578125 0.384375 0.01875 0.05
0 0.2640625 0.48359375 0.01875 0.053125
0 0.3421875 0.30546875 0.01875 0.0484375
0 0.35234375 0.34375 0.0171875 0.0453125
0 0.4015625 0.359375 0.01875 0.0453125
0 0.42421875 0.3453125 0.015625 0.05
0 0.44609375 0.2984375 0.0140625 0.0453125
0 0.47109375 0.17109375 0.0140625 0.0375
0 0.41875 0.4359375 0.0171875 0.0546875
0 0.57734375 0.28984375 0.021875 0.0484375
0 0.56171875 0.3828125 0.0171875 0.0484375
0 0.5453125 0.39609375 0.015625 0.0484375
0 0.53203125 0.465625 0.015625 0.053125
0 0.51328125 0.503125 0.021875 0.053125
0 0.48671875 0.7203125 0.0234375 0.0640625
0 0.6671875 0.48671875 0.015625 0.0546875
0 0.7203125 0.2953125 0.01875 0.0515625
0 0.86484375 0.28828125 0.0203125 0.0484375
0 0.90546875 0.24296875 0.015625 0.04375