0 0.0734375 0.41171875 0.015625 0.0546875
0 0.1453125 0.303125 0.0140625 0.0515625
0 0.1828125 0.34296875 0.0203125 0.0515625
0 0.23828125 0.35234375 0.0171875 0.0515625
0 0.25625 0.37890625 0.0171875 0.0515625
0 0.23984375 0.48203125 0.0171875 0.0546875
0 0.328125 0.29921875 0.0171875 0.05
0 0.3375 0.33984375 0.0171875 0.046875
0 0.3875 0.3578125 0.01875 0.046875
0 0.4125 0.34375 0.015625 0.0515625
0 0.43671875 0.29609375 0.0140625 0.046875
0 0.4671875 0.16328125 0.0125 0.0390625
0 0.40390625 0.4375 0.0171875 0.05625
0 0.57421875 0.2921875 0.021875 0.0515625
0 0.5546875 0.3875 0.015625 0.05
0 0.5359375 0.4015625 0.015625 0.05
0 0.5203125 0.47421875 0.0140625 0.0546875
0 0.5 0.5125 0.0203125 0.05625
0 0.4640625 0.7375 0.021875 0.065625
0 0.66015625 0.50078125 0.015625 0.05625
0 0.72265625 0.30390625 0.0171875 0.053125
0 0.8734375 0.3015625 0.01875 0.0515625
0 0.91796875 0.2546875 0.015625 0.04375