0 0.03203125 0.29921875 0.0203125 0.0546875
0 0.07578125 0.41875 0.021875 0.05625
0 0.2046875 0.30703125 0.0234375 0.05625
0 0.209375 0.26484375 0.0203125 0.0515625
0 0.23671875 0.215625 0.0234375 0.0546875
0 0.29375 0.28515625 0.028125 0.05625
0 0.30859375 0.27109375 0.021875 0.0546875
0 0.35859375 0.2046875 0.028125 0.053125
0 0.38203125 0.2390625 0.0203125 0.0515625
0 0.3421875 0.34140625 0.0234375 0.0578125
0 0.39453125 0.290625 0.0234375 0.05625
0 0.41640625 0.2125 0.0203125 0.04375
0 0.51640625 0.21875 0.021875 0.05
0 0.5140625 0.278125 0.0234375 0.0546875
0 0.4203125 0.471875 0.025 0.065625
0 0.584375 0.2484375 0.021875 0.05
0 0.5578125 0.45625 0.021875 0.0578125
0 0.50078125 0.7484375 0.028125 0.06875
0 0.6171875 0.36640625 0.025 0.0625
0 0.63984375 0.2578125 0.0234375 0.05625
0 0.66328125 0.14296875 0.01875 0.0484375
0 0.79140625 0.3015625 0.025 0.05
0 0.6765625 0.51015625 0.028125 0.06875
0 0.94609375 0.3421875 0.025 0.0546875