0 0.0015625 0.5109375 0.003125 0.05625
0 0.075 0.6171875 0.0234375 0.059375
0 0.16875 0.4671875 0.0234375 0.059375
0 0.16171875 0.4234375 0.021875 0.0546875
0 0.17265625 0.36640625 0.021875 0.05625
0 0.25078125 0.41796875 0.028125 0.0578125
0 0.26171875 0.39921875 0.021875 0.05625
0 0.29140625 0.31796875 0.028125 0.0546875
0 0.325 0.34453125 0.0203125 0.053125
0 0.31640625 0.459375 0.0234375 0.059375
0 0.353125 0.3921875 0.021875 0.0578125
0 0.35078125 0.30703125 0.0203125 0.0453125
0 0.45234375 0.28359375 0.0203125 0.0515625
0 0.46875 0.34375 0.0234375 0.0578125
0 0.434375 0.565625 0.025 0.0671875
0 0.52890625 0.29296875 0.021875 0.0515625
0 0.565625 0.5078125 0.021875 0.0609375
0 0.59921875 0.81640625 0.028125 0.071875
0 0.59765625 0.4 0.025 0.065625
0 0.5875 0.28515625 0.0234375 0.059375
0 0.57578125 0.16328125 0.0171875 0.05
0 0.7515625 0.28203125 0.025 0.053125
0 0.70078125 0.52578125 0.028125 0.071875
0 0.91796875 0.27578125 0.025 0.05625