0 0.06796875 0.48203125 0.028125 0.06875
0 0.096875 0.25 0.0296875 0.065625
0 0.11171875 0.2734375 0.025 0.0609375
0 0.14296875 0.21953125 0.0296875 0.065625
0 0.1921875 0.33984375 0.0296875 0.06875
0 0.271875 0.27109375 0.025 0.0609375
0 0.32734375 0.29609375 0.028125 0.065625
0 0.34140625 0.234375 0.025 0.0578125
0 0.2453125 0.4703125 0.0265625 0.071875
0 0.3875 0.540625 0.0359375 0.0859375
0 0.5203125 0.5046875 0.03125 0.0796875
0 0.56640625 0.50078125 0.0328125 0.084375
0 0.50078125 0.37890625 0.0265625 0.0734375
0 0.4953125 0.27265625 0.021875 0.059375
0 0.475 0.18671875 0.021875 0.0609375
0 0.4921875 0.20078125 0.0296875 0.0671875
0 0.5046875 0.1859375 0.0265625 0.0609375
0 0.5328125 0.10546875 0.021875 0.065625
0 0.6046875 0.1515625 0.0234375 0.0625
0 0.65 0.1625 0.0265625 0.0796875
0 0.6609375 0.93515625 0.0375 0.09375
0 0.13515625 0.321875 0.0265625 0.071875