0 0.796875 0.16015625 0.021875 0.0546875
0 0.7625 0.13984375 0.0234375 0.0265625
0 0.73359375 0.15703125 0.0265625 0.078125
0 0.72421875 0.159375 0.0234375 0.059375
0 0.7171875 0.1953125 0.0203125 0.05625
0 0.7 0.1859375 0.021875 0.059375
0 0.66640625 0.14375 0.0234375 0.0578125
0 0.65859375 0.20625 0.0203125 0.0640625
0 0.78359375 0.3515625 0.028125 0.071875
0 0.625 0.35703125 0.0265625 0.0671875
0 0.5125 0.203125 0.0203125 0.059375
0 0.51953125 0.45 0.025 0.0765625
0 0.46328125 0.36484375 0.0234375 0.0671875
0 0.4203125 0.24765625 0.0203125 0.0640625
0 0.378125 0.2046875 0.01875 0.0625
0 0.334375 0.13125 0.01875 0.059375
0 0.3375 0.1890625 0.0234375 0.0609375
0 0.34921875 0.22109375 0.021875 0.0625
0 0.29296875 0.2203125 0.0234375 0.0609375
0 0.259375 0.16796875 0.0203125 0.059375
0 0.42890625 0.45234375 0.025 0.06875
0 0.3890625 0.44765625 0.0234375 0.071875
0 0.4390625 0.85234375 0.0296875 0.090625