0 0.86953125 0.2015625 0.015625 0.059375
0 0.834375 0.1734375 0.021875 0.028125
0 0.8 0.1890625 0.01875 0.0828125
0 0.790625 0.18984375 0.01875 0.0625
0 0.77734375 0.22890625 0.015625 0.0609375
0 0.76015625 0.21640625 0.015625 0.0625
0 0.73046875 0.165625 0.01875 0.0609375
0 0.71328125 0.2328125 0.0140625 0.06875
0 0.82890625 0.4078125 0.021875 0.0765625
0 0.65625 0.3921875 0.021875 0.071875
0 0.5546875 0.21015625 0.015625 0.0625
0 0.5296875 0.4796875 0.0171875 0.08125
0 0.4796875 0.3796875 0.015625 0.0734375
0 0.44921875 0.2453125 0.0140625 0.06875
0 0.40859375 0.19375 0.0125 0.0671875
0 0.37109375 0.10859375 0.0125 0.0625
0 0.36640625 0.17109375 0.01875 0.065625
0 0.375 0.20703125 0.015625 0.065625
0 0.31484375 0.1984375 0.01875 0.065625
0 0.284375 0.1375 0.0140625 0.0625
0 0.43046875 0.46953125 0.01875 0.075
0 0.38828125 0.45859375 0.015625 0.078125
0 0.38828125 0.90546875 0.021875 0.096875