0 0.3015625 0.17734375 0.025 0.0671875
0 0.25 0.29375 0.0203125 0.08125
0 0.30078125 0.321875 0.025 0.078125
0 0.15625 0.66328125 0.028125 0.09375
0 0.39140625 0.70703125 0.0296875 0.0984375
0 0.41015625 0.72265625 0.03125 0.1
0 0.3796875 0.253125 0.021875 0.06875
0 0.4125 0.3390625 0.025 0.0796875
0 0.4265625 0.41015625 0.0328125 0.084375
0 0.440625 0.309375 0.025 0.078125
0 0.5046875 0.25 0.0265625 0.065625
0 0.5234375 0.26875 0.028125 0.0640625
0 0.56171875 0.28203125 0.025 0.0671875
0 0.56484375 0.2484375 0.0265625 0.06875
0 0.571875 0.23125 0.0203125 0.0546875
0 0.56875 0.2 0.021875 0.0453125
0 0.67421875 0.24296875 0.0359375 0.0703125
0 0.73671875 0.23125 0.0296875 0.075
0 0.82421875 0.36875 0.0265625 0.090625
0 0.72109375 0.4515625 0.025 0.08125
0 0.77578125 0.65703125 0.03125 0.096875
0 0.81875 0.66328125 0.03125 0.0984375
0 0.96015625 0.1625 0.0234375 0.06875