0 0.6578125 0.6578125 0.0375 0.128125
0 0.52578125 0.596875 0.03125 0.1125
0 0.43515625 0.40234375 0.0234375 0.09375
0 0.38515625 0.3640625 0.021875 0.0921875
0 0.434375 0.334375 0.025 0.090625
0 0.52890625 0.21875 0.01875 0.0859375
0 0.57265625 0.39921875 0.03125 0.1015625
0 0.7640625 0.35 0.0203125 0.1015625
0 0.88125 0.50703125 0.0265625 0.115625
0 0.85703125 0.7203125 0.0484375 0.1234375
0 0.97578125 0.18828125 0.021875 0.0734375
0 0.19140625 0.2109375 0.0234375 0.0765625
0 0.034375 0.6953125 0.0296875 0.128125