0 0.075 0.378125 0.025 0.0796875
0 0.1234375 0.346875 0.021875 0.075
0 0.36875 0.40390625 0.025 0.08125
0 0.3546875 0.38828125 0.021875 0.078125
0 0.4828125 0.325 0.01875 0.065625
0 0.5578125 0.3390625 0.0234375 0.0671875
0 0.55390625 0.41875 0.0234375 0.078125
0 0.584375 0.34921875 0.0296875 0.0765625
0 0.58671875 0.34921875 0.0265625 0.078125
0 0.609375 0.39296875 0.01875 0.065625
0 0.60859375 0.365625 0.01875 0.0703125
0 0.66875 0.3984375 0.0171875 0.078125
0 0.6921875 0.4625 0.028125 0.0875
0 0.7078125 0.4578125 0.021875 0.075
0 0.7125 0.41171875 0.0203125 0.059375
0 0.7 0.409375 0.01875 0.053125
0 0.775 0.46796875 0.0328125 0.0921875
0 0.7828125 0.46875 0.028125 0.08125
0 0.76484375 0.46171875 0.0296875 0.071875
0 0.80390625 0.48359375 0.0296875 0.090625
0 0.8609375 0.3765625 0.01875 0.0734375