0 0.9953125 0.44921875 0.009375 0.0859375
0 0.9625 0.4046875 0.028125 0.0828125
0 0.6890625 0.4 0.0296875 0.0890625
0 0.70859375 0.3875 0.025 0.084375
0 0.5890625 0.28671875 0.0234375 0.071875
0 0.5078125 0.2828125 0.028125 0.0734375
0 0.48984375 0.36796875 0.0265625 0.084375
0 0.47734375 0.2859375 0.0359375 0.084375
0 0.47421875 0.2859375 0.03125 0.0859375
0 0.43828125 0.32578125 0.021875 0.071875
0 0.446875 0.296875 0.021875 0.078125
0 0.375 0.315625 0.0203125 0.084375
0 0.33359375 0.378125 0.0328125 0.096875
0 0.31796875 0.36796875 0.0265625 0.08125
0 0.325 0.31875 0.025 0.0640625
0 0.33984375 0.31875 0.021875 0.0578125
0 0.24453125 0.3609375 0.0390625 0.1
0 0.23671875 0.36015625 0.0328125 0.0875
0 0.25703125 0.3578125 0.034375 0.078125
0 0.2109375 0.36953125 0.034375 0.0984375
0 0.17890625 0.24296875 0.0234375 0.0796875