0 0.47734375 0.63125 0.034375 0.1078125
0 0.7453125 0.340625 0.0203125 0.08125
0 0.80078125 0.21875 0.0234375 0.0625
0 0.8484375 0.459375 0.0359375 0.0984375
0 0.9234375 0.40625 0.0328125 0.0890625
0 0.61953125 0.89921875 0.0375 0.1609375
0 0.5578125 0.3828125 0.0234375 0.0890625
0 0.5515625 0.3625 0.021875 0.0765625
0 0.546875 0.30078125 0.015625 0.0765625
0 0.29765625 0.3953125 0.01875 0.0796875
0 0.2609375 0.384375 0.028125 0.0953125
0 0.27578125 0.2484375 0.0203125 0.071875
0 0.07421875 0.328125 0.028125 0.084375