0 0.53671875 0.79609375 0.059375 0.1234375
0 0.4859375 0.79921875 0.05625 0.115625
0 0.41796875 0.69921875 0.040625 0.11875
0 0.10078125 0.328125 0.0296875 0.090625
0 0.17421875 0.36875 0.03125 0.0921875
0 0.1609375 0.190625 0.01875 0.0640625
0 0.371875 0.23828125 0.021875 0.06875
0 0.3890625 0.36640625 0.0296875 0.0921875
0 0.38828125 0.3078125 0.0234375 0.06875
0 0.503125 0.30234375 0.025 0.075
0 0.5671875 0.17734375 0.0234375 0.05625
0 0.67109375 0.42109375 0.034375 0.0921875
0 0.709375 0.38984375 0.0328125 0.0875
0 0.73125 0.24921875 0.0203125 0.0671875
0 0.8078125 0.3328125 0.0234375 0.075
0 0.86328125 0.27421875 0.01875 0.065625
0 0.97890625 0.45078125 0.0359375 0.075
0 0.96171875 0.38515625 0.0359375 0.0890625