0 0.47109375 0.6046875 0.046875 0.1140625
0 0.70234375 0.2703125 0.0296875 0.084375
0 0.7421875 0.1375 0.0296875 0.065625
0 0.82578125 0.37578125 0.0484375 0.1046875
0 0.89296875 0.31171875 0.0421875 0.09375
0 0.6546875 0.85703125 0.05625 0.16875
0 0.5171875 0.340625 0.034375 0.09375
0 0.50859375 0.3203125 0.0296875 0.0796875
0 0.4953125 0.25703125 0.0234375 0.0796875
0 0.2546875 0.38984375 0.028125 0.084375
0 0.215625 0.38359375 0.0390625 0.1
0 0.2109375 0.24296875 0.0296875 0.075
0 0.01796875 0.35234375 0.0359375 0.0890625