0 0.590625 0.80625 0.05625 0.1234375
0 0.540625 0.81875 0.0515625 0.1171875
0 0.4515625 0.73125 0.0359375 0.121875
0 0.05625 0.4171875 0.0265625 0.0921875
0 0.13984375 0.44375 0.028125 0.09375
0 0.090625 0.2671875 0.015625 0.065625
0 0.31328125 0.2734375 0.01875 0.0703125
0 0.35703125 0.4 0.0265625 0.0953125
0 0.34375 0.33984375 0.021875 0.0703125
0 0.459375 0.3125 0.021875 0.0765625
0 0.49921875 0.1734375 0.0203125 0.0578125
0 0.65234375 0.39921875 0.03125 0.09375
0 0.6859375 0.36015625 0.028125 0.0890625
0 0.68046875 0.2140625 0.0171875 0.0671875
0 0.77421875 0.28359375 0.0203125 0.078125
0 0.81796875 0.2140625 0.015625 0.0671875
0 0.971875 0.36875 0.0328125 0.0765625
0 0.940625 0.30625 0.0328125 0.0921875