0 0.56171875 0.9109375 0.046875 0.171875
0 0.4140625 0.865625 0.05625 0.1609375
0 0.621875 0.56015625 0.0390625 0.1359375
0 0.7359375 0.571875 0.04375 0.1265625
0 0.65625 0.35703125 0.03125 0.096875
0 0.49609375 0.36640625 0.03125 0.1
0 0.50703125 0.19453125 0.021875 0.0765625
0 0.3875 0.1515625 0.0171875 0.071875
0 0.3875 0.03359375 0.0140625 0.04375
0 0.35546875 0.4375 0.03125 0.1140625
0 0.2109375 0.5 0.034375 0.10625
0 0.16015625 0.42734375 0.0359375 0.1078125
0 0.1515625 0.2046875 0.0234375 0.0734375
0 0.2015625 0.0421875 0.0125 0.0359375
0 0.81015625 0.09296875 0.01875 0.0671875
0 0.9796875 0.47109375 0.040625 0.1296875