0 0.55703125 0.8546875 0.0421875 0.090625
0 0.5046875 0.82734375 0.05 0.153125
0 0.38359375 0.7796875 0.0484375 0.1359375
0 0.19453125 0.42109375 0.028125 0.0921875
0 0.15859375 0.42109375 0.0296875 0.0921875
0 0.13203125 0.30078125 0.021875 0.071875
0 0.0796875 0.2421875 0.0203125 0.0578125
0 0.23359375 0.2140625 0.01875 0.0609375
0 0.33828125 0.15 0.0140625 0.0484375
0 0.390625 0.28515625 0.0203125 0.0703125
0 0.50546875 0.29765625 0.0203125 0.0703125
0 0.51015625 0.3890625 0.0265625 0.090625
0 0.51640625 0.209375 0.01875 0.0625
0 0.67265625 0.17578125 0.0203125 0.0640625
0 0.7859375 0.32890625 0.0296875 0.0859375
0 0.921875 0.2015625 0.0234375 0.06875
0 0.6859375 0.4015625 0.028125 0.090625