0 0.56796875 0.578125 0.0390625 0.103125
0 0.4578125 0.5421875 0.03125 0.1234375
0 0.375 0.5453125 0.0359375 0.1171875
0 0.38984375 0.35390625 0.021875 0.096875
0 0.5359375 0.35703125 0.028125 0.0984375
0 0.63203125 0.55 0.04375 0.1046875
0 0.828125 0.35546875 0.0234375 0.1015625
0 0.8296875 0.15234375 0.0234375 0.071875
0 0.75703125 0.00625 0.0109375 0.0125
0 0.61953125 0.128125 0.0171875 0.071875
0 0.57109375 0.01171875 0.0078125 0.0234375
0 0.50234375 0.18203125 0.015625 0.0734375
0 0.18046875 0.1109375 0.0140625 0.0640625
0 0.025 0.26171875 0.028125 0.0890625
0 0.05703125 0.4984375 0.0296875 0.13125
0 0.4640625 0.8609375 0.04375 0.16875
0 0.6515625 0.7734375 0.0484375 0.1515625