0 0.45234375 0.86953125 0.0546875 0.1703125
0 0.328125 0.79296875 0.059375 0.1515625
0 0.58125 0.55859375 0.0421875 0.128125
0 0.68125 0.59453125 0.046875 0.11875
0 0.6546875 0.38203125 0.034375 0.090625
0 0.50625 0.35703125 0.034375 0.09375
0 0.5515625 0.20390625 0.025 0.071875
0 0.453125 0.13984375 0.0203125 0.0671875
0 0.478125 0.03359375 0.0140625 0.040625
0 0.36328125 0.3921875 0.034375 0.1078125
0 0.21953125 0.41875 0.0375 0.1
0 0.1890625 0.3421875 0.0390625 0.1015625
0 0.228125 0.13828125 0.0234375 0.06875
0 0.3078125 0.01015625 0.015625 0.0203125
0 0.84921875 0.17578125 0.0203125 0.0625
0 0.9265625 0.5546875 0.046875 0.121875