0 0.4390625 0.8578125 0.0421875 0.090625
0 0.490625 0.83046875 0.0515625 0.1546875
0 0.61328125 0.78203125 0.0484375 0.1359375
0 0.803125 0.421875 0.028125 0.0921875
0 0.83828125 0.421875 0.0296875 0.0921875
0 0.865625 0.30078125 0.021875 0.071875
0 0.91875 0.2421875 0.0203125 0.0578125
0 0.7640625 0.2125 0.01875 0.0609375
0 0.65859375 0.1484375 0.0140625 0.0484375
0 0.60546875 0.284375 0.0203125 0.0703125
0 0.490625 0.29765625 0.0203125 0.0703125
0 0.4859375 0.38984375 0.0265625 0.0921875
0 0.47890625 0.20859375 0.01875 0.0625
0 0.321875 0.175 0.0203125 0.0640625
0 0.20859375 0.32890625 0.0296875 0.0875
0 0.0734375 0.2015625 0.0234375 0.06875
0 0.309375 0.4015625 0.028125 0.090625