0 0.03203125 0.865625 0.0265625 0.1296875
0 0.22578125 0.69609375 0.0421875 0.1359375
0 0.1234375 0.521875 0.0328125 0.109375
0 0.19453125 0.23203125 0.015625 0.065625
0 0.36484375 0.134375 0.009375 0.046875
0 0.7890625 0.1015625 0.009375 0.0390625
0 0.83671875 0.221875 0.0140625 0.0609375
0 0.90390625 0.30078125 0.015625 0.0765625
0 0.9875 0.3890625 0.021875 0.0875
0 0.6625 0.62421875 0.025 0.125
0 0.61796875 0.59375 0.0265625 0.1265625
0 0.45390625 0.32265625 0.015625 0.0796875
0 0.353125 0.43515625 0.0171875 0.0890625
0 0.99140625 0.5703125 0.0171875 0.115625