0 0.97890625 0.6828125 0.025 0.09375
0 0.95546875 0.82109375 0.03125 0.1109375
0 0.87578125 0.8875 0.0390625 0.1265625
0 0.8515625 0.87265625 0.0296875 0.121875
0 0.83046875 0.86796875 0.03125 0.11875
0 0.31328125 0.5859375 0.025 0.0875
0 0.346875 0.8203125 0.034375 0.1171875
0 0.45703125 0.778125 0.028125 0.103125
0 0.56171875 0.74140625 0.021875 0.103125
0 0.57265625 0.74140625 0.01875 0.1
0 0.5875 0.73203125 0.01875 0.10625
0 0.59453125 0.72578125 0.0140625 0.103125
0 0.60390625 0.71875 0.0203125 0.0984375
0 0.625 0.725 0.025 0.096875
0 0.64765625 0.70546875 0.0234375 0.0890625
0 0.66484375 0.66484375 0.025 0.0921875
0 0.69296875 0.6609375 0.0296875 0.0828125
0 0.68671875 0.646875 0.021875 0.084375
0 0.7296875 0.63125 0.021875 0.090625
0 0.7796875 0.603125 0.028125 0.090625
0 0.8703125 0.5875 0.0296875 0.084375
0 0.6703125 0.7671875 0.025 0.1046875
0 0.459375 0.515625 0.0203125 0.078125
0 0.98984375 0.4828125 0.0203125 0.0625