0 0.9 0.58203125 0.021875 0.084375
0 0.8875 0.7078125 0.0234375 0.1
0 0.8203125 0.77421875 0.0296875 0.1125
0 0.79765625 0.76171875 0.0203125 0.109375
0 0.77890625 0.76015625 0.0234375 0.1078125
0 0.28984375 0.546875 0.01875 0.078125
0 0.3390625 0.75546875 0.025 0.1046875
0 0.43515625 0.7078125 0.0203125 0.0921875
0 0.52578125 0.66640625 0.0140625 0.09375
0 0.5359375 0.66640625 0.0125 0.0890625
0 0.54921875 0.65703125 0.0125 0.0953125
0 0.5546875 0.65078125 0.0078125 0.0921875
0 0.56171875 0.64375 0.0140625 0.0890625
0 0.58125 0.646875 0.0171875 0.0875
0 0.60078125 0.62890625 0.0171875 0.0796875
0 0.61328125 0.590625 0.0171875 0.0828125
0 0.63828125 0.584375 0.0234375 0.0734375
0 0.63203125 0.57265625 0.015625 0.075
0 0.66875 0.5546875 0.015625 0.08125
0 0.71171875 0.52578125 0.0203125 0.08125
0 0.7921875 0.5046875 0.0234375 0.0765625
0 0.62578125 0.68203125 0.0171875 0.09375
0 0.41640625 0.47265625 0.0140625 0.0703125
0 0.89375 0.40078125 0.01875 0.0546875