0 0.56328125 0.76171875 0.025 0.1328125
0 0.7375 0.67890625 0.034375 0.1265625
0 0.67265625 0.47265625 0.0265625 0.084375
0 0.6671875 0.4421875 0.025 0.0796875
0 0.4703125 0.2671875 0.0140625 0.0625
0 0.41484375 0.5125 0.021875 0.0984375
0 0.384375 0.56328125 0.0265625 0.0984375
0 0.30859375 0.5765625 0.021875 0.1015625
0 0.29453125 0.55859375 0.040625 0.0796875
0 0.334375 0.653125 0.034375 0.109375
0 0.22265625 0.48515625 0.025 0.0921875
0 0.29453125 0.3640625 0.0203125 0.065625
0 0.2828125 0.35390625 0.0234375 0.071875
0 0.95078125 0.33984375 0.0203125 0.06875
0 0.5546875 0.48046875 0.034375 0.084375