0 0.509375 0.2796875 0.028125 0.075
0 0.528125 0.28046875 0.021875 0.0734375
0 0.3953125 0.275 0.0234375 0.0875
0 0.4890625 0.421875 0.0296875 0.1125
0 0.346875 0.3796875 0.0328125 0.1
0 0.63984375 0.32109375 0.025 0.096875
0 0.62265625 0.21640625 0.03125 0.071875
0 0.7078125 0.2859375 0.0234375 0.1
0 0.66796875 0.93046875 0.034375 0.11875
0 0.24921875 0.371875 0.0375 0.0765625
0 0.1640625 0.48125 0.0375 0.121875
0 0.06171875 0.28515625 0.0234375 0.084375
0 0.0171875 0.28984375 0.03125 0.08125
0 0.2296875 0.315625 0.021875 0.0921875
0 0.8515625 0.134375 0.0171875 0.0703125