0 0.4 0.2578125 0.0171875 0.06875
0 0.38984375 0.35703125 0.028125 0.090625
0 0.34765625 0.4015625 0.0359375 0.09375
0 0.559375 0.44609375 0.0265625 0.1125
0 0.63828125 0.23203125 0.01875 0.0671875
0 0.7390625 0.31640625 0.021875 0.0890625
0 0.853125 0.22265625 0.025 0.0609375
0 0.8375 0.43671875 0.0265625 0.109375
0 0.94296875 0.4828125 0.028125 0.115625
0 0.378125 0.8703125 0.0328125 0.171875
0 0.07109375 0.525 0.0375 0.11875
0 0.18828125 0.38671875 0.0265625 0.096875
0 0.85703125 0.340625 0.03125 0.0921875
0 0.35 0.16171875 0.0140625 0.05