0 0.525 0.2859375 0.0265625 0.075
0 0.54296875 0.28828125 0.0203125 0.0734375
0 0.409375 0.26796875 0.0203125 0.0875
0 0.48828125 0.425 0.0265625 0.1125
0 0.35078125 0.36796875 0.0296875 0.1
0 0.6515625 0.340625 0.021875 0.096875
0 0.64453125 0.2328125 0.0296875 0.071875
0 0.7234375 0.3125 0.021875 0.1015625
0 0.6140625 0.9484375 0.03125 0.103125
0 0.25390625 0.35 0.0359375 0.0765625
0 0.15703125 0.45078125 0.0328125 0.121875
0 0.07421875 0.24375 0.0203125 0.0859375
0 0.02890625 0.24375 0.0296875 0.08125
0 0.23984375 0.290625 0.01875 0.0921875
0 0.884375 0.175 0.015625 0.0703125