0 0.9125 0.53671875 0.0453125 0.1015625
0 0.9390625 0.496875 0.0328125 0.1109375
0 0.7828125 0.83984375 0.046875 0.1609375
0 0.6796875 0.57890625 0.034375 0.1265625
0 0.7453125 0.51015625 0.0328125 0.103125
0 0.67109375 0.290625 0.025 0.0734375
0 0.4609375 0.378125 0.028125 0.084375
0 0.4890625 0.45546875 0.028125 0.1
0 0.48125 0.578125 0.0375 0.125
0 0.2625 0.67890625 0.046875 0.14375
0 0.21328125 0.22890625 0.0265625 0.071875
0 0.09921875 0.4515625 0.0265625 0.096875
0 0.04296875 0.421875 0.034375 0.1015625
0 0.31953125 0.42109375 0.0375 0.0984375