0 0.20390625 0.321875 0.0625 0.0984375
0 0.1421875 0.5234375 0.0671875 0.14375
0 0.6390625 0.99140625 0.05 0.0171875
0 0.5484375 0.33671875 0.053125 0.096875
0 0.57265625 0.309375 0.034375 0.1078125
0 0.70859375 0.3953125 0.0421875 0.115625
0 0.721875 0.4578125 0.046875 0.1140625
0 0.83984375 0.45 0.0421875 0.1078125
0 0.84296875 0.425 0.040625 0.1109375
0 0.99375 0.36484375 0.0125 0.1015625
0 0.97578125 0.303125 0.0359375 0.0984375
0 0.90546875 0.23203125 0.034375 0.09375
0 0.43515625 0.1234375 0.0203125 0.0625