0 0.8890625 0.4375 0.0625 0.096875
0 0.88828125 0.63984375 0.0671875 0.1390625
0 0.29296875 0.94921875 0.0515625 0.0546875
0 0.565625 0.353125 0.053125 0.0953125
0 0.5515625 0.32109375 0.034375 0.1046875
0 0.4015625 0.36171875 0.0421875 0.1109375
0 0.371875 0.41640625 0.046875 0.109375
0 0.26484375 0.37578125 0.0421875 0.103125
0 0.26953125 0.35234375 0.040625 0.10625
0 0.1359375 0.25078125 0.0359375 0.0984375
0 0.18125 0.2015625 0.0359375 0.0953125
0 0.26640625 0.15625 0.034375 0.090625
0 0.73046875 0.18828125 0.021875 0.0609375