0 0.06015625 0.6390625 0.0453125 0.11875
0 0.1671875 0.58515625 0.0453125 0.09375
0 0.14140625 0.54921875 0.034375 0.1015625
0 0.29609375 0.8609375 0.0484375 0.1484375
0 0.3828125 0.615625 0.0359375 0.1171875
0 0.3203125 0.55546875 0.034375 0.0953125
0 0.38125 0.35078125 0.025 0.0671875
0 0.578125 0.42421875 0.028125 0.078125
0 0.5546875 0.496875 0.028125 0.0921875
0 0.56640625 0.609375 0.0390625 0.115625
0 0.7703125 0.6953125 0.0484375 0.1328125
0 0.8015625 0.278125 0.028125 0.0671875
0 0.915625 0.48046875 0.028125 0.0890625
0 0.965625 0.45078125 0.034375 0.09375
0 0.71015625 0.459375 0.0375 0.0921875