0 0.43828125 0.2484375 0.01875 0.0703125
0 0.41796875 0.3453125 0.0296875 0.090625
0 0.36953125 0.384375 0.0375 0.0953125
0 0.57421875 0.4546875 0.028125 0.1125
0 0.67890625 0.2515625 0.0203125 0.06875
0 0.76875 0.34765625 0.0234375 0.0890625
0 0.89296875 0.26796875 0.0265625 0.0609375
0 0.8515625 0.47890625 0.028125 0.109375
0 0.95 0.5375 0.03125 0.115625
0 0.3421875 0.853125 0.0359375 0.171875
0 0.0796875 0.47265625 0.040625 0.11875
0 0.21328125 0.35 0.028125 0.096875
0 0.88203125 0.3859375 0.0328125 0.0921875
0 0.40078125 0.146875 0.0140625 0.05