0 0.99375 0.6296875 0.0125 0.125
0 0.975 0.50546875 0.0296875 0.1125
0 0.89765625 0.2734375 0.021875 0.0640625
0 0.59140625 0.30390625 0.0265625 0.0703125
0 0.57109375 0.28984375 0.0234375 0.0671875
0 0.52265625 0.34453125 0.01875 0.075
0 0.4171875 0.5703125 0.028125 0.11875
0 0.35859375 0.54609375 0.0234375 0.1140625
0 0.40078125 0.42578125 0.0296875 0.096875
0 0.39921875 0.40546875 0.0234375 0.0890625
0 0.35 0.3234375 0.01875 0.0734375
0 0.30625 0.32734375 0.015625 0.0765625
0 0.3296875 0.28984375 0.021875 0.071875
0 0.0859375 0.45078125 0.021875 0.0921875
0 0.08046875 0.428125 0.021875 0.084375
0 0.1296875 0.38984375 0.0265625 0.0875
0 0.7 0.9296875 0.0421875 0.128125