0 0.02890625 0.3359375 0.0265625 0.06875
0 0.35703125 0.33359375 0.0296875 0.0765625
0 0.37734375 0.315625 0.028125 0.0734375
0 0.434375 0.36796875 0.0234375 0.08125
0 0.571875 0.596875 0.034375 0.1265625
0 0.63046875 0.565625 0.0296875 0.1234375
0 0.5734375 0.4421875 0.0359375 0.1046875
0 0.57265625 0.4203125 0.028125 0.0953125
0 0.615625 0.3265625 0.021875 0.0796875
0 0.6625 0.32578125 0.01875 0.08125
0 0.63359375 0.2890625 0.025 0.078125
0 0.909375 0.4328125 0.0265625 0.1
0 0.9125 0.40859375 0.0265625 0.0921875
0 0.85703125 0.37421875 0.03125 0.09375
0 0.30859375 0.97109375 0.0453125 0.0578125