0 0.16328125 0.90546875 0.053125 0.1359375
0 0.45546875 0.63828125 0.0359375 0.1375
0 0.5 0.5671875 0.03125 0.1171875
0 0.51328125 0.43671875 0.028125 0.1015625
0 0.33046875 0.3109375 0.0203125 0.0625
0 0.32421875 0.29375 0.0234375 0.06875
0 0.4296875 0.39296875 0.03125 0.096875
0 0.40234375 0.353125 0.021875 0.078125
0 0.48203125 0.33359375 0.0265625 0.075
0 0.51328125 0.32265625 0.021875 0.075
0 0.48828125 0.26015625 0.021875 0.0671875
0 0.7 0.4578125 0.025 0.0984375
0 0.7140625 0.4109375 0.0265625 0.0875
0 0.7390625 0.378125 0.0234375 0.0859375
0 0.81484375 0.61953125 0.03125 0.1171875
0 0.96328125 0.3109375 0.021875 0.0828125