0 0.57578125 0.65546875 0.0625 0.1140625
0 0.615625 0.6296875 0.046875 0.10625
0 0.465625 0.5609375 0.04375 0.11875
0 0.51796875 0.5421875 0.053125 0.10625
0 0.61015625 0.40234375 0.04375 0.0890625
0 0.72734375 0.32265625 0.034375 0.08125
0 0.53515625 0.3703125 0.0421875 0.0953125
0 0.51875 0.3546875 0.0296875 0.090625
0 0.396875 0.290625 0.0375 0.084375
0 0.278125 0.3796875 0.034375 0.0984375
0 0.29296875 0.31328125 0.0296875 0.078125
0 0.28359375 0.23515625 0.03125 0.0734375
0 0.23828125 0.2703125 0.0390625 0.0828125
0 0.11015625 0.3078125 0.0359375 0.0828125
0 0.13359375 0.22109375 0.034375 0.0828125
0 0.046875 0.23046875 0.03125 0.078125