0 0.4 0.62890625 0.05625 0.1140625
0 0.36875 0.59296875 0.0421875 0.10625
0 0.53203125 0.565625 0.0375 0.1203125
0 0.48671875 0.53359375 0.0484375 0.1046875
0 0.4328125 0.37265625 0.040625 0.0890625
0 0.3390625 0.26484375 0.0296875 0.08125
0 0.51484375 0.36171875 0.0375 0.0953125
0 0.534375 0.35078125 0.025 0.090625
0 0.66953125 0.31953125 0.0328125 0.0828125
0 0.76328125 0.4375 0.0296875 0.0984375
0 0.765625 0.36953125 0.028125 0.078125
0 0.7953125 0.29609375 0.028125 0.075
0 0.83046875 0.34140625 0.034375 0.08125
0 0.9453125 0.41171875 0.0328125 0.0828125
0 0.9453125 0.32109375 0.03125 0.0828125