0 0.03671875 0.45703125 0.03125 0.11875
0 0.1 0.3703125 0.0375 0.10625
0 0.17890625 0.3375 0.0296875 0.096875
0 0.23984375 0.33515625 0.0328125 0.090625
0 0.32421875 0.28828125 0.025 0.0875
0 0.371875 0.315625 0.0234375 0.084375
0 0.37109375 0.4109375 0.0375 0.09375
0 0.415625 0.3203125 0.028125 0.0859375
0 0.53203125 0.5796875 0.0359375 0.1265625
0 0.6015625 0.53984375 0.034375 0.1203125
0 0.5578125 0.41328125 0.0359375 0.1046875
0 0.6984375 0.32109375 0.0265625 0.0875
0 0.69921875 0.48046875 0.0453125 0.0921875
0 0.7546875 0.53828125 0.05 0.1109375
0 0.9046875 0.6109375 0.0328125 0.11875