0 0.01875 0.50625 0.0265625 0.11875
0 0.071875 0.4109375 0.0328125 0.10625
0 0.146875 0.3703125 0.025 0.096875
0 0.2078125 0.36015625 0.028125 0.090625
0 0.28515625 0.30234375 0.0203125 0.0859375
0 0.33671875 0.3234375 0.01875 0.084375
0 0.34765625 0.41953125 0.0328125 0.09375
0 0.38046875 0.32265625 0.0234375 0.0859375
0 0.52890625 0.5671875 0.0296875 0.125
0 0.59296875 0.51875 0.028125 0.11875
0 0.53359375 0.39765625 0.03125 0.1046875
0 0.66328125 0.28984375 0.021875 0.0875
0 0.6828125 0.4484375 0.0421875 0.090625
0 0.7453125 0.4984375 0.04375 0.109375
0 0.90390625 0.553125 0.028125 0.1171875