0 0.80703125 0.53203125 0.04375 0.1390625
0 0.80859375 0.3578125 0.034375 0.1140625
0 0.68671875 0.18359375 0.0296875 0.0671875
0 0.61328125 0.2484375 0.028125 0.084375
0 0.55859375 0.20625 0.0265625 0.06875
0 0.49140625 0.26953125 0.0265625 0.078125
0 0.35 0.384375 0.03125 0.1015625
0 0.27109375 0.26953125 0.034375 0.0625
0 0.23203125 0.253125 0.03125 0.0765625
0 0.26328125 0.3484375 0.0296875 0.090625
0 0.23671875 0.4796875 0.0375 0.1125
0 0.15546875 0.50703125 0.034375 0.1109375
0 0.1421875 0.29453125 0.028125 0.08125
0 0.01640625 0.40234375 0.0328125 0.0984375
0 0.5 0.915625 0.0625 0.16875