0 0.728125 0.58046875 0.025 0.065625
0 0.5828125 0.48046875 0.0203125 0.0671875
0 0.0828125 0.39296875 0.0203125 0.0640625
0 0.08203125 0.58984375 0.015625 0.0875
0 0.10546875 0.715625 0.025 0.1046875
0 0.16796875 0.78359375 0.0328125 0.1171875
0 0.19140625 0.775 0.025 0.109375
0 0.2109375 0.77109375 0.025 0.109375
0 0.29609375 0.76015625 0.0296875 0.10625
0 0.6546875 0.77421875 0.0234375 0.1109375
0 0.57578125 0.7359375 0.0234375 0.1015625
0 0.48125 0.68671875 0.025 0.103125
0 0.4765625 0.68515625 0.015625 0.09375
0 0.45390625 0.6734375 0.0375 0.103125
0 0.43828125 0.6671875 0.01875 0.0984375
0 0.421875 0.66796875 0.0203125 0.09375
0 0.425 0.65859375 0.0171875 0.0921875
0 0.384375 0.640625 0.01875 0.0828125
0 0.38359375 0.5984375 0.0234375 0.0875
0 0.359375 0.5921875 0.028125 0.0765625
0 0.34453125 0.58203125 0.0203125 0.0828125
0 0.334375 0.56640625 0.0234375 0.0796875
0 0.28984375 0.53125 0.0234375 0.0859375
0 0.21171875 0.51328125 0.03125 0.075