0 0.6125 0.79375 0.0484375 0.1484375
0 0.64296875 0.628125 0.03125 0.1203125
0 0.7109375 0.271875 0.0203125 0.0875
0 0.54453125 0.38671875 0.0234375 0.09375
0 0.45390625 0.33828125 0.0234375 0.08125
0 0.41796875 0.3296875 0.0296875 0.0828125
0 0.3453125 0.46015625 0.0234375 0.09375
0 0.28984375 0.43203125 0.025 0.0875
0 0.325 0.30546875 0.0203125 0.08125
0 0.1921875 0.36484375 0.01875 0.0890625
0 0.16953125 0.33671875 0.025 0.0875
0 0.14140625 0.26015625 0.01875 0.0703125
0 0.06953125 0.3140625 0.021875 0.0828125