0 0.7140625 0.58671875 0.028125 0.065625
0 0.57890625 0.47890625 0.025 0.0671875
0 0.096875 0.359375 0.0234375 0.0625
0 0.0828125 0.5515625 0.021875 0.0859375
0 0.096875 0.6765625 0.03125 0.1015625
0 0.153125 0.746875 0.0390625 0.115625
0 0.17578125 0.740625 0.03125 0.1078125
0 0.19609375 0.73828125 0.03125 0.10625
0 0.28046875 0.7328125 0.034375 0.10625
0 0.62890625 0.77109375 0.03125 0.109375
0 0.5546875 0.728125 0.0296875 0.0984375
0 0.465625 0.67421875 0.03125 0.1015625
0 0.4609375 0.67265625 0.021875 0.090625
0 0.440625 0.659375 0.04375 0.1015625
0 0.425 0.6515625 0.025 0.096875
0 0.40859375 0.6515625 0.0265625 0.0921875
0 0.41328125 0.64296875 0.0234375 0.090625
0 0.375 0.621875 0.0234375 0.08125
0 0.3765625 0.58125 0.028125 0.0859375
0 0.35234375 0.5734375 0.0328125 0.075
0 0.33984375 0.5625 0.025 0.08125
0 0.33046875 0.546875 0.0265625 0.0796875
0 0.2890625 0.50859375 0.028125 0.084375
0 0.21484375 0.48515625 0.0359375 0.075