0 0.79453125 0.82578125 0.05 0.1125
0 0.7015625 0.88046875 0.0453125 0.103125
0 0.70703125 0.77109375 0.04375 0.09375
0 0.55234375 0.8515625 0.0484375 0.11875
0 0.6375 0.665625 0.03125 0.0859375
0 0.6546875 0.61484375 0.028125 0.0828125
0 0.66875 0.609375 0.025 0.08125
0 0.51953125 0.71171875 0.0296875 0.096875
0 0.53671875 0.6359375 0.03125 0.08125
0 0.5734375 0.5046875 0.0265625 0.075
0 0.50234375 0.50703125 0.025 0.0734375
0 0.4171875 0.4734375 0.021875 0.0421875
0 0.440625 0.60703125 0.025 0.0734375
0 0.43203125 0.65234375 0.034375 0.08125
0 0.4015625 0.6875 0.025 0.0875
0 0.3578125 0.6890625 0.0390625 0.0953125
0 0.3296875 0.4140625 0.021875 0.059375
0 0.05625 0.475 0.028125 0.059375