0 0.06640625 0.3875 0.0390625 0.1109375
0 0.12734375 0.303125 0.0390625 0.0875
0 0.2140625 0.43359375 0.03125 0.1015625
0 0.31328125 0.35625 0.0328125 0.084375
0 0.33984375 0.36328125 0.03125 0.0828125
0 0.29296875 0.57734375 0.0390625 0.134375
0 0.37734375 0.3921875 0.0328125 0.0984375
0 0.434375 0.4140625 0.0296875 0.096875
0 0.5015625 0.365625 0.034375 0.0921875
0 0.46796875 0.53984375 0.034375 0.1234375
0 0.71484375 0.60390625 0.0375 0.1171875
0 0.7453125 0.525 0.0390625 0.1015625
0 0.79296875 0.55078125 0.0515625 0.0984375
0 0.8921875 0.5125 0.0390625 0.103125
0 0.81953125 0.7578125 0.0484375 0.15