0 0.0921875 0.36171875 0.034375 0.0890625
0 0.15703125 0.45546875 0.028125 0.0953125
0 0.1859375 0.35390625 0.034375 0.084375
0 0.18515625 0.55546875 0.0390625 0.1140625
0 0.30234375 0.3890625 0.028125 0.0953125
0 0.28828125 0.35546875 0.0265625 0.084375
0 0.32890625 0.35390625 0.028125 0.0921875
0 0.378125 0.48046875 0.0359375 0.1109375
0 0.346875 0.35703125 0.0265625 0.0984375
0 0.56953125 0.4734375 0.0296875 0.1078125
0 0.6046875 0.41640625 0.0390625 0.1
0 0.6203125 0.3796875 0.0359375 0.1
0 0.690625 0.46484375 0.0390625 0.1203125
0 0.68515625 0.621875 0.0328125 0.1375