0 0.28671875 0.53984375 0.025 0.0671875
0 0.440625 0.46171875 0.021875 0.0671875
0 0.9390625 0.44375 0.021875 0.0640625
0 0.95703125 0.646875 0.0203125 0.0890625
0 0.8578125 0.5515625 0.034375 0.0765625
0 0.875 0.75625 0.03125 0.103125
0 0.8046875 0.81640625 0.0328125 0.1140625
0 0.78203125 0.80390625 0.03125 0.1109375
0 0.76171875 0.7953125 0.0296875 0.109375
0 0.68671875 0.7828125 0.040625 0.1046875
0 0.3390625 0.73828125 0.0296875 0.10625
0 0.4109375 0.70859375 0.0265625 0.1
0 0.4890625 0.6875 0.0203125 0.096875
0 0.49375 0.6765625 0.034375 0.096875
0 0.54296875 0.66796875 0.0234375 0.103125
0 0.55546875 0.66640625 0.0203125 0.0984375
0 0.57265625 0.6640625 0.0234375 0.09375
0 0.61015625 0.6453125 0.021875 0.08125
0 0.62109375 0.609375 0.03125 0.0875
0 0.640625 0.60234375 0.0296875 0.0796875
0 0.64609375 0.59296875 0.01875 0.08125
0 0.65703125 0.596875 0.034375 0.06875
0 0.721875 0.55390625 0.03125 0.0859375