0 0.28828125 0.61640625 0.03125 0.0734375
0 0.4265625 0.49296875 0.028125 0.071875
0 0.9390625 0.334375 0.0296875 0.0703125
0 0.88515625 0.46953125 0.0421875 0.0828125
0 0.96015625 0.678125 0.0421875 0.1125
0 0.903125 0.75859375 0.0453125 0.1234375
0 0.87578125 0.75234375 0.04375 0.1203125
0 0.85234375 0.74921875 0.0421875 0.11875
0 0.771875 0.75859375 0.0515625 0.1140625
0 0.39765625 0.80859375 0.040625 0.115625
0 0.4640625 0.7578125 0.0375 0.1078125
0 0.5390625 0.71328125 0.03125 0.1046875
0 0.5421875 0.7015625 0.0453125 0.10625
0 0.5890625 0.678125 0.034375 0.1109375
0 0.60234375 0.67421875 0.0328125 0.10625
0 0.61953125 0.66640625 0.034375 0.1
0 0.65390625 0.6359375 0.0296875 0.0875
0 0.6546875 0.5953125 0.0421875 0.0953125
0 0.67265625 0.5828125 0.0390625 0.0859375
0 0.67578125 0.571875 0.028125 0.0875
0 0.68828125 0.5734375 0.0421875 0.075
0 0.74375 0.51015625 0.040625 0.0921875