0 0.31953125 0.7640625 0.01875 0.084375
0 0.409375 0.6109375 0.0234375 0.075
0 0.3796875 0.5875 0.021875 0.071875
0 0.38671875 0.51171875 0.0171875 0.0671875
0 0.42890625 0.54296875 0.0203125 0.0609375
0 0.4265625 0.48359375 0.0203125 0.0640625
0 0.47421875 0.559375 0.01875 0.0640625
0 0.5390625 0.4515625 0.025 0.0703125
0 0.565625 0.5578125 0.0140625 0.0640625
0 0.584375 0.559375 0.0171875 0.0734375
0 0.60234375 0.5375 0.021875 0.06875
0 0.6625 0.43125 0.01875 0.0578125
0 0.72421875 0.384375 0.0140625 0.0515625
0 0.603125 0.6640625 0.0203125 0.071875
0 0.7484375 0.60390625 0.0265625 0.0671875
0 0.865625 0.56171875 0.0265625 0.0640625
0 0.5578125 0.8515625 0.0265625 0.096875
0 0.7265625 0.85625 0.025 0.0890625
0 0.97265625 0.88203125 0.0203125 0.0796875