0 0.26875 0.7796875 0.015625 0.0796875
0 0.3484375 0.63125 0.0203125 0.0703125
0 0.31953125 0.609375 0.01875 0.0671875
0 0.3234375 0.53671875 0.0140625 0.0625
0 0.36484375 0.565625 0.0171875 0.0578125
0 0.36015625 0.509375 0.0171875 0.0609375
0 0.4078125 0.5796875 0.015625 0.0609375
0 0.46640625 0.475 0.021875 0.065625
0 0.49453125 0.57421875 0.0125 0.0609375
0 0.5125 0.57578125 0.0140625 0.0703125
0 0.52890625 0.5546875 0.01875 0.0640625
0 0.58203125 0.4515625 0.015625 0.05625
0 0.6390625 0.4046875 0.0125 0.0484375
0 0.53359375 0.675 0.0171875 0.0671875
0 0.6703125 0.6125 0.0234375 0.0640625
0 0.77890625 0.56875 0.021875 0.0609375
0 0.49609375 0.8546875 0.021875 0.090625
0 0.65625 0.853125 0.021875 0.084375
0 0.903125 0.87109375 0.0375 0.0765625