0 0.73359375 0.58203125 0.0203125 0.090625
0 0.5828125 0.48671875 0.021875 0.0671875
0 0.078125 0.390625 0.0234375 0.0671875
0 0.14375 0.5109375 0.0328125 0.0796875
0 0.09296875 0.71953125 0.028125 0.10625
0 0.15859375 0.7921875 0.0375 0.11875
0 0.18203125 0.78203125 0.03125 0.1140625
0 0.203125 0.7796875 0.0265625 0.1125
0 0.28203125 0.77890625 0.040625 0.1078125
0 0.6578125 0.8 0.028125 0.1140625
0 0.5859375 0.7515625 0.025 0.1046875
0 0.50390625 0.7078125 0.0328125 0.1
0 0.50078125 0.70546875 0.034375 0.0921875
0 0.44453125 0.68359375 0.025 0.10625
0 0.4359375 0.67734375 0.01875 0.103125
0 0.41796875 0.6765625 0.021875 0.09375
0 0.425 0.67265625 0.0203125 0.0953125
0 0.38203125 0.65234375 0.021875 0.0828125
0 0.3765625 0.61015625 0.034375 0.0921875
0 0.359375 0.60078125 0.0328125 0.0796875
0 0.34296875 0.56796875 0.021875 0.084375
0 0.31796875 0.565625 0.0265625 0.075
0 0.2828125 0.53828125 0.0296875 0.0875