0 0.028125 0.36171875 0.021875 0.0765625
0 0.0765625 0.346875 0.034375 0.071875
0 0.0890625 0.35390625 0.0203125 0.0515625
0 0.18984375 0.36875 0.028125 0.0609375
0 0.2375 0.38671875 0.03125 0.059375
0 0.22421875 0.378125 0.0234375 0.0578125
0 0.25390625 0.38671875 0.0296875 0.0640625
0 0.30703125 0.39296875 0.0265625 0.065625
0 0.35625 0.41328125 0.0234375 0.05625
0 0.38515625 0.39609375 0.021875 0.053125
0 0.384375 0.37421875 0.0265625 0.0625
0 0.47890625 0.40625 0.021875 0.06875
0 0.39296875 0.5453125 0.0359375 0.0921875
0 0.4078125 0.5265625 0.0375 0.0921875
0 0.6421875 0.45546875 0.028125 0.0875