0 0.00625 0.675 0.0125 0.1875
0 0.0484375 0.73203125 0.0515625 0.20625
0 0.1453125 0.6109375 0.040625 0.165625
0 0.253125 0.72421875 0.05 0.1875
0 0.50859375 0.33046875 0.0265625 0.096875
0 0.54609375 0.3640625 0.0171875 0.1
0 0.403125 0.471875 0.034375 0.1265625
0 0.3765625 0.4953125 0.021875 0.1390625
0 0.3578125 0.50859375 0.0265625 0.1421875
0 0.340625 0.47578125 0.0296875 0.13125
0 0.31875 0.44296875 0.0234375 0.1234375
0 0.3125 0.4265625 0.0265625 0.11875
0 0.69375 0.36875 0.028125 0.0625
0 0.66171875 0.61171875 0.034375 0.1609375
0 0.6484375 0.59140625 0.0328125 0.1453125
0 0.903125 0.628125 0.0390625 0.15
0 0.86015625 0.5671875 0.0484375 0.14375
0 0.828125 0.33046875 0.021875 0.0859375