0 0.27734375 0.5375 0.025 0.090625
0 0.4453125 0.47265625 0.025 0.06875
0 0.9609375 0.475 0.028125 0.0671875
0 0.8734375 0.58125 0.0375 0.08125
0 0.8828125 0.796875 0.0328125 0.1078125
0 0.8046875 0.85546875 0.04375 0.1203125
0 0.78359375 0.8421875 0.0359375 0.115625
0 0.76328125 0.83515625 0.0328125 0.1125
0 0.68515625 0.81875 0.046875 0.1109375
0 0.31171875 0.7671875 0.034375 0.115625
0 0.390625 0.73359375 0.0296875 0.10625
0 0.48046875 0.70625 0.0375 0.1015625
0 0.484375 0.7046875 0.0390625 0.09375
0 0.54296875 0.69375 0.03125 0.1078125
0 0.553125 0.68828125 0.0234375 0.103125
0 0.57109375 0.69140625 0.0265625 0.09375
0 0.56484375 0.6859375 0.025 0.096875
0 0.61171875 0.675 0.025 0.084375
0 0.62421875 0.634375 0.0390625 0.09375
0 0.64375 0.628125 0.0375 0.08125
0 0.665625 0.59921875 0.0265625 0.0859375
0 0.69140625 0.6015625 0.03125 0.0765625
0 0.73125 0.58125 0.034375 0.0890625