0 0.94375 0.69453125 0.034375 0.178125
0 0.890625 0.746875 0.0453125 0.1953125
0 0.8 0.6296875 0.034375 0.15625
0 0.69609375 0.7359375 0.04375 0.178125
0 0.46015625 0.35703125 0.021875 0.0921875
0 0.4234375 0.38828125 0.015625 0.0953125
0 0.5578125 0.49296875 0.03125 0.11875
0 0.5828125 0.51640625 0.01875 0.13125
0 0.6 0.52890625 0.021875 0.134375
0 0.6171875 0.4984375 0.025 0.125
0 0.63828125 0.4671875 0.0203125 0.115625
0 0.64453125 0.4515625 0.021875 0.1125
0 0.28359375 0.390625 0.025 0.059375
0 0.309375 0.621875 0.03125 0.153125
0 0.32265625 0.603125 0.028125 0.1375
0 0.0796875 0.63359375 0.034375 0.14375
0 0.121875 0.5765625 0.04375 0.134375
0 0.15625 0.35234375 0.01875 0.08125