0 0.01171875 0.4828125 0.0234375 0.075
0 0.02109375 0.48671875 0.021875 0.0546875
0 0.12734375 0.47265625 0.0296875 0.065625
0 0.18203125 0.4765625 0.0328125 0.0625
0 0.165625 0.471875 0.025 0.0609375
0 0.19921875 0.47109375 0.03125 0.06875
0 0.2546875 0.46328125 0.028125 0.0703125
0 0.3109375 0.46953125 0.025 0.059375
0 0.33515625 0.44375 0.0234375 0.05625
0 0.32890625 0.42109375 0.028125 0.065625
0 0.434375 0.4265625 0.0234375 0.0734375
0 0.38671875 0.59296875 0.0390625 0.096875
0 0.396875 0.56953125 0.0390625 0.096875
0 0.61484375 0.42890625 0.0296875 0.0921875