0 0.0453125 0.37109375 0.0359375 0.1296875
0 0.2828125 0.3515625 0.0328125 0.10625
0 0.3296875 0.39140625 0.0546875 0.1171875
0 0.37265625 0.39140625 0.0421875 0.1078125
0 0.4390625 0.33359375 0.0328125 0.08125
0 0.4296875 0.409375 0.0515625 0.1265625
0 0.453125 0.40390625 0.0375 0.1203125
0 0.45625 0.4328125 0.0515625 0.128125
0 0.5265625 0.3890625 0.0390625 0.1046875
0 0.55078125 0.39375 0.046875 0.109375
0 0.5984375 0.39375 0.0578125 0.0859375
0 0.3640625 0.61015625 0.046875 0.1390625
0 0.425 0.60546875 0.05625 0.1453125
0 0.6453125 0.41953125 0.034375 0.1109375