0 0.24296875 0.84921875 0.0375 0.084375
0 0.24609375 0.8140625 0.0390625 0.084375
0 0.27890625 0.72890625 0.0296875 0.0640625
0 0.45078125 0.971875 0.0296875 0.05625
0 0.24296875 0.66796875 0.03125 0.0671875
0 0.2640625 0.6265625 0.0296875 0.065625
0 0.29453125 0.64453125 0.0296875 0.08125
0 0.303125 0.6140625 0.0359375 0.0609375
0 0.34609375 0.5421875 0.034375 0.0640625
0 0.34921875 0.52890625 0.025 0.0640625
0 0.3953125 0.58046875 0.0296875 0.075
0 0.41171875 0.56640625 0.0296875 0.0578125
0 0.38984375 0.39453125 0.021875 0.059375
0 0.4515625 0.4203125 0.015625 0.0578125
0 0.5703125 0.3578125 0.01875 0.046875
0 0.5984375 0.31796875 0.0140625 0.0453125
0 0.82109375 0.503125 0.028125 0.0578125