0 0.99453125 0.47109375 0.0109375 0.1265625
0 0.925 0.43046875 0.025 0.1265625
0 0.70078125 0.359375 0.0234375 0.1046875
0 0.64765625 0.38671875 0.04375 0.1125
0 0.60625 0.3765625 0.0328125 0.1046875
0 0.55546875 0.30703125 0.025 0.0796875
0 0.5484375 0.38125 0.040625 0.121875
0 0.52734375 0.37109375 0.028125 0.1171875
0 0.51796875 0.3984375 0.040625 0.125
0 0.4609375 0.340625 0.0296875 0.1015625
0 0.4359375 0.340625 0.0375 0.10625
0 0.390625 0.3296875 0.05 0.08125
0 0.5671875 0.58828125 0.034375 0.134375
0 0.51015625 0.5703125 0.04375 0.140625
0 0.340625 0.34296875 0.025 0.1078125