0 0.16171875 0.86953125 0.0328125 0.090625
0 0.1703125 0.83046875 0.034375 0.090625
0 0.21953125 0.7421875 0.0265625 0.0703125
0 0.1890625 0.66953125 0.0265625 0.0734375
0 0.21953125 0.62734375 0.0265625 0.071875
0 0.24921875 0.6515625 0.0234375 0.0890625
0 0.26328125 0.6203125 0.034375 0.0640625
0 0.321875 0.54765625 0.03125 0.0671875
0 0.32734375 0.5328125 0.0203125 0.06875
0 0.36953125 0.596875 0.0234375 0.08125
0 0.38984375 0.58515625 0.0265625 0.0609375
0 0.3921875 0.3921875 0.0171875 0.065625
0 0.45703125 0.4296875 0.0109375 0.0640625
0 0.59609375 0.37890625 0.015625 0.0515625
0 0.6328125 0.33984375 0.0109375 0.05
0 0.84765625 0.57734375 0.025 0.0625