0 0.4078125 0.51015625 0.0359375 0.0546875
0 0.40859375 0.4859375 0.03125 0.059375
0 0.328125 0.51953125 0.0296875 0.059375
0 0.36484375 0.50390625 0.0296875 0.0578125
0 0.20625 0.75625 0.0328125 0.08125
0 0.20859375 0.61796875 0.0234375 0.0734375
0 0.1890625 0.6125 0.028125 0.0984375
0 0.33828125 0.4421875 0.0140625 0.053125
0 0.33046875 0.421875 0.021875 0.0609375
0 0.46328125 0.4625 0.025 0.0671875
0 0.446875 0.35625 0.0171875 0.0625
0 0.5015625 0.4 0.015625 0.0640625
0 0.52578125 0.45234375 0.025 0.0515625
0 0.5609375 0.3515625 0.01875 0.059375
0 0.7046875 0.3359375 0.0140625 0.0484375
0 0.8984375 0.74375 0.0328125 0.0703125
0 0.86328125 0.69453125 0.03125 0.0765625
0 0.31171875 0.96953125 0.0265625 0.0390625