0 0.5578125 0.76953125 0.046875 0.1453125
0 0.61796875 0.7546875 0.059375 0.1515625
0 0.80703125 0.584375 0.04375 0.1375
0 0.75 0.3625 0.0265625 0.090625
0 0.7171875 0.29140625 0.034375 0.078125
0 0.48984375 0.43515625 0.0515625 0.096875
0 0.48984375 0.3421875 0.034375 0.0875
0 0.346875 0.5203125 0.04375 0.115625
0 0.3953125 0.35859375 0.028125 0.0765625
0 0.38671875 0.13984375 0.0234375 0.0625
0 0.259375 0.20625 0.025 0.06875
0 0.234375 0.1921875 0.021875 0.059375
0 0.134375 0.31484375 0.0421875 0.09375
0 0.2078125 0.41171875 0.0484375 0.1109375
0 0.10703125 0.38203125 0.0375 0.10625
0 0.09375 0.64921875 0.0421875 0.1328125
0 0.00546875 0.44921875 0.0109375 0.103125