0 0.31875 0.44375 0.0296875 0.08125
0 0.18984375 0.45703125 0.0328125 0.0921875
0 0.1390625 0.58515625 0.0359375 0.10625
0 0.26953125 0.29921875 0.021875 0.059375
0 0.27734375 0.7078125 0.0453125 0.1171875
0 0.47578125 0.63125 0.0421875 0.10625
0 0.496875 0.5875 0.0546875 0.11875
0 0.54375 0.40546875 0.0296875 0.0859375
0 0.46484375 0.34765625 0.025 0.071875
0 0.5296875 0.34765625 0.021875 0.0734375
0 0.73046875 0.521875 0.0515625 0.1109375
0 0.7859375 0.53046875 0.040625 0.103125
0 0.809375 0.35234375 0.0296875 0.08125
0 0.85625 0.2390625 0.025 0.0703125
0 0.721875 0.2 0.021875 0.059375
0 0.809375 0.234375 0.021875 0.0640625
0 0.92578125 0.3796875 0.040625 0.096875
0 0.2765625 0.1890625 0.015625 0.040625