0 0.88671875 0.23203125 0.034375 0.0921875
0 0.94375 0.55859375 0.0546875 0.1296875
0 0.80390625 0.4140625 0.0421875 0.1171875
0 0.7453125 0.315625 0.0453125 0.090625
0 0.71171875 0.35234375 0.05625 0.090625
0 0.57890625 0.2828125 0.0453125 0.1
0 0.525 0.40703125 0.046875 0.103125
0 0.49140625 0.3625 0.0421875 0.103125
0 0.38828125 0.42734375 0.05 0.0921875
0 0.33359375 0.415625 0.05 0.0984375
0 0.278125 0.45859375 0.040625 0.1015625
0 0.17734375 0.63515625 0.0390625 0.1171875
0 0.15 0.7984375 0.0640625 0.1375