0 0.66640625 0.384375 0.03125 0.0828125
0 0.7953125 0.3625 0.034375 0.09375
0 0.88125 0.4734375 0.0375 0.10625
0 0.6734375 0.23125 0.021875 0.059375
0 0.78046875 0.63046875 0.0453125 0.1171875
0 0.56640625 0.61171875 0.0421875 0.1078125
0 0.53359375 0.57421875 0.05625 0.11875
0 0.43671875 0.4109375 0.0296875 0.0875
0 0.496875 0.3328125 0.025 0.071875
0 0.434375 0.35 0.021875 0.0734375
0 0.28828125 0.57578125 0.0515625 0.1125
0 0.2375 0.6 0.040625 0.1046875
0 0.1640625 0.4328125 0.0296875 0.08125
0 0.08671875 0.3359375 0.025 0.071875
0 0.20703125 0.26015625 0.021875 0.059375
0 0.13046875 0.31796875 0.0234375 0.0640625
0 0.05859375 0.4921875 0.040625 0.096875
0 0.63671875 0.12578125 0.0171875 0.0421875