0 0.309375 0.715625 0.04375 0.1078125
0 0.40390625 0.603125 0.046875 0.0953125
0 0.15234375 0.51015625 0.040625 0.1109375
0 0.28359375 0.49921875 0.0359375 0.1078125
0 0.2671875 0.409375 0.0328125 0.09375
0 0.43515625 0.515625 0.040625 0.1109375
0 0.50390625 0.34296875 0.0296875 0.0875
0 0.58046875 0.30859375 0.0265625 0.0796875
0 0.33984375 0.2390625 0.0234375 0.0640625
0 0.653125 0.36953125 0.0359375 0.084375
0 0.77421875 0.49609375 0.0390625 0.1078125
0 0.80546875 0.51171875 0.0375 0.10625
0 0.86484375 0.34453125 0.0296875 0.084375
0 0.98203125 0.38125 0.0265625 0.0984375
0 0.9546875 0.2109375 0.034375 0.0703125
0 0.94765625 0.1953125 0.0375 0.078125
0 0.86328125 0.15234375 0.025 0.06875
0 0.3859375 0.11328125 0.0140625 0.04375