0 0.60703125 0.30703125 0.025 0.0921875
0 0.51953125 0.390625 0.034375 0.0953125
0 0.4828125 0.46328125 0.03125 0.10625
0 0.3484375 0.38828125 0.0390625 0.115625
0 0.21953125 0.4734375 0.0421875 0.1265625
0 0.18515625 0.3453125 0.03125 0.1015625
0 0.1234375 0.44765625 0.0390625 0.1234375
0 0.24375 0.82734375 0.05 0.178125
0 0.7453125 0.40703125 0.028125 0.0984375
0 0.86328125 0.50703125 0.0390625 0.1140625
0 0.909375 0.53984375 0.034375 0.115625
0 0.98984375 0.51953125 0.0203125 0.1140625
0 0.99453125 0.50703125 0.0109375 0.1265625
0 0.9265625 0.6859375 0.0515625 0.140625
0 0.0390625 0.7703125 0.065625 0.190625