0 0.6578125 0.90859375 0.053125 0.16875
0 0.8890625 0.88515625 0.0421875 0.190625
0 0.73359375 0.5484375 0.0375 0.1265625
0 0.83828125 0.49140625 0.0359375 0.1203125
0 0.871875 0.40390625 0.03125 0.103125
0 0.671875 0.446875 0.0328125 0.1125
0 0.5203125 0.49296875 0.0328125 0.109375
0 0.509375 0.40859375 0.021875 0.09375
0 0.490625 0.33359375 0.021875 0.0875
0 0.3546875 0.41640625 0.034375 0.096875
0 0.275 0.4109375 0.03125 0.1078125
0 0.1921875 0.459375 0.0296875 0.1046875
0 0.15625 0.48828125 0.0328125 0.109375
0 0.1203125 0.5234375 0.0359375 0.1171875