0 0.75234375 0.7109375 0.05 0.1359375
0 0.74296875 0.890625 0.046875 0.1734375
0 0.803125 0.8921875 0.040625 0.16875
0 0.91640625 0.86328125 0.059375 0.1671875
0 0.95390625 0.72265625 0.0375 0.15625
0 0.62421875 0.44140625 0.0296875 0.103125
0 0.56640625 0.69609375 0.0375 0.10625
0 0.5125 0.6953125 0.034375 0.1453125
0 0.553125 0.54453125 0.040625 0.115625
0 0.53359375 0.46015625 0.0328125 0.1203125
0 0.5171875 0.41171875 0.0265625 0.0953125
0 0.50625 0.3875 0.0234375 0.0984375
0 0.44765625 0.31484375 0.0203125 0.0859375
0 0.3453125 0.3078125 0.0265625 0.0859375
0 0.28046875 0.4640625 0.028125 0.1015625
0 0.225 0.37109375 0.0328125 0.0984375
0 0.19609375 0.56953125 0.0421875 0.134375
0 0.6046875 0.1875 0.01875 0.0796875
0 0.1328125 0.2484375 0.01875 0.0796875