0 0.38046875 0.91875 0.05 0.1546875
0 0.14765625 0.89921875 0.0375 0.178125
0 0.2984375 0.5671875 0.0359375 0.1265625
0 0.1921875 0.51171875 0.034375 0.1203125
0 0.15703125 0.42421875 0.0296875 0.103125
0 0.35859375 0.4640625 0.03125 0.1125
0 0.5109375 0.50703125 0.0296875 0.109375
0 0.5203125 0.4234375 0.0203125 0.09375
0 0.5375 0.34765625 0.0203125 0.0859375
0 0.67421875 0.428125 0.0328125 0.096875
0 0.7546875 0.42109375 0.028125 0.1078125
0 0.83828125 0.46796875 0.028125 0.1046875
0 0.87421875 0.496875 0.0296875 0.109375
0 0.9109375 0.53125 0.034375 0.1171875