0 0.771875 0.69375 0.0484375 0.1328125
0 0.76328125 0.86875 0.0453125 0.16875
0 0.82109375 0.86953125 0.0390625 0.1640625
0 0.93125 0.84140625 0.0578125 0.1625
0 0.96875 0.7046875 0.0359375 0.1515625
0 0.64765625 0.43203125 0.028125 0.1
0 0.59140625 0.67890625 0.0359375 0.103125
0 0.53828125 0.67734375 0.0328125 0.140625
0 0.578125 0.53203125 0.0390625 0.1109375
0 0.559375 0.45078125 0.0328125 0.115625
0 0.54375 0.403125 0.0265625 0.0921875
0 0.5328125 0.37890625 0.021875 0.0953125
0 0.47578125 0.309375 0.01875 0.0828125
0 0.3765625 0.3015625 0.025 0.0828125
0 0.3140625 0.453125 0.028125 0.0984375
0 0.26015625 0.3640625 0.0328125 0.0953125
0 0.23125 0.55625 0.040625 0.1296875
0 0.62890625 0.1859375 0.01875 0.0765625
0 0.1703125 0.24453125 0.01875 0.0765625