0 0.01328125 0.9125 0.0140625 0.175
0 0.2515625 0.8921875 0.03125 0.1640625
0 0.17734375 0.590625 0.0296875 0.1203125
0 0.1953125 0.4921875 0.0234375 0.09375
0 0.296875 0.38046875 0.0203125 0.0734375
0 0.31875 0.409375 0.0265625 0.08125
0 0.3265625 0.50703125 0.025 0.0921875
0 0.4265625 0.40703125 0.0234375 0.0859375
0 0.50234375 0.4296875 0.0203125 0.084375
0 0.5140625 0.37578125 0.0203125 0.0890625
0 0.5875 0.453125 0.025 0.09375
0 0.62421875 0.4890625 0.0234375 0.0984375
0 0.72734375 0.575 0.0234375 0.1078125
0 0.81796875 0.43984375 0.01875 0.09375
0 0.890625 0.60625 0.03125 0.121875