0 0.825 0.4265625 0.053125 0.096875
0 0.8015625 0.51875 0.0328125 0.115625
0 0.7109375 0.53046875 0.034375 0.1203125
0 0.6515625 0.4421875 0.0421875 0.109375
0 0.48125 0.484375 0.025 0.103125
0 0.46328125 0.4046875 0.021875 0.0984375
0 0.4328125 0.31484375 0.01875 0.084375
0 0.29609375 0.390625 0.03125 0.1
0 0.11328125 0.44453125 0.0328125 0.1046875
0 0.09375 0.4703125 0.04375 0.11875
0 0.07109375 0.44375 0.0296875 0.10625
0 0.08671875 0.41328125 0.0296875 0.115625
0 0.03046875 0.634375 0.046875 0.140625
0 0.60859375 0.89453125 0.05 0.1765625
0 0.8171875 0.88203125 0.053125 0.178125