0 0.5109375 0.734375 0.0328125 0.14375
0 0.61015625 0.6625 0.04375 0.1
0 0.42265625 0.6890625 0.0375 0.1140625
0 0.4734375 0.57421875 0.0375 0.1109375
0 0.49453125 0.49921875 0.03125 0.103125
0 0.525 0.44453125 0.028125 0.0921875
0 0.6203125 0.4828125 0.0296875 0.1015625
0 0.534375 0.39453125 0.015625 0.090625
0 0.45390625 0.33359375 0.021875 0.06875
0 0.39453125 0.31015625 0.0140625 0.075
0 0.21484375 0.53203125 0.028125 0.1109375
0 0.28671875 0.484375 0.0375 0.090625
0 0.240625 0.39609375 0.0375 0.090625
0 0.234375 0.23671875 0.025 0.0671875
0 0.7625 0.22421875 0.015625 0.075