0 0.140625 0.8328125 0.05625 0.171875
0 0.11953125 0.51328125 0.0484375 0.1265625
0 0.15546875 0.41640625 0.0375 0.0984375
0 0.2796875 0.3203125 0.03125 0.0765625
0 0.296875 0.35390625 0.0390625 0.0875
0 0.28671875 0.4546875 0.0390625 0.096875
0 0.40625 0.3703125 0.0359375 0.0921875
0 0.4796875 0.4078125 0.0328125 0.0875
0 0.5015625 0.3546875 0.034375 0.09375
0 0.5625 0.446875 0.0390625 0.1
0 0.59296875 0.490625 0.0375 0.1046875
0 0.6828125 0.59609375 0.040625 0.1140625
0 0.8 0.475 0.0328125 0.1
0 0.84453125 0.65703125 0.0484375 0.128125