0 0.46875 0.36171875 0.028125 0.0875
0 0.38203125 0.3453125 0.0359375 0.0765625
0 0.38125 0.29765625 0.0234375 0.0640625
0 0.5484375 0.2609375 0.0265625 0.0984375
0 0.69296875 0.35546875 0.03125 0.1078125
0 0.71328125 0.30078125 0.0265625 0.0953125
0 0.70234375 0.296875 0.0265625 0.078125
0 0.7921875 0.253125 0.025 0.0859375
0 0.88828125 0.42109375 0.034375 0.1171875
0 0.909375 0.41484375 0.05 0.115625
0 0.91640625 0.22890625 0.025 0.0890625
0 0.259375 0.63671875 0.04375 0.1546875
0 0.20859375 0.371875 0.028125 0.096875