0 0.5890625 0.65625 0.03125 0.13125
0 0.47578125 0.70625 0.0390625 0.140625
0 0.70859375 0.6953125 0.040625 0.128125
0 0.73828125 0.76796875 0.040625 0.153125
0 0.734375 0.6171875 0.021875 0.11875
0 0.83125 0.42421875 0.01875 0.08125
0 0.7421875 0.41953125 0.021875 0.0796875
0 0.6546875 0.41953125 0.0125 0.078125
0 0.6421875 0.4140625 0.01875 0.0703125
0 0.590625 0.4171875 0.015625 0.084375
0 0.5734375 0.41875 0.0140625 0.0828125
0 0.55625 0.42109375 0.015625 0.08125
0 0.5546875 0.4171875 0.015625 0.0796875
0 0.48828125 0.42109375 0.0140625 0.065625
0 0.52890625 0.2921875 0.0125 0.040625
0 0.41796875 0.390625 0.01875 0.06875
0 0.38828125 0.39296875 0.015625 0.0640625
0 0.32890625 0.39765625 0.015625 0.059375
0 0.3453125 0.3796875 0.015625 0.065625
0 0.27109375 0.3828125 0.015625 0.0625
0 0.36953125 0.27734375 0.009375 0.040625
0 0.175 0.39453125 0.025 0.059375
0 0.04296875 0.63671875 0.053125 0.11875