0 0.3984375 0.58828125 0.046875 0.1296875
0 0.5 0.6515625 0.05625 0.1390625
0 0.27890625 0.61015625 0.05625 0.128125
0 0.240625 0.67578125 0.059375 0.153125
0 0.26484375 0.5328125 0.0359375 0.1171875
0 0.1984375 0.33515625 0.028125 0.08125
0 0.28359375 0.3421875 0.03125 0.0796875
0 0.36796875 0.35390625 0.0234375 0.0765625
0 0.38046875 0.35078125 0.0265625 0.0703125
0 0.4296875 0.36015625 0.0265625 0.0828125
0 0.4453125 0.36484375 0.025 0.08125
0 0.46171875 0.36875 0.025 0.0796875
0 0.4640625 0.365625 0.0265625 0.078125
0 0.52734375 0.378125 0.021875 0.065625
0 0.50546875 0.24921875 0.0171875 0.040625
0 0.5984375 0.3578125 0.0265625 0.0671875
0 0.62734375 0.36484375 0.025 0.0640625
0 0.68203125 0.37734375 0.0234375 0.059375
0 0.6703125 0.35703125 0.0234375 0.0640625
0 0.73984375 0.3703125 0.0234375 0.0609375
0 0.66015625 0.25703125 0.0140625 0.040625
0 0.83046875 0.3953125 0.0328125 0.059375
0 0.925 0.64296875 0.0671875 0.121875