0 0.8828125 0.303125 0.0390625 0.096875
0 0.83203125 0.30703125 0.040625 0.1125
0 0.77265625 0.2765625 0.0359375 0.1
0 0.83203125 0.6046875 0.059375 0.146875
0 0.63828125 0.371875 0.040625 0.10625
0 0.584375 0.43359375 0.0578125 0.121875
0 0.5890625 0.2546875 0.03125 0.0890625
0 0.40078125 0.3875 0.040625 0.10625
0 0.37734375 0.3640625 0.0375 0.1015625
0 0.3640625 0.3875 0.034375 0.0984375
0 0.36796875 0.478125 0.0375 0.1125
0 0.29609375 0.46875 0.0359375 0.115625
0 0.2515625 0.32734375 0.0328125 0.090625
0 0.16015625 0.33828125 0.034375 0.096875
0 0.0828125 0.39296875 0.0390625 0.10625
0 0.06953125 0.41015625 0.046875 0.109375
0 0.0171875 0.44765625 0.034375 0.1171875