0 0.3359375 0.64921875 0.071875 0.1453125
0 0.5046875 0.534375 0.040625 0.1171875
0 0.5296875 0.5015625 0.0359375 0.1375
0 0.54140625 0.378125 0.0390625 0.075
0 0.2828125 0.40859375 0.0375 0.115625
0 0.29140625 0.190625 0.0234375 0.084375
0 0.37734375 0.265625 0.028125 0.096875
0 0.625 0.33671875 0.03125 0.0984375
0 0.7390625 0.57265625 0.0375 0.1265625
0 0.73828125 0.425 0.040625 0.0984375
0 0.7828125 0.39765625 0.03125 0.1078125
0 0.7546875 0.34609375 0.0296875 0.09375
0 0.91328125 0.2484375 0.025 0.08125
0 0.87421875 0.21875 0.0296875 0.08125
0 0.984375 0.27890625 0.03125 0.0921875
0 0.9953125 0.375 0.009375 0.096875
0 0.09609375 0.06796875 0.0171875 0.0640625