0 0.9265625 0.22734375 0.0296875 0.0890625
0 0.91875 0.3171875 0.03125 0.1015625
0 0.771875 0.196875 0.025 0.0796875
0 0.82109375 0.66484375 0.059375 0.1546875
0 0.603125 0.28671875 0.028125 0.090625
0 0.5734375 0.47578125 0.03125 0.1203125
0 0.5796875 0.45859375 0.04375 0.1234375
0 0.496875 0.340625 0.028125 0.096875
0 0.47109375 0.31328125 0.0328125 0.090625
0 0.38203125 0.43359375 0.03125 0.10625
0 0.365625 0.27578125 0.025 0.0875
0 0.371875 0.2703125 0.03125 0.0859375
0 0.315625 0.384375 0.028125 0.09375
0 0.2859375 0.32890625 0.028125 0.0953125
0 0.28046875 0.359375 0.034375 0.096875
0 0.265625 0.35390625 0.025 0.090625
0 0.1234375 0.440625 0.0515625 0.10625
0 0.2140625 0.60703125 0.0390625 0.13125