0 0.49296875 0.68828125 0.0375 0.1375
0 0.48515625 0.6453125 0.040625 0.128125
0 0.575 0.4421875 0.0359375 0.1
0 0.66953125 0.4515625 0.053125 0.0984375
0 0.54375 0.353125 0.028125 0.0765625
0 0.634375 0.3109375 0.0234375 0.08125
0 0.67265625 0.253125 0.021875 0.0765625
0 0.7 0.259375 0.0171875 0.0765625
0 0.771875 0.28125 0.0328125 0.08125
0 0.87890625 0.34140625 0.028125 0.09375
0 0.91015625 0.35546875 0.03125 0.096875
0 0.37265625 0.3203125 0.021875 0.0796875
0 0.3265625 0.2640625 0.01875 0.071875
0 0.234375 0.28828125 0.01875 0.075
0 0.30390625 0.49375 0.0359375 0.0953125