0 0.75390625 0.63984375 0.075 0.1484375
0 0.58125 0.5265625 0.04375 0.11875
0 0.55703125 0.49453125 0.0390625 0.1375
0 0.54296875 0.3703125 0.040625 0.075
0 0.80234375 0.396875 0.0390625 0.1171875
0 0.78984375 0.17734375 0.025 0.084375
0 0.70625 0.2546875 0.0296875 0.096875
0 0.4578125 0.33046875 0.0328125 0.1
0 0.346875 0.5703125 0.040625 0.128125
0 0.3453125 0.42109375 0.0421875 0.0984375
0 0.3 0.39453125 0.0328125 0.109375
0 0.32734375 0.3421875 0.03125 0.0953125
0 0.16640625 0.246875 0.0265625 0.0828125
0 0.2046875 0.21640625 0.03125 0.0828125
0 0.09375 0.27890625 0.0375 0.0921875
0 0.0671875 0.378125 0.0453125 0.0984375
0 0.00703125 0.43125 0.0140625 0.1125
0 0.0296875 0.65703125 0.0453125 0.134375