0 0.00625 0.43359375 0.0125 0.0953125
0 0.034375 0.35390625 0.034375 0.0875
0 0.065625 0.43671875 0.0375 0.1
0 0.1734375 0.28203125 0.0296875 0.0796875
0 0.2546875 0.74296875 0.06875 0.1546875
0 0.35859375 0.32109375 0.034375 0.090625
0 0.43984375 0.49375 0.0390625 0.1203125
0 0.42890625 0.47890625 0.0515625 0.1234375
0 0.4765625 0.34375 0.034375 0.0984375
0 0.49375 0.3109375 0.0390625 0.090625
0 0.6109375 0.40078125 0.0375 0.10625
0 0.58359375 0.24609375 0.0296875 0.0875
0 0.57578125 0.24296875 0.0359375 0.0859375
0 0.66171875 0.3359375 0.034375 0.09375
0 0.67578125 0.27578125 0.034375 0.0953125
0 0.6890625 0.303125 0.040625 0.0984375
0 0.70078125 0.29296875 0.03125 0.090625
0 0.86015625 0.3375 0.0578125 0.109375
0 0.8203125 0.5203125 0.0484375 0.13125