0 0.2765625 0.64453125 0.053125 0.125
0 0.30078125 0.38671875 0.034375 0.0765625
0 0.2421875 0.28125 0.025 0.071875
0 0.36953125 0.3546875 0.028125 0.0765625
0 0.41171875 0.39609375 0.034375 0.0859375
0 0.43515625 0.475 0.05625 0.096875
0 0.5078125 0.5234375 0.046875 0.1140625
0 0.628125 0.55390625 0.0390625 0.1078125
0 0.72265625 0.4203125 0.0296875 0.090625
0 0.7171875 0.58203125 0.046875 0.1125
0 0.653125 0.3390625 0.0296875 0.0796875
0 0.65234375 0.31328125 0.0203125 0.0765625
0 0.5625 0.2765625 0.025 0.0703125
0 0.85625 0.47734375 0.0296875 0.103125
0 0.903125 0.51171875 0.03125 0.1
0 0.8609375 0.7109375 0.0484375 0.1265625
0 0.140625 0.475 0.04375 0.0828125
0 0.05234375 0.45625 0.046875 0.1046875
0 0.10390625 0.25546875 0.03125 0.0734375