0 0.878125 0.41796875 0.0421875 0.1
0 0.82734375 0.4046875 0.04375 0.115625
0 0.7796875 0.35546875 0.0375 0.1015625
0 0.72734375 0.69375 0.0625 0.15
0 0.61640625 0.40390625 0.04375 0.109375
0 0.54296875 0.44453125 0.0625 0.1265625
0 0.60859375 0.2734375 0.0328125 0.090625
0 0.38046875 0.33828125 0.04375 0.109375
0 0.36484375 0.30859375 0.0390625 0.1046875
0 0.34375 0.32734375 0.0359375 0.1015625
0 0.3171875 0.41640625 0.040625 0.115625
0 0.25078125 0.3828125 0.040625 0.1203125
0 0.2546875 0.23046875 0.034375 0.09375
0 0.16328125 0.2109375 0.0359375 0.1
0 0.06796875 0.2375 0.0421875 0.1109375
0 0.0515625 0.25 0.0484375 0.1109375