0 0.29375 0.6859375 0.05 0.1296875
0 0.26640625 0.41640625 0.0328125 0.0796875
0 0.184375 0.31953125 0.0234375 0.075
0 0.33125 0.36953125 0.025 0.0796875
0 0.3828125 0.40390625 0.03125 0.0890625
0 0.42265625 0.4796875 0.0546875 0.0984375
0 0.5078125 0.515625 0.04375 0.1171875
0 0.6375 0.5234375 0.034375 0.1125
0 0.7078125 0.36640625 0.0265625 0.09375
0 0.73515625 0.53359375 0.04375 0.1171875
0 0.61953125 0.29765625 0.028125 0.0828125
0 0.6140625 0.2703125 0.01875 0.0796875
0 0.5140625 0.25 0.021875 0.0734375
0 0.85703125 0.3984375 0.0265625 0.1078125
0 0.9125 0.42421875 0.028125 0.1046875
0 0.90859375 0.6390625 0.04375 0.1328125
0 0.11875 0.53828125 0.0421875 0.0859375
0 0.02421875 0.5375 0.04375 0.1078125
0 0.0375 0.3203125 0.0296875 0.0765625