0 0.45859375 0.6828125 0.046875 0.140625
0 0.459375 0.6375 0.05 0.1328125
0 0.5921875 0.4546875 0.0421875 0.103125
0 0.684375 0.484375 0.0609375 0.103125
0 0.5796875 0.35859375 0.034375 0.0796875
0 0.678125 0.33671875 0.0296875 0.084375
0 0.7296875 0.28671875 0.028125 0.078125
0 0.75546875 0.3 0.0234375 0.078125
0 0.82109375 0.3359375 0.0390625 0.084375
0 0.915625 0.41875 0.034375 0.0953125
0 0.94375 0.4390625 0.0375 0.1
0 0.41640625 0.290625 0.028125 0.08125
0 0.3828125 0.225 0.0234375 0.0734375
0 0.2859375 0.23046875 0.0234375 0.0765625
0 0.31171875 0.44921875 0.0421875 0.0984375