0 0.534375 0.75859375 0.059375 0.1484375
0 0.39765625 0.553125 0.0328125 0.1015625
0 0.5859375 0.44765625 0.034375 0.1078125
0 0.6109375 0.43046875 0.0265625 0.0953125
0 0.6984375 0.5578125 0.034375 0.1203125
0 0.66484375 0.3578125 0.028125 0.09375
0 0.528125 0.303125 0.0328125 0.090625
0 0.86171875 0.3421875 0.0359375 0.0875
0 0.7859375 0.35859375 0.025 0.0828125
0 0.74375 0.20859375 0.0234375 0.06875
0 0.7109375 0.21875 0.025 0.0671875
0 0.64453125 0.2203125 0.021875 0.075
0 0.37578125 0.3828125 0.0296875 0.09375
0 0.32421875 0.37578125 0.028125 0.06875
0 0.31171875 0.1765625 0.025 0.0765625