0 0.42109375 0.75234375 0.0546875 0.1546875
0 0.57578125 0.54375 0.0296875 0.10625
0 0.38359375 0.42265625 0.0296875 0.1109375
0 0.35859375 0.403125 0.0234375 0.1
0 0.259375 0.53203125 0.0296875 0.1265625
0 0.30546875 0.32421875 0.0234375 0.0984375
0 0.45234375 0.27421875 0.03125 0.09375
0 0.1 0.296875 0.034375 0.090625
0 0.17890625 0.31875 0.021875 0.0859375
0 0.23125 0.16328125 0.021875 0.071875
0 0.265625 0.175 0.021875 0.0703125
0 0.334375 0.18203125 0.01875 0.078125
0 0.60703125 0.36640625 0.025 0.096875
0 0.66328125 0.3609375 0.0265625 0.071875
0 0.6859375 0.15390625 0.0234375 0.0796875