0 0.96015625 0.3578125 0.0359375 0.1109375
0 0.9359375 0.23671875 0.0390625 0.0953125
0 0.90625 0.3140625 0.0421875 0.1078125
0 0.828125 0.21953125 0.0296875 0.090625
0 0.65078125 0.33828125 0.034375 0.1046875
0 0.6140625 0.31875 0.0390625 0.0984375
0 0.553125 0.4078125 0.0359375 0.1125
0 0.40703125 0.396875 0.0390625 0.103125
0 0.38671875 0.34453125 0.0296875 0.096875
0 0.37109375 0.29375 0.0265625 0.0875
0 0.34453125 0.58046875 0.0578125 0.13125
0 0.2984375 0.6 0.053125 0.1421875
0 0.58515625 0.70234375 0.0703125 0.15
0 0.7234375 0.8640625 0.059375 0.184375
0 0.97734375 0.78671875 0.0453125 0.1859375
0 0.10546875 0.4171875 0.0296875 0.1078125