0 0.9953125 0.471875 0.009375 0.115625
0 0.96328125 0.4140625 0.040625 0.115625
0 0.90625 0.2953125 0.0296875 0.096875
0 0.69140625 0.3734375 0.0328125 0.1125
0 0.6578125 0.34375 0.0390625 0.10625
0 0.571875 0.4203125 0.034375 0.1203125
0 0.421875 0.37109375 0.0390625 0.109375
0 0.41484375 0.3109375 0.028125 0.103125
0 0.4109375 0.253125 0.0265625 0.09375
0 0.31015625 0.5453125 0.05625 0.1390625
0 0.25703125 0.55390625 0.0515625 0.1515625
0 0.52890625 0.73515625 0.06875 0.1609375
0 0.63046875 0.91953125 0.0546875 0.1609375
0 0.9234375 0.9140625 0.059375 0.171875
0 0.10234375 0.31328125 0.0296875 0.115625