0 0.45546875 0.6828125 0.0734375 0.15
0 0.484375 0.4875 0.0453125 0.1171875
0 0.53515625 0.49609375 0.0453125 0.1109375
0 0.5625 0.43203125 0.0484375 0.115625
0 0.27734375 0.5265625 0.040625 0.125
0 0.27265625 0.35 0.040625 0.0953125
0 0.0109375 0.47734375 0.021875 0.1203125
0 0.04765625 0.325 0.034375 0.0984375
0 0.3828125 0.2984375 0.040625 0.096875
0 0.44296875 0.30078125 0.03125 0.0859375
0 0.5203125 0.33359375 0.0296875 0.1046875
0 0.5453125 0.14375 0.03125 0.0734375
0 0.57109375 0.15625 0.03125 0.075
0 0.65859375 0.16484375 0.0296875 0.0765625
0 0.74453125 0.24453125 0.0328125 0.0921875
0 0.79453125 0.29140625 0.040625 0.096875
0 0.8265625 0.46640625 0.0546875 0.1171875
0 0.9015625 0.29140625 0.04375 0.1015625