0 0.91640625 0.2390625 0.0328125 0.0984375
0 0.91015625 0.15390625 0.025 0.0828125
0 0.7640625 0.3875 0.040625 0.1203125
0 0.65390625 0.4265625 0.0359375 0.1234375
0 0.73828125 0.621875 0.0390625 0.146875
0 0.5171875 0.275 0.0359375 0.0984375
0 0.29609375 0.20625 0.0265625 0.075
0 0.365625 0.41640625 0.0453125 0.1171875
0 0.38671875 0.5359375 0.0375 0.13125
0 0.21015625 0.36875 0.0328125 0.1015625
0 0.1828125 0.3390625 0.03125 0.0890625
0 0.2265625 0.5015625 0.040625 0.11875
0 0.15390625 0.41875 0.0359375 0.1046875