0 0.80078125 0.6453125 0.0359375 0.1328125
0 0.84375 0.490625 0.0328125 0.11875
0 0.81953125 0.53046875 0.0296875 0.109375
0 0.64765625 0.35625 0.0265625 0.0953125
0 0.53203125 0.58671875 0.03125 0.1359375
0 0.48125 0.43984375 0.0296875 0.1125
0 0.4046875 0.53984375 0.034375 0.128125
0 0.44765625 0.3171875 0.0203125 0.08125
0 0.43515625 0.31484375 0.028125 0.0875
0 0.30859375 0.38671875 0.0296875 0.0875
0 0.19765625 0.384375 0.0296875 0.090625
0 0.2671875 0.66015625 0.0359375 0.1515625
0 0.07578125 0.5796875 0.034375 0.1390625
0 0.015625 0.67734375 0.03125 0.1453125
0 0.0765625 0.2671875 0.03125 0.0890625
0 0.4546875 0.1890625 0.021875 0.0625