0 0.0734375 0.27109375 0.028125 0.0921875
0 0.078125 0.18984375 0.021875 0.078125
0 0.2234375 0.4078125 0.034375 0.1140625
0 0.32890625 0.440625 0.0296875 0.115625
0 0.25546875 0.628125 0.0328125 0.1390625
0 0.45390625 0.29296875 0.0328125 0.09375
0 0.6609375 0.22109375 0.0234375 0.0703125
0 0.60234375 0.421875 0.0390625 0.1109375
0 0.5859375 0.5359375 0.03125 0.1234375
0 0.74765625 0.37109375 0.028125 0.0953125
0 0.77265625 0.34296875 0.028125 0.084375
0 0.7359375 0.496875 0.0359375 0.1125
0 0.803125 0.4171875 0.03125 0.1
0 0.96796875 0.440625 0.03125 0.0984375