0 0.515625 0.646875 0.0546875 0.1375
0 0.84765625 0.51796875 0.053125 0.10625
0 0.18515625 0.5375 0.04375 0.1171875
0 0.41953125 0.496875 0.040625 0.115625
0 0.51328125 0.39921875 0.0421875 0.09375
0 0.57734375 0.53515625 0.0515625 0.11875
0 0.6015625 0.253125 0.03125 0.0859375
0 0.46171875 0.43125 0.0359375 0.10625
0 0.20703125 0.40078125 0.03125 0.0953125
0 0.20859375 0.33984375 0.0296875 0.0796875
0 0.34453125 0.33984375 0.0328125 0.08125
0 0.1515625 0.475 0.0328125 0.078125
0 0.2265625 0.3609375 0.03125 0.0859375
0 0.83046875 0.49609375 0.0453125 0.0984375