0 0.64140625 0.41015625 0.034375 0.1078125
0 0.8015625 0.27265625 0.040625 0.08125
0 0.16171875 0.5078125 0.0453125 0.11875
0 0.05625 0.56796875 0.0734375 0.1359375
0 0.5171875 0.4265625 0.0421875 0.1109375
0 0.496875 0.66953125 0.059375 0.1453125
0 0.7515625 0.32265625 0.0265625 0.090625
0 0.27890625 0.378125 0.0359375 0.096875
0 0.4609375 0.296875 0.028125 0.084375
0 0.86484375 0.36015625 0.034375 0.0796875
0 0.259375 0.165625 0.0265625 0.078125
0 0.77734375 0.23125 0.0328125 0.06875
0 0.5484375 0.296875 0.0453125 0.0796875
0 0.546875 0.2578125 0.0265625 0.0703125