0 0.8265625 0.7203125 0.065625 0.1734375
0 0.80078125 0.5734375 0.046875 0.146875
0 0.65546875 0.471875 0.059375 0.11875
0 0.6484375 0.41015625 0.040625 0.1125
0 0.61796875 0.25234375 0.0390625 0.0984375
0 0.59375 0.3546875 0.0390625 0.109375
0 0.55546875 0.39453125 0.0421875 0.1171875
0 0.49921875 0.49296875 0.0546875 0.134375
0 0.49765625 0.33203125 0.040625 0.0984375
0 0.51640625 0.31640625 0.0375 0.1
0 0.409375 0.3078125 0.0453125 0.0796875
0 0.42109375 0.30234375 0.0375 0.0734375
0 0.24921875 0.3890625 0.034375 0.1046875
0 0.1890625 0.38671875 0.0390625 0.1109375
0 0.059375 0.36640625 0.034375 0.0953125
0 0.12578125 0.81484375 0.0671875 0.1796875