0 0.35625 0.43046875 0.0453125 0.103125
0 0.3796875 0.578125 0.053125 0.125
0 0.41015625 0.4078125 0.0484375 0.1
0 0.7046875 0.55703125 0.0453125 0.1171875
0 0.98515625 0.46953125 0.0296875 0.1015625
0 0.3875 0.24765625 0.0375 0.09375
0 0.403125 0.62890625 0.0515625 0.125
0 0.69140625 0.490625 0.0390625 0.096875
0 0.7328125 0.40078125 0.040625 0.0984375
0 0.7640625 0.33359375 0.034375 0.084375
0 0.6125 0.35390625 0.040625 0.090625
0 0.4890625 0.4859375 0.0453125 0.1046875
0 0.634375 0.35234375 0.03125 0.0859375
0 0.478125 0.446875 0.040625 0.1078125
0 0.4828125 0.46328125 0.0484375 0.121875