0 0.46328125 0.59921875 0.05625 0.1296875
0 0.15625 0.4671875 0.053125 0.1
0 0.778125 0.5078125 0.04375 0.1109375
0 0.55859375 0.46171875 0.0421875 0.1078125
0 0.4734375 0.36796875 0.0421875 0.0875
0 0.409375 0.4921875 0.0515625 0.1125
0 0.39453125 0.22734375 0.0328125 0.0796875
0 0.52109375 0.39921875 0.0375 0.1
0 0.76171875 0.3796875 0.03125 0.0890625
0 0.7625 0.321875 0.0296875 0.075
0 0.63359375 0.31640625 0.0328125 0.0765625
0 0.8109375 0.45 0.0328125 0.075
0 0.74453125 0.34140625 0.0328125 0.0796875
0 0.171875 0.44765625 0.0453125 0.0921875