0 0.3796875 0.38515625 0.034375 0.1125
0 0.2484375 0.20703125 0.040625 0.084375
0 0.84921875 0.59921875 0.046875 0.125
0 0.9421875 0.6859375 0.075 0.14375
0 0.50390625 0.43203125 0.0421875 0.1171875
0 0.4671875 0.68515625 0.059375 0.1515625
0 0.2875 0.26953125 0.0265625 0.0953125
0 0.759375 0.4390625 0.0375 0.1015625
0 0.59140625 0.31171875 0.028125 0.0890625
0 0.16328125 0.28125 0.0359375 0.0828125
0 0.8296875 0.22578125 0.0265625 0.08125
0 0.284375 0.16953125 0.034375 0.071875
0 0.50234375 0.29140625 0.0453125 0.0828125
0 0.51328125 0.25234375 0.0265625 0.0734375