0 0.73046875 0.7625 0.059375 0.1484375
0 0.75625 0.590625 0.040625 0.1203125
0 0.68125 0.534375 0.0328125 0.1046875
0 0.69296875 0.51875 0.0546875 0.1125
0 0.684375 0.44609375 0.040625 0.0875
0 0.60703125 0.44296875 0.04375 0.1046875
0 0.68515625 0.3109375 0.03125 0.0859375
0 0.5609375 0.40234375 0.0375 0.09375
0 0.57421875 0.384375 0.03125 0.0890625
0 0.540625 0.35625 0.0359375 0.0921875
0 0.50234375 0.3484375 0.0328125 0.0875
0 0.409375 0.321875 0.0296875 0.0890625
0 0.38125 0.29921875 0.0265625 0.0828125
0 0.3078125 0.39375 0.0328125 0.1046875
0 0.29375 0.35703125 0.0328125 0.1015625
0 0.12734375 0.3359375 0.03125 0.09375
0 0.00703125 0.67265625 0.0140625 0.1515625