0 0.725 0.18203125 0.034375 0.0875
0 0.8234375 0.31640625 0.0453125 0.1203125
0 0.734375 0.23984375 0.0453125 0.0953125
0 0.68203125 0.2171875 0.053125 0.1015625
0 0.35859375 0.13125 0.025 0.065625
0 0.35234375 0.11640625 0.034375 0.0984375
0 0.34296875 0.22109375 0.034375 0.103125
0 0.3921875 0.24765625 0.0390625 0.11875
0 0.40703125 0.3046875 0.0421875 0.128125
0 0.2453125 0.34375 0.0484375 0.1359375
0 0.16796875 0.15234375 0.0359375 0.10625
0 0.1359375 0.1734375 0.040625 0.1171875
0 0.10625 0.78359375 0.0921875 0.2015625