0 0.10390625 0.33359375 0.0296875 0.0859375
0 0.1640625 0.33203125 0.0328125 0.0875
0 0.3 0.2796875 0.028125 0.0890625
0 0.04453125 0.70625 0.0453125 0.1640625
0 0.3921875 0.68203125 0.053125 0.1515625
0 0.4125 0.6171875 0.053125 0.1546875
0 0.5640625 0.3515625 0.0359375 0.096875
0 0.55 0.30546875 0.021875 0.084375
0 0.72578125 0.45703125 0.0375 0.1234375
0 0.7421875 0.26171875 0.0359375 0.0875
0 0.75625 0.25 0.028125 0.0859375
0 0.78671875 0.328125 0.04375 0.1046875
0 0.8234375 0.29453125 0.0265625 0.0953125
0 0.85546875 0.43515625 0.040625 0.109375
0 0.92734375 0.37578125 0.0484375 0.1140625
0 0.95 0.3234375 0.0265625 0.10625