0 0.2703125 0.20234375 0.03125 0.084375
0 0.17421875 0.33046875 0.040625 0.115625
0 0.2609375 0.25859375 0.0421875 0.0921875
0 0.31171875 0.2375 0.0484375 0.096875
0 0.62421875 0.16015625 0.021875 0.0640625
0 0.6296875 0.1453125 0.03125 0.0953125
0 0.6375 0.246875 0.03125 0.0984375
0 0.58984375 0.27109375 0.0359375 0.1140625
0 0.57421875 0.3265625 0.0390625 0.1234375
0 0.72890625 0.36640625 0.0453125 0.13125
0 0.80703125 0.18359375 0.0328125 0.103125
0 0.8375 0.2046875 0.0375 0.1125
0 0.971875 0.35859375 0.04375 0.1328125
0 0.85625 0.7921875 0.0859375 0.1921875