0 0.60625 0.74609375 0.0484375 0.1890625
0 0.08828125 0.30390625 0.034375 0.1140625
0 0.26015625 0.1734375 0.034375 0.1015625
0 0.41953125 0.1953125 0.034375 0.0984375
0 0.4859375 0.18828125 0.03125 0.0984375
0 0.53046875 0.30234375 0.0453125 0.1203125
0 0.59296875 0.2546875 0.034375 0.115625
0 0.596875 0.21796875 0.025 0.0953125
0 0.61640625 0.1484375 0.025 0.0875
0 0.609375 0.14140625 0.0234375 0.090625
0 0.6578125 0.3328125 0.040625 0.13125
0 0.79453125 0.18359375 0.0328125 0.1078125
0 0.82890625 0.16171875 0.0296875 0.0984375
0 0.91796875 0.346875 0.046875 0.13125
0 0.9625 0.21953125 0.0328125 0.1125