0 0.92109375 0.29453125 0.028125 0.0921875
0 0.85625 0.29453125 0.03125 0.09375
0 0.70703125 0.24375 0.0265625 0.0953125
0 0.98828125 0.69453125 0.0203125 0.175
0 0.621875 0.68125 0.053125 0.1625
0 0.5984375 0.6125 0.0515625 0.1671875
0 0.4234375 0.33125 0.034375 0.103125
0 0.4375 0.28046875 0.0203125 0.0890625
0 0.253125 0.45078125 0.0359375 0.1328125
0 0.22734375 0.240625 0.0375 0.09375
0 0.2125 0.22890625 0.028125 0.0921875
0 0.18125 0.31484375 0.04375 0.1125
0 0.14140625 0.27890625 0.025 0.103125
0 0.1109375 0.4328125 0.0390625 0.1171875
0 0.03125 0.37109375 0.046875 0.121875
0 0.01015625 0.3140625 0.015625 0.1125