0 0.3625 0.759375 0.071875 0.1453125
0 0.1890625 0.39140625 0.0296875 0.0921875
0 0.159375 0.30859375 0.0296875 0.0796875
0 0.078125 0.18125 0.0203125 0.0578125
0 0.3859375 0.290625 0.0265625 0.0796875
0 0.45703125 0.26953125 0.025 0.078125
0 0.42890625 0.18203125 0.0234375 0.065625
0 0.56171875 0.175 0.0234375 0.0609375
0 0.6265625 0.534375 0.0546875 0.125
0 0.73828125 0.34921875 0.04375 0.10625
0 0.74609375 0.29765625 0.034375 0.0890625
0 0.74921875 0.265625 0.0296875 0.0828125
0 0.74296875 0.21171875 0.0296875 0.078125
0 0.79921875 0.1515625 0.03125 0.065625
0 0.846875 0.12890625 0.0265625 0.0703125
0 0.896875 0.20234375 0.0296875 0.0703125
0 0.8890625 0.171875 0.034375 0.071875
0 0.9546875 0.23984375 0.0375 0.084375
0 0.9234375 0.4 0.0421875 0.10625