0 0.5359375 0.8375 0.0765625 0.1515625
0 0.51171875 0.64609375 0.04375 0.1125
0 0.38125 0.4890625 0.034375 0.0953125
0 0.25078125 0.51015625 0.04375 0.1
0 0.2015625 0.396875 0.0328125 0.096875
0 0.05703125 0.19609375 0.028125 0.075
0 0.39140625 0.29765625 0.025 0.0796875
0 0.4609375 0.26015625 0.0296875 0.0640625
0 0.4796875 0.26640625 0.0203125 0.065625
0 0.5265625 0.35546875 0.0359375 0.08125
0 0.56328125 0.22734375 0.0203125 0.0578125
0 0.571875 0.2234375 0.0171875 0.0671875
0 0.58359375 0.38671875 0.021875 0.0703125
0 0.65390625 0.3 0.0234375 0.071875
0 0.64375 0.47109375 0.028125 0.096875
0 0.8765625 0.3984375 0.0265625 0.0734375
0 0.83984375 0.27109375 0.021875 0.0625
0 0.990625 0.28671875 0.01875 0.0640625
0 0.9859375 0.4421875 0.028125 0.0875