0 0.92578125 0.3453125 0.046875 0.109375
0 0.80625 0.26796875 0.040625 0.1
0 0.70078125 0.26171875 0.0390625 0.10625
0 0.63984375 0.36484375 0.05 0.134375
0 0.60703125 0.278125 0.0375 0.1046875
0 0.590625 0.23203125 0.0375 0.1078125
0 0.55546875 0.28359375 0.046875 0.109375
0 0.54921875 0.34921875 0.04375 0.11875
0 0.521875 0.22578125 0.0359375 0.0953125
0 0.4796875 0.3078125 0.0484375 0.109375
0 0.32578125 0.1953125 0.0328125 0.1
0 0.30859375 0.2046875 0.0375 0.09375
0 0.18515625 0.3359375 0.04375 0.13125
0 0.12265625 0.2625 0.0546875 0.128125
0 0.025 0.321875 0.0265625 0.1234375
0 0.8171875 0.78828125 0.065625 0.19375