0 0.5609375 0.73515625 0.0484375 0.1859375
0 0.9125 0.28359375 0.034375 0.115625
0 0.75703125 0.17578125 0.0265625 0.090625
0 0.5484375 0.2765625 0.0359375 0.121875
0 0.575 0.18828125 0.028125 0.1015625
0 0.48828125 0.19375 0.025 0.0984375
0 0.48671875 0.22890625 0.0421875 0.096875
0 0.43203125 0.2421875 0.0328125 0.115625
0 0.4359375 0.31171875 0.0375 0.1265625
0 0.371875 0.13984375 0.0234375 0.09375
0 0.365625 0.1375 0.025 0.096875
0 0.26640625 0.1671875 0.03125 0.109375
0 0.2265625 0.159375 0.028125 0.1015625
0 0.14765625 0.340625 0.0421875 0.134375
0 0.05625 0.22734375 0.034375 0.11875