0 0.49609375 0.7125 0.046875 0.1734375
0 0.1203125 0.42109375 0.034375 0.103125
0 0.25078125 0.32890625 0.0375 0.1078125
0 0.309375 0.3328125 0.0359375 0.1
0 0.51171875 0.2703125 0.0296875 0.0921875
0 0.56875 0.26484375 0.0328125 0.103125
0 0.5609375 0.37890625 0.05 0.1125
0 0.6171875 0.36875 0.0359375 0.0875
0 0.690625 0.29921875 0.0296875 0.09375
0 0.76328125 0.3453125 0.04375 0.115625
0 0.77421875 0.2921875 0.0328125 0.1015625
0 0.7671875 0.25078125 0.03125 0.103125
0 0.878125 0.26015625 0.03125 0.1
0 0.95 0.22734375 0.03125 0.1046875