0 0.45859375 0.7453125 0.0375 0.1859375
0 0.07578125 0.40078125 0.028125 0.109375
0 0.22265625 0.31171875 0.0328125 0.115625
0 0.2859375 0.321875 0.03125 0.10625
0 0.509375 0.26796875 0.025 0.0984375
0 0.57109375 0.2671875 0.028125 0.109375
0 0.55390625 0.38984375 0.046875 0.1171875
0 0.61484375 0.3828125 0.0328125 0.0921875
0 0.69921875 0.31328125 0.025 0.1015625
0 0.77421875 0.36796875 0.0390625 0.121875
0 0.790625 0.31171875 0.028125 0.1078125
0 0.7859375 0.2671875 0.0265625 0.1109375
0 0.9046875 0.284375 0.0265625 0.10625
0 0.984375 0.25546875 0.025 0.1125