0 0.3796875 0.703125 0.0484375 0.1859375
0 0.109375 0.19375 0.0359375 0.1171875
0 0.2828125 0.11484375 0.0265625 0.090625
0 0.471875 0.25078125 0.0359375 0.121875
0 0.46015625 0.1578125 0.0296875 0.1015625
0 0.5453125 0.17890625 0.025 0.0984375
0 0.540625 0.21328125 0.0421875 0.0984375
0 0.5921875 0.23671875 0.0328125 0.1171875
0 0.5765625 0.3046875 0.0375 0.128125
0 0.6703125 0.1453125 0.0234375 0.0953125
0 0.67734375 0.14453125 0.025 0.096875
0 0.7703125 0.19140625 0.03125 0.1109375
0 0.81015625 0.18984375 0.028125 0.1015625
0 0.85703125 0.38359375 0.0421875 0.134375
0 0.9671875 0.28828125 0.0359375 0.1203125