0 0.34140625 0.759375 0.0640625 0.140625
0 0.18984375 0.38828125 0.025 0.090625
0 0.16484375 0.30546875 0.025 0.078125
0 0.09140625 0.175 0.0171875 0.0578125
0 0.38828125 0.2984375 0.021875 0.078125
0 0.459375 0.28125 0.0203125 0.0765625
0 0.4359375 0.19375 0.01875 0.065625
0 0.56640625 0.19453125 0.0203125 0.0609375
0 0.61171875 0.5515625 0.0484375 0.121875
0 0.73125 0.375 0.0375 0.103125
0 0.7421875 0.32421875 0.0296875 0.0875
0 0.746875 0.29296875 0.025 0.0796875
0 0.7421875 0.23984375 0.025 0.0765625
0 0.80078125 0.18359375 0.028125 0.0640625
0 0.84921875 0.1625 0.0234375 0.0671875
0 0.8953125 0.23828125 0.0265625 0.0671875
0 0.8890625 0.20703125 0.03125 0.0703125
0 0.95078125 0.27890625 0.034375 0.0828125
0 0.9109375 0.43515625 0.0359375 0.103125