0 0.559375 0.66171875 0.0578125 0.1109375
0 0.51796875 0.6484375 0.05 0.090625
0 0.45859375 0.5 0.021875 0.090625
0 0.56015625 0.43828125 0.0234375 0.09375
0 0.61484375 0.40859375 0.025 0.0796875
0 0.63203125 0.36953125 0.021875 0.0796875
0 0.5546875 0.31796875 0.01875 0.071875
0 0.4484375 0.3671875 0.0171875 0.0796875
0 0.65625 0.27421875 0.0171875 0.065625
0 0.646875 0.271875 0.0125 0.0640625
0 0.34375 0.4671875 0.0234375 0.090625
0 0.3296875 0.46875 0.0296875 0.0890625
0 0.27734375 0.29453125 0.01875 0.0703125
0 0.06640625 0.64375 0.0296875 0.109375
0 0.04375 0.73359375 0.0421875 0.1296875
0 0.93671875 0.6859375 0.034375 0.1421875
0 0.87734375 0.40078125 0.034375 0.0875