0 0.7421875 0.5671875 0.0375 0.109375
0 0.753125 0.52265625 0.0453125 0.090625
0 0.85 0.43203125 0.0359375 0.0890625
0 0.88046875 0.384375 0.028125 0.090625
0 0.8453125 0.23125 0.0171875 0.0625
0 0.62578125 0.4 0.0296875 0.0765625
0 0.54609375 0.33046875 0.021875 0.0765625
0 0.53125 0.246875 0.01875 0.0625
0 0.45859375 0.26328125 0.0203125 0.065625
0 0.43125 0.2796875 0.0203125 0.065625
0 0.4421875 0.37109375 0.0265625 0.084375
0 0.3375 0.36640625 0.021875 0.0640625
0 0.3921875 0.47421875 0.0296875 0.0875
0 0.4171875 0.465625 0.028125 0.0875
0 0.440625 0.56484375 0.0234375 0.109375
0 0.24921875 0.46875 0.025 0.09375
0 0.23046875 0.4765625 0.03125 0.0890625
0 0.05 0.3046875 0.0234375 0.075
0 0.0328125 0.80390625 0.034375 0.140625