0 0.88203125 0.503125 0.034375 0.096875
0 0.8390625 0.6359375 0.040625 0.1359375
0 0.79296875 0.62265625 0.040625 0.11875
0 0.65625 0.44765625 0.0296875 0.084375
0 0.63828125 0.38125 0.0203125 0.078125
0 0.5515625 0.30390625 0.015625 0.059375
0 0.54140625 0.328125 0.0203125 0.05625
0 0.58125 0.4546875 0.0328125 0.0859375
0 0.58671875 0.4359375 0.025 0.090625
0 0.47109375 0.35234375 0.025 0.065625
0 0.52265625 0.47109375 0.028125 0.084375
0 0.49609375 0.5765625 0.0296875 0.1078125
0 0.39765625 0.540625 0.03125 0.109375
0 0.33671875 0.503125 0.028125 0.090625
0 0.3515625 0.4546875 0.03125 0.0796875
0 0.13984375 0.34765625 0.021875 0.078125
0 0.096875 0.7421875 0.0296875 0.1234375
0 0.196875 0.8765625 0.0359375 0.1546875