0 0.42890625 0.6359375 0.0609375 0.1078125
0 0.46484375 0.61640625 0.053125 0.0890625
0 0.49921875 0.4671875 0.0265625 0.0875
0 0.39375 0.42421875 0.0265625 0.090625
0 0.3375 0.40390625 0.0265625 0.0765625
0 0.31484375 0.36953125 0.0234375 0.0765625
0 0.38125 0.309375 0.021875 0.06875
0 0.48828125 0.3390625 0.0203125 0.0765625
0 0.278125 0.28359375 0.0203125 0.0640625
0 0.28671875 0.2796875 0.015625 0.0625
0 0.60390625 0.41953125 0.028125 0.0875
0 0.6171875 0.41875 0.0328125 0.0859375
0 0.640625 0.24453125 0.0203125 0.0671875
0 0.89296875 0.5453125 0.034375 0.10625
0 0.928125 0.6265625 0.046875 0.125
0 0.07421875 0.71484375 0.0390625 0.1375
0 0.0875 0.4359375 0.0359375 0.0859375