0 0.28359375 0.54765625 0.0453125 0.1078125
0 0.27578125 0.50546875 0.05 0.0890625
0 0.19140625 0.41015625 0.0421875 0.0875
0 0.165625 0.36171875 0.034375 0.0875
0 0.2125 0.21875 0.021875 0.0609375
0 0.40859375 0.3984375 0.034375 0.0734375
0 0.490625 0.3390625 0.028125 0.075
0 0.5125 0.26015625 0.0234375 0.059375
0 0.58046875 0.28125 0.025 0.0640625
0 0.6046875 0.3 0.025 0.0625
0 0.58671875 0.3859375 0.0328125 0.08125
0 0.6875 0.39140625 0.0265625 0.0625
0 0.62578125 0.48828125 0.0359375 0.0859375
0 0.603125 0.47890625 0.034375 0.0859375
0 0.571875 0.57109375 0.03125 0.1046875
0 0.7625 0.49609375 0.03125 0.090625
0 0.7796875 0.5046875 0.0375 0.0875
0 0.96640625 0.3546875 0.028125 0.0734375
0 0.94140625 0.83359375 0.04375 0.134375