0 0.11796875 0.23359375 0.021875 0.0625
0 0.17421875 0.33125 0.034375 0.0796875
0 0.3203125 0.41484375 0.0421875 0.0765625
0 0.2921875 0.51015625 0.046875 0.08125
0 0.20078125 0.60234375 0.0515625 0.121875
0 0.471875 0.56953125 0.034375 0.1046875
0 0.43515625 0.50078125 0.0390625 0.0921875
0 0.453125 0.40078125 0.0359375 0.071875
0 0.45078125 0.34453125 0.0234375 0.0671875
0 0.54375 0.4765625 0.0296875 0.0796875
0 0.53359375 0.38984375 0.0296875 0.0796875
0 0.4640625 0.265625 0.01875 0.0609375
0 0.50234375 0.27734375 0.0203125 0.0609375
0 0.53828125 0.3078125 0.021875 0.0609375
0 0.63125 0.38359375 0.0234375 0.0703125
0 0.7125 0.4984375 0.028125 0.09375
0 0.73203125 0.49453125 0.03125 0.0859375
0 0.84765625 0.33828125 0.025 0.0671875
0 0.91171875 0.78046875 0.0421875 0.121875
0 0.92890625 0.69296875 0.0390625 0.103125