0 0.14296875 0.70078125 0.0296875 0.128125
0 0.08515625 0.53984375 0.0328125 0.0953125
0 0.12421875 0.39609375 0.0203125 0.0796875
0 0.2 0.43984375 0.021875 0.071875
0 0.315625 0.58828125 0.021875 0.103125
0 0.40390625 0.575 0.0265625 0.0828125
0 0.409375 0.4078125 0.028125 0.0796875
0 0.3546875 0.37109375 0.01875 0.0734375
0 0.36015625 0.28828125 0.0171875 0.05625
0 0.375 0.28515625 0.0140625 0.059375
0 0.4515625 0.32109375 0.0203125 0.0640625
0 0.4734375 0.40390625 0.021875 0.0828125
0 0.51875 0.46953125 0.028125 0.075
0 0.55390625 0.3625 0.015625 0.071875
0 0.6765625 0.45703125 0.021875 0.0890625
0 0.6859375 0.4421875 0.01875 0.08125
0 0.72109375 0.27734375 0.015625 0.071875
0 0.92421875 0.6765625 0.0359375 0.11875
0 0.9109375 0.5828125 0.0203125 0.103125