0 0.90234375 0.565625 0.0421875 0.1015625
0 0.83046875 0.6921875 0.0515625 0.1421875
0 0.78515625 0.66875 0.0515625 0.125
0 0.68359375 0.459375 0.0359375 0.0890625
0 0.68046875 0.38828125 0.028125 0.08125
0 0.60859375 0.290625 0.0203125 0.0625
0 0.59375 0.3125 0.025 0.059375
0 0.60625 0.45078125 0.040625 0.090625
0 0.615625 0.4328125 0.0328125 0.0953125
0 0.515625 0.3234375 0.03125 0.0703125
0 0.54375 0.4546875 0.034375 0.0890625
0 0.49296875 0.55625 0.0390625 0.1125
0 0.40078125 0.4984375 0.040625 0.115625
0 0.346875 0.446875 0.0359375 0.0953125
0 0.371875 0.4015625 0.0390625 0.084375
0 0.17890625 0.24609375 0.028125 0.0828125
0 0.05 0.6390625 0.040625 0.1296875
0 0.121875 0.7984375 0.0484375 0.1625