0 0.640625 0.7640625 0.0546875 0.1765625
0 0.07109375 0.50546875 0.0359375 0.1265625
0 0.06015625 0.43046875 0.0390625 0.1109375
0 0.20703125 0.28125 0.03125 0.0875
0 0.23203125 0.28203125 0.0328125 0.0828125
0 0.33671875 0.2171875 0.0296875 0.0765625
0 0.3609375 0.2609375 0.0265625 0.0828125
0 0.4734375 0.24609375 0.0296875 0.0828125
0 0.46640625 0.21328125 0.03125 0.065625
0 0.56328125 0.29140625 0.0265625 0.0828125
0 0.584375 0.2796875 0.0296875 0.1015625
0 0.66640625 0.24609375 0.0296875 0.090625
0 0.696875 0.23125 0.028125 0.090625
0 0.79140625 0.3765625 0.034375 0.1203125
0 0.809375 0.378125 0.0390625 0.1234375
0 0.9140625 0.28515625 0.03125 0.10625