0 0.51953125 0.434375 0.040625 0.109375
0 0.4578125 0.390625 0.034375 0.1
0 0.5765625 0.465625 0.0453125 0.0984375
0 0.59296875 0.53203125 0.040625 0.128125
0 0.70859375 0.42734375 0.03125 0.103125
0 0.72890625 0.58671875 0.0578125 0.1265625
0 0.81640625 0.51796875 0.040625 0.121875
0 0.8421875 0.3546875 0.03125 0.084375
0 0.9 0.6359375 0.0453125 0.140625
0 0.95703125 0.2421875 0.028125 0.0703125
0 0.3703125 0.453125 0.0390625 0.1125
0 0.2671875 0.50859375 0.040625 0.128125
0 0.25234375 0.43359375 0.03125 0.1078125
0 0.221875 0.40078125 0.040625 0.090625
0 0.29609375 0.246875 0.0296875 0.08125
0 0.23515625 0.28515625 0.025 0.084375
0 0.20078125 0.35078125 0.0359375 0.0953125
0 0.17109375 0.33203125 0.0296875 0.0875
0 0.27578125 0.7734375 0.0578125 0.1640625