0 0.4640625 0.44296875 0.015625 0.0515625
0 0.49921875 0.44453125 0.0140625 0.0515625
0 0.4296875 0.43125 0.0203125 0.0671875
0 0.4046875 0.43046875 0.0140625 0.040625
0 0.35078125 0.42265625 0.0109375 0.04375
0 0.3421875 0.42109375 0.0125 0.0421875
0 0.321875 0.4203125 0.015625 0.0515625
0 0.29140625 0.4140625 0.0140625 0.0453125
0 0.2703125 0.4171875 0.0171875 0.053125
0 0.17265625 0.40546875 0.0203125 0.065625
0 0.1296875 0.39921875 0.01875 0.065625
0 0.0859375 0.39375 0.0203125 0.0734375
0 0.14140625 0.396875 0.0125 0.046875
0 0.8328125 0.5421875 0.2359375 0.7046875