0 0.7921875 0.5140625 0.0578125 0.1140625
0 0.8046875 0.48515625 0.0609375 0.1203125
0 0.83671875 0.41015625 0.0546875 0.1203125
0 0.91328125 0.19765625 0.0359375 0.0890625
0 0.70078125 0.3296875 0.0421875 0.1
0 0.634375 0.36953125 0.040625 0.1046875
0 0.58203125 0.3375 0.0453125 0.1046875
0 0.46484375 0.4484375 0.0453125 0.1171875
0 0.44609375 0.4234375 0.034375 0.1015625
0 0.32109375 0.2578125 0.034375 0.0796875
0 0.33125 0.30546875 0.040625 0.090625
0 0.30703125 0.36640625 0.0359375 0.1
0 0.296875 0.3703125 0.0375 0.1046875
0 0.28828125 0.4515625 0.0375 0.103125
0 0.30078125 0.55859375 0.059375 0.121875
0 0.24765625 0.909375 0.0734375 0.18125
0 0.04921875 0.54140625 0.040625 0.1296875
0 0.0171875 0.47265625 0.034375 0.1171875