0 0.4578125 0.44765625 0.0171875 0.0515625
0 0.4921875 0.440625 0.0171875 0.053125
0 0.42109375 0.44453125 0.021875 0.0671875
0 0.39609375 0.45 0.015625 0.040625
0 0.3421875 0.45546875 0.0125 0.04375
0 0.33359375 0.45703125 0.0140625 0.0421875
0 0.3140625 0.46015625 0.01875 0.053125
0 0.2828125 0.46171875 0.015625 0.0453125
0 0.2625 0.46953125 0.0203125 0.0546875
0 0.1640625 0.48203125 0.021875 0.065625
0 0.1203125 0.4859375 0.021875 0.065625
0 0.0765625 0.4921875 0.0234375 0.0734375
0 0.13125 0.48203125 0.0140625 0.0484375
0 0.84140625 0.45546875 0.2609375 0.7109375