0 0.6078125 0.75 0.040625 0.1671875
0 0.10546875 0.43203125 0.0265625 0.11875
0 0.1046875 0.36015625 0.03125 0.1046875
0 0.2625 0.23828125 0.025 0.0828125
0 0.2859375 0.24296875 0.025 0.078125
0 0.39296875 0.19609375 0.0234375 0.0703125
0 0.4109375 0.240625 0.01875 0.078125
0 0.51875 0.24140625 0.0234375 0.0765625
0 0.5171875 0.21015625 0.025 0.0609375
0 0.596875 0.2953125 0.0203125 0.078125
0 0.61875 0.2875 0.0203125 0.0953125
0 0.7015625 0.2671875 0.021875 0.084375
0 0.73125 0.25625 0.021875 0.084375
0 0.80078125 0.40546875 0.025 0.1125
0 0.8171875 0.409375 0.0296875 0.1171875
0 0.92890625 0.3359375 0.0234375 0.0984375