0 0.85859375 0.18359375 0.015625 0.0671875
0 0.7609375 0.2953125 0.01875 0.0734375
0 0.8375 0.43359375 0.03125 0.1125
0 0.8765625 0.53515625 0.028125 0.1265625
0 0.76015625 0.52109375 0.028125 0.11875
0 0.71328125 0.38828125 0.0375 0.0921875
0 0.571875 0.39453125 0.0390625 0.084375
0 0.57265625 0.47109375 0.0234375 0.115625
0 0.45390625 0.38515625 0.0265625 0.0921875
0 0.3625 0.3734375 0.0203125 0.0953125
0 0.334375 0.43671875 0.0234375 0.1078125
0 0.32890625 0.39609375 0.0140625 0.0765625
0 0.24765625 0.278125 0.01875 0.078125
0 0.221875 0.31640625 0.015625 0.08125
0 0.2703125 0.503125 0.0265625 0.1140625
0 0.19140625 0.4046875 0.0234375 0.096875
0 0.39375 0.76953125 0.0328125 0.1515625
0 0.1140625 0.42578125 0.0265625 0.09375
0 0.06796875 0.3453125 0.0296875 0.0859375