0 0.01015625 0.52890625 0.0203125 0.1328125
0 0.1921875 0.4984375 0.0296875 0.115625
0 0.24296875 0.434375 0.0234375 0.1125
0 0.265625 0.30859375 0.0203125 0.078125
0 0.375 0.24765625 0.021875 0.075
0 0.4296875 0.35 0.0203125 0.09375
0 0.465625 0.275 0.01875 0.0796875
0 0.6609375 0.2390625 0.015625 0.06875
0 0.68984375 0.2328125 0.021875 0.0734375
0 0.66875 0.3078125 0.0265625 0.08125
0 0.71015625 0.3359375 0.01875 0.0875
0 0.6625 0.4 0.0234375 0.103125
0 0.7515625 0.42265625 0.0234375 0.1078125
0 0.790625 0.33125 0.0203125 0.0921875
0 0.8359375 0.2640625 0.01875 0.0828125
0 0.92890625 0.33125 0.021875 0.0953125
0 0.584375 0.77265625 0.0328125 0.1609375