0 0.2265625 0.34765625 0.0359375 0.096875
0 0.0703125 0.565625 0.0390625 0.125
0 0.1171875 0.525 0.0515625 0.115625
0 0.06953125 0.35390625 0.0390625 0.103125
0 0.00625 0.23671875 0.0125 0.0921875
0 0.33125 0.3 0.0453125 0.09375
0 0.36640625 0.2484375 0.028125 0.0828125
0 0.3828125 0.2609375 0.0328125 0.0984375
0 0.4359375 0.31171875 0.0421875 0.096875
0 0.3859375 0.371875 0.0375 0.0765625
0 0.3890625 0.42265625 0.0625 0.05
0 0.509375 0.35390625 0.028125 0.1140625
0 0.68671875 0.44453125 0.040625 0.1
0 0.80546875 0.621875 0.0359375 0.140625