0 0.95859375 0.46796875 0.04375 0.1375
0 0.76484375 0.45625 0.0375 0.11875
0 0.70625 0.39765625 0.0328125 0.115625
0 0.66953125 0.271875 0.025 0.08125
0 0.55234375 0.221875 0.028125 0.078125
0 0.50859375 0.33046875 0.028125 0.0953125
0 0.46328125 0.259375 0.0234375 0.08125
0 0.26171875 0.24375 0.021875 0.0703125
0 0.23203125 0.240625 0.0265625 0.0765625
0 0.26171875 0.3140625 0.034375 0.084375
0 0.22265625 0.346875 0.0265625 0.0890625
0 0.278125 0.40703125 0.03125 0.10625
0 0.18984375 0.4390625 0.0328125 0.109375
0 0.140625 0.35078125 0.0265625 0.0953125
0 0.0875 0.2875 0.025 0.0859375
0 0.00703125 0.36640625 0.0140625 0.0984375
0 0.39609375 0.77578125 0.0453125 0.165625