0 0.78359375 0.60234375 0.0453125 0.109375
0 0.80078125 0.5765625 0.046875 0.115625
0 0.84453125 0.50703125 0.040625 0.1171875
0 0.953125 0.309375 0.025 0.0875
0 0.72265625 0.40703125 0.03125 0.096875
0 0.65078125 0.4359375 0.0296875 0.1015625
0 0.60390625 0.39609375 0.0328125 0.1015625
0 0.47109375 0.4859375 0.03125 0.115625
0 0.45625 0.45859375 0.021875 0.1
0 0.35859375 0.2765625 0.025 0.0765625
0 0.36171875 0.32421875 0.0296875 0.0875
0 0.328125 0.38046875 0.0234375 0.0984375
0 0.31796875 0.3828125 0.025 0.103125
0 0.2953125 0.4625 0.0265625 0.1015625
0 0.29140625 0.56953125 0.0453125 0.1171875
0 0.1859375 0.90703125 0.0515625 0.1765625
0 0.04609375 0.5140625 0.025 0.128125
0 0.0203125 0.43984375 0.0328125 0.1140625