0 0.4296875 0.75703125 0.0453125 0.15625
0 0.8875 0.5046875 0.0296875 0.1234375
0 0.88984375 0.4453125 0.028125 0.1265625
0 0.7859375 0.2875 0.028125 0.084375
0 0.67421875 0.3171875 0.025 0.0875
0 0.6265625 0.2515625 0.021875 0.0765625
0 0.5765625 0.2515625 0.0203125 0.0765625
0 0.5671875 0.22109375 0.01875 0.0671875
0 0.46875 0.2171875 0.0234375 0.0734375
0 0.37109375 0.2828125 0.0203125 0.0890625
0 0.35234375 0.29453125 0.021875 0.0828125
0 0.284375 0.275 0.0265625 0.0828125
0 0.23671875 0.25390625 0.0234375 0.0796875
0 0.28359375 0.3953125 0.034375 0.1140625
0 0.25625 0.3859375 0.0296875 0.109375
0 0.11796875 0.29921875 0.025 0.0890625