0 0.18046875 0.775 0.0578125 0.15625
0 0.0234375 0.528125 0.0359375 0.128125
0 0.0734375 0.35703125 0.034375 0.1109375
0 0.1328125 0.34453125 0.0359375 0.1046875
0 0.3640625 0.36796875 0.0328125 0.0984375
0 0.3921875 0.19140625 0.0203125 0.0703125
0 0.415625 0.64453125 0.05 0.1296875
0 0.51328125 0.35234375 0.0265625 0.0875
0 0.5953125 0.24375 0.021875 0.0796875
0 0.67734375 0.403125 0.0265625 0.0921875
0 0.69296875 0.40546875 0.0296875 0.1046875
0 0.7984375 0.46171875 0.028125 0.1078125
0 0.825 0.35546875 0.0265625 0.09375
0 0.91171875 0.421875 0.0328125 0.10625
0 0.91640625 0.60859375 0.0546875 0.1296875
0 0.97890625 0.62734375 0.034375 0.1359375
0 0.9921875 0.49609375 0.015625 0.1234375