0 0.28828125 0.734375 0.0390625 0.15625
0 0.18828125 0.6046875 0.0359375 0.1234375
0 0.16171875 0.40546875 0.0328125 0.1078125
0 0.2453125 0.3703125 0.0296875 0.096875
0 0.35390625 0.196875 0.0203125 0.065625
0 0.47265625 0.56328125 0.03125 0.125
0 0.51171875 0.3296875 0.0375 0.09375
0 0.61015625 0.2984375 0.0328125 0.0875
0 0.60390625 0.20078125 0.0203125 0.0734375
0 0.7015625 0.371875 0.028125 0.096875
0 0.7375 0.31171875 0.0296875 0.0921875
0 0.81875 0.259375 0.025 0.084375
0 0.78046875 0.4359375 0.0296875 0.1109375
0 0.92109375 0.309375 0.021875 0.0984375