0 0.97109375 0.52265625 0.046875 0.15
0 0.69296875 0.3140625 0.0359375 0.109375
0 0.659375 0.27265625 0.03125 0.0984375
0 0.63125 0.2796875 0.03125 0.096875
0 0.628125 0.3734375 0.040625 0.1
0 0.3703125 0.3359375 0.028125 0.1
0 0.33828125 0.30546875 0.03125 0.0984375
0 0.2421875 0.259375 0.0296875 0.090625
0 0.16953125 0.22265625 0.0234375 0.08125
0 0.140625 0.371875 0.0328125 0.10625
0 0.09375 0.3703125 0.0296875 0.09375
0 0.1125 0.44140625 0.0390625 0.1125
0 0.11875 0.459375 0.034375 0.1171875
0 0.059375 0.91328125 0.046875 0.1734375