0 0.32421875 0.7 0.059375 0.11875
0 0.26640625 0.66640625 0.0578125 0.115625
0 0.3 0.44921875 0.046875 0.09375
0 0.27578125 0.36328125 0.0359375 0.0796875
0 0.3140625 0.3875 0.0421875 0.0859375
0 0.2734375 0.19765625 0.028125 0.071875
0 0.4796875 0.5609375 0.05625 0.1
0 0.57421875 0.51328125 0.0296875 0.08125
0 0.634375 0.371875 0.03125 0.0828125
0 0.584375 0.28359375 0.0234375 0.0625
0 0.61640625 0.271875 0.0265625 0.065625
0 0.71328125 0.2625 0.0234375 0.059375
0 0.771875 0.371875 0.0296875 0.078125
0 0.8203125 0.71796875 0.046875 0.13125
0 0.80390625 0.53828125 0.0328125 0.096875