0 0.21953125 0.771875 0.0453125 0.140625
0 0.04921875 0.5609375 0.025 0.1171875
0 0.08046875 0.3984375 0.025 0.1015625
0 0.1328125 0.38125 0.028125 0.0953125
0 0.3484375 0.38046875 0.025 0.0890625
0 0.35859375 0.21640625 0.0140625 0.0640625
0 0.4234375 0.63046875 0.0375 0.11875
0 0.48515625 0.3515625 0.01875 0.08125
0 0.55 0.24453125 0.015625 0.071875
0 0.640625 0.3828125 0.01875 0.084375
0 0.65625 0.3828125 0.021875 0.096875
0 0.75859375 0.42421875 0.0203125 0.0984375
0 0.77265625 0.32421875 0.01875 0.0859375
0 0.85859375 0.37734375 0.025 0.096875
0 0.88125 0.5484375 0.04375 0.1171875
0 0.9453125 0.56015625 0.0328125 0.125
0 0.9515625 0.43828125 0.025 0.1140625