0 0.06796875 0.56875 0.0390625 0.15625
0 0.3171875 0.3015625 0.03125 0.115625
0 0.34453125 0.25234375 0.0265625 0.103125
0 0.375 0.2546875 0.0265625 0.1
0 0.3953125 0.3515625 0.0359375 0.103125
0 0.65625 0.26484375 0.0234375 0.1046875
0 0.68359375 0.228125 0.0265625 0.103125
0 0.775 0.1625 0.025 0.09375
0 0.84453125 0.11015625 0.01875 0.0859375
0 0.9015625 0.26015625 0.0265625 0.1109375
0 0.94921875 0.25 0.0234375 0.1
0 0.9421875 0.32734375 0.0328125 0.115625
0 0.93984375 0.34765625 0.0296875 0.1234375