0 0.784375 0.70703125 0.059375 0.121875
0 0.675 0.56953125 0.0203125 0.10625
0 0.64375 0.45078125 0.0171875 0.0859375
0 0.8671875 0.39921875 0.01875 0.0859375
0 0.93203125 0.421875 0.01875 0.096875
0 0.86640625 0.21796875 0.015625 0.0578125
0 0.578125 0.31015625 0.0140625 0.071875
0 0.5328125 0.221875 0.015625 0.059375
0 0.459375 0.32265625 0.015625 0.071875
0 0.43046875 0.2578125 0.0109375 0.0625
0 0.41015625 0.26328125 0.015625 0.0625
0 0.440625 0.43828125 0.01875 0.084375
0 0.28984375 0.48828125 0.021875 0.0875
0 0.2359375 0.38359375 0.021875 0.0859375
0 0.225 0.36015625 0.015625 0.0703125
0 0.20234375 0.4859375 0.0265625 0.09375
0 0.28203125 0.60703125 0.01875 0.09375
0 0.1578125 0.78828125 0.025 0.140625
0 0.04921875 0.24921875 0.015625 0.071875