0 0.2375 0.7453125 0.08125 0.134375
0 0.328125 0.5859375 0.0375 0.1125
0 0.34140625 0.4578125 0.03125 0.090625
0 0.10234375 0.44140625 0.0328125 0.090625
0 0.03984375 0.47578125 0.0359375 0.103125
0 0.07265625 0.2546875 0.0234375 0.0625
0 0.3859375 0.303125 0.0265625 0.0765625
0 0.41796875 0.20390625 0.025 0.0640625
0 0.51015625 0.29609375 0.028125 0.0765625
0 0.5296875 0.22421875 0.021875 0.0671875
0 0.5515625 0.22578125 0.0265625 0.0671875
0 0.54921875 0.41171875 0.0328125 0.0890625
0 0.71328125 0.43828125 0.0375 0.09375
0 0.75078125 0.32265625 0.0359375 0.090625
0 0.75859375 0.29609375 0.028125 0.075
0 0.803125 0.421875 0.0421875 0.1015625
0 0.740625 0.56015625 0.0359375 0.1
0 0.8984375 0.7265625 0.05 0.15
0 0.921875 0.153125 0.028125 0.078125