0 0.98984375 0.43828125 0.0203125 0.1140625
0 0.89921875 0.3328125 0.05 0.0875
0 0.75703125 0.30625 0.053125 0.0921875
0 0.6734375 0.49453125 0.04375 0.1234375
0 0.61171875 0.34609375 0.0328125 0.1078125
0 0.6234375 0.33125 0.0484375 0.053125
0 0.51328125 0.25625 0.034375 0.071875
0 0.47890625 0.315625 0.0296875 0.08125
0 0.49609375 0.2859375 0.040625 0.0875
0 0.48203125 0.27421875 0.021875 0.075
0 0.45859375 0.26171875 0.040625 0.0796875
0 0.28828125 0.38984375 0.0421875 0.1171875
0 0.2546875 0.39765625 0.04375 0.115625
0 0.23828125 0.31796875 0.040625 0.109375
0 0.21015625 0.31015625 0.0453125 0.1015625
0 0.07421875 0.7390625 0.059375 0.178125