0 0.94140625 0.26484375 0.04375 0.0890625
0 0.790625 0.26640625 0.0484375 0.0921875
0 0.74296875 0.475 0.034375 0.1265625
0 0.65 0.33515625 0.025 0.1109375
0 0.65859375 0.3171875 0.0453125 0.053125
0 0.53046875 0.2640625 0.028125 0.0734375
0 0.5078125 0.33046875 0.0234375 0.084375
0 0.51953125 0.29609375 0.0359375 0.0890625
0 0.50390625 0.28671875 0.0171875 0.0765625
0 0.4765625 0.27890625 0.0359375 0.08125
0 0.328125 0.44375 0.0328125 0.121875
0 0.2953125 0.459375 0.034375 0.1203125
0 0.26328125 0.38125 0.0328125 0.1125
0 0.23203125 0.37890625 0.0375 0.1046875
0 0.01328125 0.53359375 0.0265625 0.1328125
0 0.17890625 0.8453125 0.046875 0.184375