0 0.9328125 0.29765625 0.0125 0.0453125
0 0.46640625 0.56484375 0.0265625 0.071875
0 0.4359375 0.46953125 0.0171875 0.0609375
0 0.43203125 0.55 0.0234375 0.0609375
0 0.40625 0.49609375 0.0234375 0.053125
0 0.37734375 0.421875 0.0140625 0.0546875
0 0.30703125 0.471875 0.015625 0.0515625
0 0.31484375 0.52421875 0.015625 0.059375
0 0.328125 0.5796875 0.0265625 0.0625
0 0.27890625 0.54609375 0.021875 0.065625
0 0.225 0.62109375 0.025 0.0703125
0 0.2203125 0.7296875 0.025 0.09375
0 0.17109375 0.69921875 0.03125 0.090625
0 0.3125 0.8359375 0.028125 0.1046875
0 0.1578125 0.4921875 0.0171875 0.0609375
0 0.08984375 0.615625 0.0203125 0.0734375
0 0.03203125 0.46953125 0.0203125 0.05625