0 0.5015625 0.584375 0.053125 0.1265625
0 0.54765625 0.56171875 0.0453125 0.109375
0 0.515625 0.48671875 0.0484375 0.0921875
0 0.41953125 0.3453125 0.028125 0.1
0 0.54140625 0.25078125 0.0265625 0.0796875
0 0.45078125 0.2265625 0.021875 0.0765625
0 0.36015625 0.2140625 0.0234375 0.071875
0 0.23671875 0.3609375 0.028125 0.096875
0 0.196875 0.55078125 0.0296875 0.121875
0 0.11171875 0.72421875 0.046875 0.153125
0 0.7328125 0.51171875 0.046875 0.125
0 0.7703125 0.3765625 0.025 0.0984375
0 0.8328125 0.4234375 0.0359375 0.0984375
0 0.8328125 0.4015625 0.03125 0.10625
0 0.81875 0.18046875 0.0265625 0.075