0 0.2984375 0.678125 0.0484375 0.1484375
0 0.05390625 0.76796875 0.0546875 0.1703125
0 0.28984375 0.45703125 0.0359375 0.1171875
0 0.11796875 0.41328125 0.0375 0.1078125
0 0.228125 0.33359375 0.0421875 0.0828125
0 0.3375 0.31171875 0.0359375 0.06875
0 0.49921875 0.34375 0.040625 0.0984375
0 0.5765625 0.5234375 0.0421875 0.125
0 0.621875 0.33203125 0.0359375 0.1015625
0 0.69453125 0.38359375 0.0328125 0.0984375
0 0.70234375 0.2453125 0.028125 0.078125
0 0.73203125 0.240625 0.0296875 0.0875
0 0.73359375 0.31484375 0.0390625 0.0875
0 0.88515625 0.4171875 0.0390625 0.11875
0 0.9203125 0.41796875 0.040625 0.115625
0 0.89453125 0.30078125 0.0375 0.1046875