0 0.453125 0.56875 0.028125 0.090625
0 0.41171875 0.59765625 0.034375 0.0875
0 0.36015625 0.47421875 0.025 0.078125
0 0.24921875 0.53359375 0.028125 0.0984375
0 0.14609375 0.859375 0.0390625 0.153125
0 0.42734375 0.78671875 0.034375 0.1203125
0 0.5203125 0.8 0.034375 0.1375
0 0.56953125 0.80078125 0.034375 0.125
0 0.90859375 0.64296875 0.03125 0.1078125
0 0.8703125 0.5921875 0.0234375 0.103125
0 0.76484375 0.46640625 0.0296875 0.0859375
0 0.77265625 0.45234375 0.0234375 0.0796875
0 0.62109375 0.34921875 0.0234375 0.06875
0 0.53046875 0.26328125 0.0125 0.0625
0 0.4453125 0.2140625 0.01875 0.0625
0 0.22890625 0.31171875 0.021875 0.0640625
0 0.04375 0.44375 0.0203125 0.08125