0 0.2625 0.665625 0.034375 0.1515625
0 0.0078125 0.7125 0.015625 0.175
0 0.29375 0.4375 0.025 0.1203125
0 0.12578125 0.36171875 0.0265625 0.1109375
0 0.253125 0.30078125 0.0359375 0.0828125
0 0.36953125 0.29765625 0.0296875 0.06875
0 0.528125 0.359375 0.0328125 0.1
0 0.57578125 0.55625 0.0296875 0.1296875
0 0.65546875 0.36953125 0.028125 0.1046875
0 0.7203125 0.43515625 0.0234375 0.1015625
0 0.75390625 0.29453125 0.021875 0.0796875
0 0.784375 0.29609375 0.021875 0.0890625
0 0.7734375 0.371875 0.0328125 0.0890625
0 0.909375 0.50390625 0.028125 0.1203125
0 0.9453125 0.51171875 0.0296875 0.11875
0 0.940625 0.3875 0.028125 0.1078125