0 0.01953125 0.3390625 0.0234375 0.1171875
0 0.21171875 0.2328125 0.040625 0.0859375
0 0.1609375 0.3453125 0.0375 0.1109375
0 0.22265625 0.3453125 0.0296875 0.1125
0 0.5140625 0.29296875 0.04375 0.1015625
0 0.5140625 0.284375 0.040625 0.090625
0 0.553125 0.23046875 0.025 0.0765625
0 0.53125 0.425 0.034375 0.1203125
0 0.521875 0.3984375 0.025 0.1171875
0 0.7765625 0.290625 0.0328125 0.1
0 0.78203125 0.575 0.0328125 0.1390625
0 0.87109375 0.42578125 0.0390625 0.1140625
0 0.87265625 0.34765625 0.0265625 0.0921875
0 0.88515625 0.27734375 0.0296875 0.084375