0 0.003125 0.38984375 0.00625 0.1171875
0 0.16484375 0.24921875 0.040625 0.0875
0 0.1375 0.36953125 0.0375 0.1109375
0 0.19765625 0.3578125 0.028125 0.1125
0 0.475 0.2515625 0.040625 0.103125
0 0.47421875 0.2421875 0.0390625 0.090625
0 0.50234375 0.18125 0.0234375 0.0765625
0 0.51796875 0.3765625 0.0328125 0.1203125
0 0.503125 0.353125 0.0234375 0.1171875
0 0.73359375 0.196875 0.03125 0.1
0 0.79453125 0.47734375 0.03125 0.1390625
0 0.853125 0.3140625 0.0375 0.115625
0 0.83984375 0.2359375 0.0265625 0.0921875
0 0.8390625 0.1640625 0.0296875 0.0859375