0 0.6140625 0.6625 0.01875 0.084375
0 0.79296875 0.5296875 0.0203125 0.0734375
0 0.74296875 0.5078125 0.0125 0.0703125
0 0.8109375 0.43515625 0.0171875 0.0625
0 0.671875 0.46171875 0.015625 0.05
0 0.7015625 0.45234375 0.025 0.059375
0 0.77890625 0.37890625 0.0109375 0.0578125
0 0.74609375 0.24765625 0.00625 0.0359375
0 0.62109375 0.409375 0.0109375 0.05
0 0.6234375 0.5234375 0.0234375 0.0703125
0 0.54296875 0.465625 0.0171875 0.0703125
0 0.49609375 0.61875 0.021875 0.0828125
0 0.50546875 0.5171875 0.0265625 0.06875
0 0.4875 0.39296875 0.0140625 0.053125
0 0.415625 0.58515625 0.025 0.078125
0 0.3984375 0.36875 0.0171875 0.0546875
0 0.3625 0.453125 0.01875 0.0546875
0 0.33515625 0.48046875 0.0203125 0.0625
0 0.32421875 0.48984375 0.0203125 0.0609375
0 0.2609375 0.53984375 0.0296875 0.06875
0 0.2875 0.46953125 0.025 0.059375
0 0.26953125 0.396875 0.01875 0.05625
0 0.04140625 0.37890625 0.0171875 0.0578125