0 0.82734375 0.95390625 0.040625 0.08125
0 0.853125 0.934375 0.034375 0.11875
0 0.61171875 0.6796875 0.03125 0.134375
0 0.6640625 0.65 0.0328125 0.1375
0 0.903125 0.56484375 0.025 0.1125
0 0.80703125 0.24296875 0.0203125 0.0734375
0 0.6078125 0.33046875 0.01875 0.0765625
0 0.42578125 0.48046875 0.03125 0.096875
0 0.31875 0.59609375 0.0265625 0.115625
0 0.27421875 0.56640625 0.028125 0.128125
0 0.25390625 0.6796875 0.03125 0.13125
0 0.01953125 0.34765625 0.0171875 0.103125
0 0.07578125 0.80546875 0.0375 0.140625