0 0.2375 0.47578125 0.05 0.1375
0 0.1078125 0.23984375 0.0296875 0.090625
0 0.1125 0.36875 0.04375 0.1109375
0 0.23359375 0.27734375 0.0375 0.103125
0 0.28515625 0.33671875 0.0390625 0.1140625
0 0.31015625 0.26484375 0.0359375 0.0875
0 0.36015625 0.2328125 0.03125 0.09375
0 0.44296875 0.26953125 0.0328125 0.0765625
0 0.48203125 0.25390625 0.0328125 0.0859375
0 0.509375 0.296875 0.034375 0.1078125
0 0.51953125 0.25859375 0.0421875 0.09375
0 0.546875 0.240625 0.0375 0.1
0 0.64375 0.3203125 0.0359375 0.11875
0 0.65 0.23828125 0.040625 0.096875
0 0.88671875 0.3375 0.0484375 0.1296875
0 0.9109375 0.31640625 0.034375 0.1296875