0 0.753125 0.61484375 0.0546875 0.11875
0 0.91875 0.32421875 0.03125 0.08125
0 0.75546875 0.22421875 0.0171875 0.06875
0 0.57734375 0.50859375 0.0484375 0.09375
0 0.528125 0.4578125 0.0328125 0.10625
0 0.4171875 0.52890625 0.034375 0.1140625
0 0.40234375 0.46484375 0.03125 0.115625
0 0.2984375 0.5453125 0.0515625 0.125
0 0.3140625 0.36640625 0.034375 0.09375
0 0.371875 0.328125 0.0265625 0.084375
0 0.38515625 0.3015625 0.01875 0.0859375
0 0.43671875 0.3140625 0.0328125 0.0828125
0 0.16015625 0.25625 0.0203125 0.0734375
0 0.1625 0.1578125 0.0171875 0.065625