0 0.69921875 0.3375 0.0359375 0.084375
0 0.80390625 0.56953125 0.0328125 0.1109375
0 0.81640625 0.5265625 0.0375 0.125
0 0.6015625 0.4265625 0.034375 0.1078125
0 0.53671875 0.41171875 0.025 0.065625
0 0.5421875 0.39140625 0.040625 0.0890625
0 0.52578125 0.59296875 0.0453125 0.13125
0 0.38671875 0.3515625 0.0421875 0.0890625
0 0.39609375 0.41484375 0.0296875 0.090625
0 0.40234375 0.50859375 0.0375 0.1234375
0 0.3234375 0.54140625 0.0359375 0.125
0 0.47109375 0.25390625 0.0203125 0.0734375
0 0.20859375 0.334375 0.03125 0.0859375
0 0.025 0.6203125 0.04375 0.125