0 0.22890625 0.50625 0.05 0.1296875
0 0.09921875 0.28984375 0.03125 0.0859375
0 0.1078125 0.41015625 0.0453125 0.1046875
0 0.21953125 0.3203125 0.0390625 0.0984375
0 0.26953125 0.37421875 0.0390625 0.1078125
0 0.290625 0.30625 0.0359375 0.0828125
0 0.3359375 0.27421875 0.03125 0.0875
0 0.415625 0.30546875 0.0328125 0.0734375
0 0.45234375 0.28984375 0.034375 0.08125
0 0.478125 0.3296875 0.034375 0.1015625
0 0.4875 0.29296875 0.0421875 0.0875
0 0.5125 0.27578125 0.0375 0.0953125
0 0.60625 0.346875 0.0375 0.1125
0 0.609375 0.2703125 0.040625 0.090625
0 0.83515625 0.35625 0.05 0.121875
0 0.8578125 0.33515625 0.0359375 0.121875
0 0.9046875 0.1625 0.03125 0.096875