0 0.73984375 0.60625 0.05625 0.1125
0 0.909375 0.3421875 0.034375 0.0765625
0 0.7609375 0.24140625 0.01875 0.065625
0 0.58046875 0.4984375 0.05 0.090625
0 0.5375 0.4484375 0.0359375 0.1
0 0.4296875 0.509375 0.0375 0.1078125
0 0.41796875 0.4484375 0.034375 0.109375
0 0.3171875 0.51875 0.0546875 0.11875
0 0.340625 0.35078125 0.0359375 0.0890625
0 0.396875 0.31953125 0.028125 0.0796875
0 0.41015625 0.2953125 0.021875 0.08125
0 0.45859375 0.30859375 0.0359375 0.078125
0 0.2015625 0.240625 0.021875 0.0703125
0 0.209375 0.15 0.01875 0.0625