0 0.04375 0.3140625 0.040625 0.11875
0 0.1 0.2109375 0.0328125 0.0890625
0 0.19375 0.2609375 0.0359375 0.1015625
0 0.2078125 0.45078125 0.0421875 0.1296875
0 0.271875 0.26953125 0.0375 0.1015625
0 0.29765625 0.275 0.0328125 0.1015625
0 0.32578125 0.3421875 0.034375 0.1171875
0 0.39609375 0.26484375 0.028125 0.0953125
0 0.46640625 0.2796875 0.046875 0.090625
0 0.4953125 0.2890625 0.0359375 0.0890625
0 0.5 0.3546875 0.0359375 0.096875
0 0.58828125 0.39375 0.0390625 0.11875
0 0.72109375 0.325 0.0453125 0.0953125
0 0.715625 0.32109375 0.034375 0.0953125
0 0.8859375 0.47109375 0.040625 0.11875
0 0.89375 0.453125 0.0359375 0.115625
0 0.9421875 0.28359375 0.028125 0.09375