0 0.1328125 0.58125 0.0359375 0.0921875
0 0.228125 0.59765625 0.040625 0.109375
0 0.4515625 0.47421875 0.028125 0.109375
0 0.56953125 0.37734375 0.021875 0.0921875
0 0.56015625 0.3375 0.0375 0.1
0 0.61484375 0.58203125 0.03125 0.1375
0 0.6421875 0.3984375 0.0421875 0.1125
0 0.76953125 0.478125 0.034375 0.11875
0 0.86015625 0.50234375 0.034375 0.1296875
0 0.75859375 0.4046875 0.0328125 0.10625
0 0.76328125 0.3328125 0.0265625 0.1
0 0.83515625 0.29609375 0.03125 0.0890625
0 0.75234375 0.234375 0.0203125 0.0734375
0 0.9890625 0.60859375 0.021875 0.1359375