0 0.309375 0.36796875 0.0390625 0.084375
0 0.24765625 0.60859375 0.0359375 0.109375
0 0.228125 0.56875 0.040625 0.1234375
0 0.41875 0.4359375 0.0375 0.10625
0 0.478125 0.4109375 0.0265625 0.065625
0 0.46953125 0.3921875 0.0421875 0.0875
0 0.51875 0.58359375 0.0484375 0.1296875
0 0.6125 0.32734375 0.04375 0.0890625
0 0.6140625 0.38984375 0.0328125 0.0890625
0 0.6234375 0.48046875 0.040625 0.121875
0 0.7046875 0.5 0.0390625 0.1234375
0 0.51484375 0.24765625 0.021875 0.071875
0 0.78125 0.28125 0.0328125 0.0828125
0 0.990625 0.52578125 0.01875 0.1203125