0 0.79921875 0.9609375 0.0359375 0.078125
0 0.88359375 0.6046875 0.03125 0.11875
0 0.95234375 0.5234375 0.0421875 0.1046875
0 0.759375 0.31875 0.025 0.0671875
0 0.596875 0.37890625 0.0265625 0.0875
0 0.53203125 0.796875 0.0328125 0.1359375
0 0.5171875 0.68359375 0.0375 0.13125
0 0.38203125 0.6359375 0.03125 0.121875
0 0.34453125 0.54296875 0.0265625 0.115625
0 0.234375 0.6265625 0.0328125 0.128125
0 0.15078125 0.7171875 0.034375 0.14375
0 0.02578125 0.8015625 0.0453125 0.14375
0 0.01015625 0.4375 0.0203125 0.109375