0 0.884375 0.63828125 0.05 0.1171875
0 0.5421875 0.515625 0.0328125 0.109375
0 0.359375 0.30859375 0.0296875 0.0875
0 0.33984375 0.3890625 0.0265625 0.096875
0 0.203125 0.23125 0.0171875 0.071875
0 0.2 0.3171875 0.0265625 0.096875
0 0.2 0.3625 0.0328125 0.0984375
0 0.25078125 0.58515625 0.059375 0.1234375
0 0.171875 0.47265625 0.0328125 0.11875
0 0.1578125 0.3953125 0.028125 0.09375
0 0.08671875 0.28984375 0.025 0.08125
0 0.134375 0.484375 0.0328125 0.1171875
0 0.14921875 0.66953125 0.0375 0.1375