0 0.35234375 0.8125 0.0453125 0.1796875
0 0.81328125 0.91328125 0.0578125 0.1734375
0 0.8171875 0.56328125 0.040625 0.134375
0 0.80703125 0.43125 0.0296875 0.115625
0 0.74609375 0.30234375 0.028125 0.0953125
0 0.56953125 0.41328125 0.0421875 0.121875
0 0.62578125 0.3828125 0.028125 0.078125
0 0.628125 0.39140625 0.05 0.05
0 0.57734375 0.37265625 0.0328125 0.0328125
0 0.59921875 0.1125 0.0171875 0.0609375
0 0.37578125 0.24609375 0.0234375 0.0875
0 0.340625 0.38203125 0.040625 0.1125
0 0.271875 0.28828125 0.03125 0.103125
0 0.22734375 0.51875 0.0359375 0.134375
0 0.17109375 0.3640625 0.0296875 0.1203125
0 0.13515625 0.41796875 0.0296875 0.1140625
0 0.059375 0.1 0.0171875 0.0703125