0 0.359375 0.94375 0.06875 0.1125
0 0.6 0.93359375 0.065625 0.1203125
0 0.71875 0.7046875 0.05625 0.1625
0 0.1671875 0.68359375 0.05 0.1421875
0 0.1703125 0.61796875 0.046875 0.1359375
0 0.04140625 0.4515625 0.0484375 0.1078125
0 0.2734375 0.31328125 0.03125 0.0828125
0 0.4546875 0.12421875 0.0203125 0.0546875
0 0.55859375 0.5484375 0.046875 0.13125
0 0.5953125 0.4 0.021875 0.0765625
0 0.60703125 0.3984375 0.0375 0.1
0 0.621875 0.3734375 0.034375 0.0796875
0 0.76953125 0.2625 0.03125 0.08125
0 0.8421875 0.509375 0.0453125 0.1265625