0 0.3796875 0.7234375 0.0546875 0.125
0 0.23203125 0.61171875 0.04375 0.0984375
0 0.1640625 0.44140625 0.040625 0.075
0 0.21875 0.43515625 0.0421875 0.078125
0 0.2703125 0.41796875 0.03125 0.075
0 0.39453125 0.43046875 0.0375 0.0734375
0 0.46015625 0.49140625 0.028125 0.08125
0 0.4578125 0.44296875 0.0328125 0.0859375
0 0.371875 0.38125 0.0328125 0.0640625
0 0.1875 0.3796875 0.0296875 0.0734375
0 0.225 0.2640625 0.0265625 0.0578125
0 0.25390625 0.06875 0.0125 0.0390625
0 0.49140625 0.30546875 0.0296875 0.0671875
0 0.5296875 0.265625 0.0296875 0.075
0 0.73203125 0.228125 0.0234375 0.0703125
0 0.77109375 0.41328125 0.0359375 0.09375
0 0.6484375 0.57109375 0.05 0.1015625
0 0.8546875 0.3625 0.03125 0.090625
0 0.90234375 0.37109375 0.0296875 0.0984375
0 0.97265625 0.26015625 0.0359375 0.0796875