0 0.41015625 0.72265625 0.0609375 0.128125
0 0.25703125 0.6171875 0.0484375 0.1
0 0.17890625 0.45078125 0.0453125 0.0765625
0 0.234375 0.440625 0.046875 0.08125
0 0.28515625 0.421875 0.0359375 0.0765625
0 0.4109375 0.4265625 0.0421875 0.075
0 0.48046875 0.48515625 0.0328125 0.0828125
0 0.475 0.43671875 0.0375 0.0875
0 0.38515625 0.3796875 0.0359375 0.065625
0 0.20078125 0.3875 0.0328125 0.0734375
0 0.23125 0.26953125 0.0296875 0.0578125
0 0.25078125 0.071875 0.0140625 0.0390625
0 0.5015625 0.296875 0.0328125 0.06875
0 0.5375 0.2546875 0.0328125 0.075
0 0.7390625 0.20703125 0.0265625 0.071875
0 0.7875 0.390625 0.040625 0.0953125
0 0.67265625 0.55546875 0.05625 0.1046875
0 0.86953125 0.33515625 0.0359375 0.0921875
0 0.91796875 0.340625 0.034375 0.1
0 0.9703125 0.228125 0.015625 0.0796875