0 0.196875 0.92265625 0.075 0.1546875
0 0.2609375 0.85546875 0.0515625 0.1796875
0 0.2015625 0.69453125 0.0421875 0.1578125
0 0.3828125 0.5578125 0.046875 0.1609375
0 0.115625 0.42578125 0.046875 0.125
0 0.309375 0.31796875 0.0421875 0.096875
0 0.3046875 0.29765625 0.0484375 0.084375
0 0.57265625 0.57421875 0.0453125 0.1484375
0 0.59921875 0.56953125 0.0453125 0.1421875
0 0.61171875 0.4859375 0.0390625 0.121875
0 0.77890625 0.63828125 0.0421875 0.153125
0 0.76328125 0.596875 0.0453125 0.1375
0 0.84921875 0.45078125 0.0296875 0.14375