0 0.8328125 0.946875 0.078125 0.10625
0 0.76953125 0.9015625 0.0578125 0.184375
0 0.8359375 0.740625 0.0484375 0.1609375
0 0.6578125 0.59375 0.053125 0.165625
0 0.9328125 0.46953125 0.0515625 0.128125
0 0.73984375 0.353125 0.0453125 0.1
0 0.7453125 0.33203125 0.0515625 0.0875
0 0.46328125 0.6046875 0.0515625 0.1515625
0 0.43671875 0.5984375 0.05 0.1453125
0 0.4265625 0.51328125 0.0453125 0.125
0 0.2515625 0.66171875 0.0484375 0.1578125
0 0.26875 0.6203125 0.0515625 0.140625
0 0.18671875 0.46875 0.0359375 0.1453125