0 0.58125 0.70859375 0.034375 0.1078125
0 0.1671875 0.65078125 0.034375 0.13125
0 0.33046875 0.45078125 0.0140625 0.065625
0 0.396875 0.446875 0.0140625 0.059375
0 0.4078125 0.44921875 0.0140625 0.0578125
0 0.428125 0.4453125 0.0140625 0.065625
0 0.434375 0.521875 0.01875 0.0890625
0 0.49140625 0.4640625 0.015625 0.0640625
0 0.5203125 0.49453125 0.0234375 0.0765625
0 0.5375 0.50078125 0.0171875 0.078125
0 0.5375 0.39765625 0.0125 0.040625
0 0.55390625 0.4515625 0.0109375 0.046875
0 0.5484375 0.45234375 0.0109375 0.0484375
0 0.553125 0.50078125 0.0171875 0.084375
0 0.565625 0.4984375 0.015625 0.0859375
0 0.57734375 0.5 0.01875 0.08125
0 0.621875 0.4546875 0.0125 0.059375
0 0.62734375 0.4546875 0.0125 0.065625
0 0.71484375 0.47265625 0.0171875 0.0609375
0 0.80546875 0.4859375 0.0203125 0.06875
0 0.86640625 0.59296875 0.03125 0.1