0 0.61796875 0.809375 0.06875 0.19375
0 0.65546875 0.78046875 0.0703125 0.1875
0 0.821875 0.59609375 0.0609375 0.1546875
0 0.61171875 0.5046875 0.0984375 0.153125
0 0.871875 0.384375 0.053125 0.128125
0 0.98125 0.3984375 0.0375 0.11875
0 0.73984375 0.2859375 0.059375 0.121875
0 0.5375 0.2640625 0.0546875 0.125
0 0.465625 0.39765625 0.065625 0.1109375
0 0.44921875 0.45703125 0.065625 0.1296875
0 0.2828125 0.5390625 0.0796875 0.15
0 0.240625 0.51875 0.0671875 0.1640625
0 0.303125 0.47421875 0.078125 0.16875
0 0.171875 0.36328125 0.0515625 0.15