0 0.58046875 0.71171875 0.0640625 0.1421875
0 0.06015625 0.55390625 0.0578125 0.1703125
0 0.26015625 0.39375 0.0203125 0.078125
0 0.334375 0.39609375 0.0234375 0.0703125
0 0.36953125 0.39375 0.01875 0.0671875
0 0.38125 0.3953125 0.021875 0.0734375
0 0.4546875 0.41796875 0.0234375 0.0765625
0 0.48984375 0.36171875 0.0140625 0.0484375
0 0.4890625 0.4109375 0.01875 0.0640625
0 0.46875 0.4546875 0.0296875 0.1015625
0 0.5125 0.4546875 0.028125 0.096875
0 0.52734375 0.4546875 0.025 0.0921875
0 0.540625 0.45234375 0.025 0.1
0 0.55390625 0.45234375 0.0296875 0.103125
0 0.56796875 0.4578125 0.025 0.1
0 0.59765625 0.4125 0.01875 0.065625
0 0.6078125 0.41328125 0.015625 0.0609375
0 0.63984375 0.421875 0.01875 0.0734375
0 0.73046875 0.44296875 0.0234375 0.06875
0 0.821875 0.45234375 0.025 0.0765625
0 0.91875 0.5546875 0.040625 0.1140625