0 0.6421875 0.4984375 0.034375 0.1015625
0 0.959375 0.384375 0.0234375 0.1015625
0 0.7609375 0.315625 0.0234375 0.078125
0 0.6921875 0.18359375 0.01875 0.0546875
0 0.60234375 0.26875 0.021875 0.0640625
0 0.60234375 0.31796875 0.0234375 0.071875
0 0.5015625 0.29296875 0.0265625 0.0765625
0 0.56640625 0.36484375 0.0203125 0.090625
0 0.55859375 0.36796875 0.0203125 0.0921875
0 0.55234375 0.37265625 0.01875 0.0890625
0 0.54453125 0.37734375 0.0203125 0.0859375
0 0.46171875 0.32421875 0.025 0.078125
0 0.4859375 0.39921875 0.028125 0.0828125
0 0.4484375 0.3390625 0.0203125 0.071875
0 0.45546875 0.47890625 0.0359375 0.1
0 0.33671875 0.4234375 0.0265625 0.0921875
0 0.3625 0.403125 0.028125 0.084375
0 0.36484375 0.390625 0.025 0.08125
0 0.2953125 0.4328125 0.025 0.0921875
0 0.2359375 0.4609375 0.025 0.090625
0 0.19765625 0.4703125 0.0359375 0.096875
0 0.27734375 0.2625 0.0203125 0.05625
0 0.08359375 0.36015625 0.0265625 0.0734375