0 0.05859375 0.340625 0.0484375 0.0953125
0 0.24921875 0.28671875 0.025 0.075
0 0.32421875 0.15078125 0.0234375 0.053125
0 0.371875 0.2984375 0.025 0.0796875
0 0.34609375 0.48046875 0.03125 0.103125
0 0.4140625 0.24921875 0.0296875 0.0640625
0 0.50625 0.27890625 0.028125 0.0796875
0 0.52578125 0.384375 0.03125 0.0828125
0 0.5671875 0.321875 0.0265625 0.0765625
0 0.55859375 0.3015625 0.0296875 0.06875
0 0.46640625 0.36328125 0.0265625 0.0890625
0 0.4578125 0.35546875 0.0234375 0.0875
0 0.45234375 0.346875 0.025 0.0921875
0 0.44609375 0.3421875 0.0234375 0.090625
0 0.58671875 0.47890625 0.0390625 0.1046875
0 0.6203125 0.36484375 0.025 0.084375
0 0.65234375 0.38125 0.0296875 0.084375
0 0.675 0.40546875 0.03125 0.0890625
0 0.7078125 0.4203125 0.028125 0.096875
0 0.73828125 0.44453125 0.0359375 0.09375
0 0.7453125 0.25546875 0.025 0.0625
0 0.78828125 0.47578125 0.0359375 0.0953125
0 0.93828125 0.36875 0.03125 0.071875