0 0.709375 0.665625 0.0640625 0.1125
0 0.684375 0.65234375 0.0484375 0.115625
0 0.53984375 0.65078125 0.065625 0.1234375
0 0.640625 0.51328125 0.040625 0.0984375
0 0.47578125 0.58671875 0.0453125 0.121875
0 0.46875 0.4265625 0.0484375 0.0890625
0 0.4703125 0.35859375 0.0453125 0.0765625
0 0.396875 0.28203125 0.0421875 0.0828125
0 0.70390625 0.23046875 0.028125 0.0734375
0 0.609375 0.12890625 0.021875 0.059375
0 0.275 0.2234375 0.0328125 0.078125
0 0.24296875 0.2140625 0.0375 0.075
0 0.05703125 0.4 0.0640625 0.1
0 0.15625 0.5359375 0.0546875 0.121875
0 0.27421875 0.65234375 0.0671875 0.125