0 0.596875 0.69375 0.0875 0.1578125
0 0.546875 0.64921875 0.0671875 0.1453125
0 0.4921875 0.4125 0.053125 0.121875
0 0.4875 0.30625 0.053125 0.0921875
0 0.46171875 0.3015625 0.034375 0.103125
0 0.62421875 0.26640625 0.040625 0.1109375
0 0.93828125 0.46796875 0.06875 0.140625
0 0.8625 0.4515625 0.0609375 0.1390625
0 0.875 0.36171875 0.0453125 0.1296875
0 0.34453125 0.4734375 0.06875 0.1359375
0 0.29921875 0.4078125 0.046875 0.1265625
0 0.2953125 0.396875 0.046875 0.11875
0 0.2203125 0.55625 0.046875 0.1296875
0 0.1734375 0.3234375 0.0453125 0.1078125
0 0.04921875 0.5359375 0.0515625 0.146875
0 0.0203125 0.61796875 0.0375 0.14375