0 0.55859375 0.325 0.0375 0.109375
0 0.57734375 0.4484375 0.0484375 0.1421875
0 0.51875 0.3640625 0.046875 0.0453125
0 0.50703125 0.41484375 0.0515625 0.134375
0 0.48515625 0.440625 0.0671875 0.1390625
0 0.3515625 0.3125 0.065625 0.109375
0 0.3296875 0.265625 0.0296875 0.103125
0 0.296875 0.43125 0.0390625 0.134375
0 0.25078125 0.2859375 0.0640625 0.1109375
0 0.26015625 0.35078125 0.0375 0.1125
0 0.19453125 0.3828125 0.075 0.103125
0 0.09453125 0.37265625 0.040625 0.1390625
0 0.11328125 0.71484375 0.0609375 0.1890625