0 0.33203125 0.50234375 0.0265625 0.103125
0 0.184375 0.33203125 0.01875 0.0796875
0 0.23515625 0.1875 0.015625 0.05625
0 0.3390625 0.26171875 0.0171875 0.0640625
0 0.3453125 0.3125 0.01875 0.0734375
0 0.4453125 0.271875 0.021875 0.078125
0 0.3890625 0.3546875 0.0140625 0.09375
0 0.3984375 0.35625 0.0140625 0.0953125
0 0.40546875 0.36015625 0.0125 0.090625
0 0.4140625 0.36484375 0.0140625 0.0875
0 0.490625 0.29765625 0.01875 0.0796875
0 0.4765625 0.37890625 0.0234375 0.084375
0 0.50625 0.3109375 0.0171875 0.0734375
0 0.51875 0.4546875 0.03125 0.103125
0 0.6328125 0.38125 0.0203125 0.0953125
0 0.60234375 0.3640625 0.0234375 0.084375
0 0.5984375 0.35234375 0.0203125 0.0828125
0 0.67578125 0.38515625 0.01875 0.09375
0 0.73984375 0.4046875 0.0203125 0.09375
0 0.78046875 0.40859375 0.03125 0.0984375
0 0.66953125 0.20859375 0.015625 0.0578125
0 0.88046875 0.28046875 0.021875 0.075