0 0.63359375 0.7421875 0.084375 0.16875
0 0.5828125 0.690625 0.0625 0.15625
0 0.54140625 0.428125 0.0484375 0.1328125
0 0.54296875 0.31171875 0.0515625 0.0984375
0 0.51484375 0.30390625 0.03125 0.1109375
0 0.6953125 0.27890625 0.0359375 0.121875
0 0.940625 0.4984375 0.0578125 0.1515625
0 0.9609375 0.4015625 0.040625 0.140625
0 0.375 0.4828125 0.065625 0.146875
0 0.33125 0.40703125 0.0421875 0.1375
0 0.328125 0.39609375 0.0421875 0.128125
0 0.23359375 0.5640625 0.040625 0.140625
0 0.20078125 0.3046875 0.0421875 0.115625
0 0.04921875 0.52734375 0.0453125 0.159375
0 0.0140625 0.615625 0.025 0.1578125