0 0.278125 0.64921875 0.0578125 0.10625
0 0.303125 0.63828125 0.0421875 0.109375
0 0.440625 0.640625 0.059375 0.11875
0 0.35 0.50625 0.0375 0.0953125
0 0.50546875 0.58203125 0.0390625 0.115625
0 0.5171875 0.42890625 0.04375 0.084375
0 0.51796875 0.36328125 0.0421875 0.0734375
0 0.58984375 0.2921875 0.0390625 0.078125
0 0.29921875 0.2328125 0.025 0.06875
0 0.3921875 0.13984375 0.01875 0.05625
0 0.70859375 0.240625 0.0296875 0.0734375
0 0.740625 0.2328125 0.0328125 0.071875
0 0.91171875 0.4171875 0.059375 0.0953125
0 0.8125 0.54375 0.0484375 0.115625
0 0.6953125 0.6515625 0.0609375 0.1171875