0 0.140625 0.765625 0.0453125 0.1515625
0 0.12421875 0.65625 0.053125 0.134375
0 0.09375 0.4234375 0.03125 0.1109375
0 0.271875 0.3125 0.03125 0.0953125
0 0.39921875 0.40625 0.028125 0.1140625
0 0.39296875 0.3421875 0.028125 0.0921875
0 0.4875 0.35 0.028125 0.0453125
0 0.49453125 0.31328125 0.0234375 0.0828125
0 0.55 0.2875 0.0390625 0.0875
0 0.56640625 0.4578125 0.0359375 0.1140625
0 0.5921875 0.3453125 0.025 0.1015625
0 0.625 0.34296875 0.0328125 0.1046875
0 0.8171875 0.43359375 0.0375 0.1265625
0 0.86484375 0.5375 0.034375 0.128125