0 0.93984375 0.67109375 0.065625 0.1609375
0 0.93046875 0.55546875 0.071875 0.1453125
0 0.90703125 0.3109375 0.0453125 0.11875
0 0.69921875 0.2390625 0.04375 0.1015625
0 0.5921875 0.36484375 0.04375 0.1203125
0 0.5828125 0.29765625 0.0390625 0.0984375
0 0.48828125 0.32734375 0.034375 0.05
0 0.471875 0.2921875 0.0359375 0.0875
0 0.409375 0.27890625 0.0515625 0.0953125
0 0.43359375 0.45703125 0.0515625 0.121875
0 0.38046875 0.34765625 0.0390625 0.1078125
0 0.34765625 0.35390625 0.046875 0.1125
0 0.17265625 0.49140625 0.0546875 0.134375
0 0.14765625 0.6078125 0.05 0.1359375