0 0.0265625 0.5796875 0.053125 0.228125
0 0.1859375 0.57109375 0.059375 0.2
0 0.184375 0.4546875 0.0390625 0.1484375
0 0.18359375 0.4140625 0.0359375 0.11875
0 0.478125 0.4796875 0.040625 0.171875
0 0.503125 0.48046875 0.0375 0.171875
0 0.525 0.484375 0.0375 0.16875
0 0.55546875 0.49765625 0.05625 0.159375
0 0.5015625 0.39296875 0.0234375 0.0671875
0 0.58515625 0.57109375 0.0546875 0.2140625
0 0.68125 0.6078125 0.0546875 0.196875
0 0.65546875 0.52265625 0.0453125 0.153125
0 0.6203125 0.3734375 0.025 0.0921875
0 0.5984375 0.32109375 0.01875 0.059375
0 0.84609375 0.5953125 0.053125 0.221875
0 0.9328125 0.4671875 0.034375 0.1265625
0 0.96953125 0.61875 0.0609375 0.225
0 0.7390625 0.309375 0.0109375 0.0390625