0 0.6828125 0.9234375 0.090625 0.1171875
0 0.71953125 0.6609375 0.0546875 0.1140625
0 0.72890625 0.609375 0.0484375 0.103125
0 0.8765625 0.65234375 0.0625 0.1359375
0 0.89453125 0.57109375 0.071875 0.134375
0 0.25546875 0.7375 0.0453125 0.1203125
0 0.25546875 0.70390625 0.0484375 0.0875
0 0.41328125 0.6765625 0.04375 0.1125
0 0.48984375 0.6125 0.0453125 0.115625
0 0.51640625 0.728125 0.046875 0.1296875
0 0.59609375 0.58125 0.0375 0.0828125
0 0.5625 0.55234375 0.0703125 0.040625
0 0.83515625 0.446875 0.034375 0.08125