0 0.4546875 0.85 0.228125 0.184375
0 0.6515625 0.44765625 0.0421875 0.090625
0 0.5921875 0.425 0.04375 0.1046875
0 0.51171875 0.465625 0.053125 0.1109375
0 0.4640625 0.42578125 0.0453125 0.0953125
0 0.4625 0.34609375 0.025 0.065625
0 0.4421875 0.3375 0.0265625 0.0671875
0 0.33671875 0.46171875 0.06875 0.1234375
0 0.36328125 0.334375 0.028125 0.075
0 0.3390625 0.3109375 0.0234375 0.0546875
0 0.3234375 0.33203125 0.025 0.0796875
0 0.30546875 0.3390625 0.03125 0.090625
0 0.28359375 0.27421875 0.01875 0.05
0 0.2515625 0.321875 0.028125 0.0765625
0 0.25859375 0.40390625 0.05 0.1234375
0 0.2 0.43671875 0.0578125 0.1453125
0 0.14140625 0.40546875 0.0609375 0.1390625
0 0.1015625 0.2890625 0.028125 0.0640625