0 0.33125 0.9296875 0.08125 0.1234375
0 0.27265625 0.66953125 0.04375 0.109375
0 0.25859375 0.6203125 0.0390625 0.1
0 0.11796875 0.675 0.05 0.13125
0 0.09375 0.596875 0.0609375 0.1296875
0 0.73203125 0.70390625 0.034375 0.1171875
0 0.7296875 0.67265625 0.040625 0.084375
0 0.57265625 0.65859375 0.0328125 0.1078125
0 0.49296875 0.603125 0.0359375 0.1109375
0 0.4765625 0.71875 0.034375 0.1265625
0 0.3859375 0.58125 0.0296875 0.0796875
0 0.41640625 0.55078125 0.0671875 0.034375
0 0.14140625 0.4703125 0.0265625 0.0796875