0 0.5453125 0.59140625 0.075 0.140625
0 0.75546875 0.46953125 0.0390625 0.0984375
0 0.78046875 0.3625 0.0328125 0.0578125
0 0.68515625 0.40078125 0.028125 0.08125
0 0.690625 0.32890625 0.025 0.0671875
0 0.62734375 0.31953125 0.0234375 0.05625
0 0.6765625 0.26015625 0.0140625 0.0359375
0 0.5921875 0.3109375 0.0203125 0.053125
0 0.5375 0.36953125 0.025 0.0796875
0 0.52421875 0.36484375 0.0265625 0.084375
0 0.5125 0.365625 0.0265625 0.0796875
0 0.49609375 0.365625 0.0375 0.075
0 0.453125 0.3484375 0.03125 0.0859375
0 0.4796875 0.2375 0.01875 0.040625
0 0.48671875 0.3015625 0.025 0.053125
0 0.45859375 0.29296875 0.021875 0.059375
0 0.4078125 0.2953125 0.0265625 0.0625
0 0.3796875 0.2875 0.034375 0.0609375
0 0.33671875 0.27890625 0.021875 0.0625
0 0.29921875 0.27578125 0.0234375 0.053125
0 0.22265625 0.33359375 0.034375 0.09375
0 0.121875 0.4671875 0.05625 0.1328125