0 0.42421875 0.56484375 0.0609375 0.13125
0 0.24921875 0.40703125 0.028125 0.09375
0 0.246875 0.30078125 0.0265625 0.0546875
0 0.3296875 0.35625 0.0203125 0.0765625
0 0.3390625 0.28671875 0.01875 0.0640625
0 0.4015625 0.290625 0.01875 0.053125
0 0.36640625 0.22421875 0.009375 0.034375
0 0.43671875 0.2890625 0.0140625 0.05
0 0.47734375 0.35625 0.0171875 0.0765625
0 0.490625 0.35390625 0.01875 0.08125
0 0.5015625 0.3578125 0.01875 0.0765625
0 0.51640625 0.3609375 0.0296875 0.0703125
0 0.5609375 0.35390625 0.021875 0.0828125
0 0.5578125 0.2421875 0.0140625 0.0390625
0 0.5375 0.3015625 0.01875 0.0515625
0 0.56796875 0.29921875 0.015625 0.05625
0 0.6140625 0.31171875 0.01875 0.059375
0 0.64375 0.31015625 0.028125 0.05625
0 0.6859375 0.31015625 0.015625 0.0609375
0 0.72265625 0.31640625 0.0171875 0.05
0 0.78359375 0.38515625 0.0234375 0.090625
0 0.85234375 0.5328125 0.0421875 0.1265625