0 0.17734375 0.9265625 0.0328125 0.146875
0 0.30703125 0.73515625 0.025 0.103125
0 0.47578125 0.796875 0.03125 0.1046875
0 0.4375 0.66328125 0.04375 0.1
0 0.02421875 0.6140625 0.028125 0.103125
0 0.09375 0.52734375 0.028125 0.09375
0 0.01328125 0.4609375 0.0265625 0.08125
0 0.26171875 0.3625 0.015625 0.06875
0 0.35078125 0.3390625 0.0125 0.0625
0 0.4296875 0.384375 0.015625 0.075
0 0.45234375 0.26484375 0.015625 0.053125
0 0.471875 0.26015625 0.0109375 0.053125
0 0.55546875 0.3015625 0.015625 0.059375
0 0.55078125 0.47421875 0.015625 0.078125
0 0.6640625 0.6875 0.028125 0.078125
0 0.6734375 0.69453125 0.046875 0.059375
0 0.7171875 0.43671875 0.01875 0.08125
0 0.7625 0.42890625 0.01875 0.075
0 0.8875 0.27734375 0.0171875 0.059375