0 0.14921875 0.7890625 0.0578125 0.1296875
0 0.0375 0.565625 0.0625 0.1
0 0.14453125 0.51015625 0.0453125 0.1
0 0.14765625 0.3703125 0.034375 0.0859375
0 0.0453125 0.203125 0.025 0.05625
0 0.31875 0.31484375 0.028125 0.0671875
0 0.43515625 0.30625 0.03125 0.06875
0 0.44453125 0.35703125 0.028125 0.0625
0 0.5578125 0.2421875 0.0265625 0.0609375
0 0.63203125 0.2953125 0.0234375 0.0578125
0 0.6046875 0.45078125 0.0296875 0.071875
0 0.48828125 0.60546875 0.0515625 0.0953125
0 0.42890625 0.7765625 0.040625 0.1171875
0 0.5265625 0.7734375 0.0546875 0.1125
0 0.68671875 0.68359375 0.0421875 0.09375
0 0.76328125 0.66484375 0.0375 0.1078125
0 0.75859375 0.46640625 0.0234375 0.084375
0 0.8328125 0.46328125 0.0265625 0.08125
0 0.96796875 0.30625 0.021875 0.0640625