0 0.52265625 0.93671875 0.0578125 0.1265625
0 0.278125 0.6390625 0.0609375 0.1234375
0 0.684375 0.546875 0.05625 0.121875
0 0.4890625 0.46015625 0.0390625 0.1078125
0 0.61328125 0.3390625 0.0328125 0.0921875
0 0.56484375 0.2765625 0.0296875 0.0875
0 0.4890625 0.140625 0.0234375 0.0609375
0 0.6890625 0.05 0.0203125 0.0515625
0 0.88671875 0.21640625 0.0328125 0.0921875
0 0.17578125 0.315625 0.03125 0.0796875
0 0.1578125 0.2953125 0.0296875 0.0765625
0 0.07265625 0.25 0.0296875 0.0640625
0 0.0515625 0.2515625 0.0265625 0.0625
0 0.13828125 0.5421875 0.0375 0.0953125
0 0.0875 0.4171875 0.0359375 0.0875
0 0.06015625 0.371875 0.034375 0.0890625
0 0.04375 0.48203125 0.0515625 0.09375
0 0.04140625 0.77734375 0.028125 0.1328125