0 0.46875 0.88828125 0.046875 0.14375
0 0.13984375 0.71484375 0.040625 0.1296875
0 0.04921875 0.40859375 0.028125 0.08125
0 0.1421875 0.215625 0.0140625 0.04375
0 0.30703125 0.2515625 0.01875 0.053125
0 0.2984375 0.40390625 0.025 0.08125
0 0.3234375 0.465625 0.034375 0.0890625
0 0.4078125 0.5328125 0.034375 0.0984375
0 0.53515625 0.6234375 0.040625 0.1078125
0 0.5875 0.60703125 0.0375 0.1078125
0 0.78359375 0.70234375 0.0421875 0.11875
0 0.8953125 0.48359375 0.0375 0.1
0 0.771875 0.39453125 0.0296875 0.078125
0 0.5765625 0.30625 0.0234375 0.0609375
0 0.62734375 0.290625 0.021875 0.0671875
0 0.72421875 0.32890625 0.021875 0.071875
0 0.696875 0.21640625 0.01875 0.05
0 0.71484375 0.21640625 0.0203125 0.053125
0 0.8109375 0.25546875 0.0234375 0.065625
0 0.9546875 0.3359375 0.034375 0.071875
0 0.97109375 0.36328125 0.0328125 0.084375