0 0.14296875 0.828125 0.0625 0.1390625
0 0.02890625 0.590625 0.0578125 0.10625
0 0.13828125 0.53203125 0.0484375 0.10625
0 0.140625 0.3828125 0.0375 0.090625
0 0.03984375 0.20625 0.0140625 0.0578125
0 0.32265625 0.32421875 0.0296875 0.071875
0 0.4453125 0.31484375 0.0328125 0.0734375
0 0.45546875 0.36875 0.0296875 0.065625
0 0.57578125 0.246875 0.0265625 0.0640625
0 0.6546875 0.303125 0.025 0.0609375
0 0.625 0.46875 0.03125 0.0765625
0 0.5015625 0.6328125 0.0546875 0.103125
0 0.4390625 0.8140625 0.04375 0.125
0 0.54140625 0.81015625 0.0578125 0.11875
0 0.7109375 0.71484375 0.04375 0.0984375
0 0.79296875 0.6953125 0.0390625 0.1140625
0 0.78828125 0.484375 0.025 0.0890625
0 0.86640625 0.48125 0.028125 0.0859375