0 0.44296875 0.93671875 0.0421875 0.1265625
0 0.2359375 0.59765625 0.046875 0.121875
0 0.6625 0.56171875 0.0421875 0.1203125
0 0.4765625 0.44609375 0.0265625 0.109375
0 0.61953125 0.33984375 0.0203125 0.09375
0 0.58046875 0.26875 0.0171875 0.0890625
0 0.521875 0.11953125 0.015625 0.0625
0 0.7390625 0.05625 0.0140625 0.053125
0 0.9171875 0.2546875 0.021875 0.0921875
0 0.17734375 0.253125 0.0203125 0.0796875
0 0.1625 0.2296875 0.0203125 0.0765625
0 0.08203125 0.17109375 0.021875 0.0640625
0 0.0609375 0.1703125 0.01875 0.0640625
0 0.10625 0.4796875 0.0265625 0.0953125
0 0.07265625 0.3453125 0.025 0.0875
0 0.0515625 0.29375 0.0234375 0.0890625
0 0.01953125 0.4046875 0.0390625 0.090625