0 0.9859375 0.64140625 0.0234375 0.1390625
0 0.721875 0.35703125 0.034375 0.084375
0 0.671875 0.4984375 0.0296875 0.103125
0 0.68515625 0.60859375 0.0265625 0.1265625
0 0.5984375 0.4546875 0.0296875 0.096875
0 0.53671875 0.42421875 0.025 0.0828125
0 0.6234375 0.271875 0.0171875 0.0640625
0 0.36328125 0.29296875 0.015625 0.071875
0 0.3046875 0.39765625 0.0234375 0.0921875
0 0.1671875 0.621875 0.03125 0.1296875
0 0.071875 0.5078125 0.0265625 0.1
0 0.01875 0.5640625 0.0375 0.121875
0 0.053125 0.4484375 0.0265625 0.1
0 0.05546875 0.33125 0.021875 0.078125