0 0.01171875 0.5546875 0.0234375 0.125
0 0.23828125 0.54375 0.0265625 0.1203125
0 0.2375 0.4109375 0.0265625 0.096875
0 0.17421875 0.33046875 0.01875 0.09375
0 0.28203125 0.24140625 0.015625 0.06875
0 0.42734375 0.3734375 0.0203125 0.0890625
0 0.4734375 0.27734375 0.0171875 0.0734375
0 0.50625 0.3640625 0.025 0.0796875
0 0.7078125 0.346875 0.0234375 0.0875
0 0.8296875 0.30859375 0.021875 0.0765625
0 0.7921875 0.575 0.0234375 0.125
0 0.86640625 0.46953125 0.01875 0.096875
0 0.88125 0.41640625 0.0171875 0.10625
0 0.903125 0.3671875 0.0265625 0.0859375
0 0.97265625 0.54140625 0.040625 0.109375