0 0.025 0.62890625 0.040625 0.125
0 0.246875 0.57890625 0.04375 0.121875
0 0.22265625 0.44921875 0.0390625 0.0984375
0 0.146875 0.38125 0.03125 0.09375
0 0.2375 0.275 0.025 0.06875
0 0.40234375 0.38046875 0.0328125 0.0890625
0 0.43046875 0.27734375 0.0265625 0.0734375
0 0.47734375 0.35625 0.0359375 0.08125
0 0.67265625 0.30390625 0.0359375 0.0890625
0 0.7859375 0.246875 0.0328125 0.078125
0 0.79453125 0.5125 0.040625 0.125
0 0.8484375 0.39765625 0.03125 0.096875
0 0.8546875 0.34296875 0.0296875 0.10625
0 0.8671875 0.290625 0.0375 0.0875
0 0.965625 0.44921875 0.0546875 0.1125