0 0.30546875 0.725 0.06875 0.1625
0 0.1265625 0.41875 0.0453125 0.121875
0 0.21953125 0.1765625 0.0234375 0.0703125
0 0.3265625 0.2828125 0.0390625 0.0953125
0 0.35390625 0.3140625 0.0375 0.1
0 0.5078125 0.1828125 0.0234375 0.0765625
0 0.64453125 0.4625 0.0453125 0.1234375
0 0.7171875 0.27421875 0.046875 0.103125
0 0.82734375 0.23828125 0.0359375 0.0890625
0 0.9421875 0.15 0.0296875 0.084375
0 0.89140625 0.3484375 0.065625 0.1078125
0 0.94609375 0.30625 0.0421875 0.103125
0 0.97734375 0.365625 0.0328125 0.1109375
0 0.984375 0.51328125 0.03125 0.1359375