0 0.8328125 0.62421875 0.040625 0.109375
0 0.85234375 0.4875 0.0328125 0.0890625
0 0.74296875 0.3125 0.0171875 0.05625
0 0.6375 0.4234375 0.0328125 0.0765625
0 0.56953125 0.553125 0.0359375 0.103125
0 0.5 0.46640625 0.034375 0.0890625
0 0.38359375 0.50234375 0.034375 0.096875
0 0.3015625 0.27109375 0.0203125 0.0609375
0 0.1828125 0.3453125 0.0296875 0.0796875
0 0.10546875 0.2703125 0.028125 0.071875
0 0.05390625 0.3859375 0.0359375 0.0921875
0 0.10859375 0.41484375 0.034375 0.09375
0 0.1390625 0.43671875 0.0375 0.0859375