0 0.2328125 0.6171875 0.06875 0.1671875
0 0.1484375 0.26015625 0.04375 0.125
0 0.31328125 0.05 0.021875 0.071875
0 0.3859375 0.1875 0.0375 0.096875
0 0.403125 0.2265625 0.0359375 0.103125
0 0.5953125 0.14296875 0.0234375 0.078125
0 0.64609375 0.4609375 0.0453125 0.1265625
0 0.7734375 0.29609375 0.046875 0.10625
0 0.89296875 0.29375 0.0359375 0.0921875
0 0.92265625 0.421875 0.065625 0.109375
0 0.98359375 0.396875 0.0328125 0.10625
0 0.9921875 0.46484375 0.015625 0.1140625
0 0.97265625 0.61484375 0.05 0.1390625