0 0.7078125 0.73359375 0.05 0.159375
0 0.94296875 0.22109375 0.028125 0.0640625
0 0.825 0.3421875 0.03125 0.0921875
0 0.73984375 0.36328125 0.0359375 0.090625
0 0.68359375 0.25546875 0.0296875 0.075
0 0.4796875 0.36953125 0.0296875 0.1015625
0 0.4890625 0.58671875 0.0390625 0.134375
0 0.3546875 0.33515625 0.028125 0.0859375
0 0.16796875 0.2265625 0.028125 0.0875
0 0.153125 0.25 0.028125 0.08125
0 0.02890625 0.259375 0.021875 0.0921875
0 0.159375 0.371875 0.0390625 0.0984375
0 0.13671875 0.4453125 0.03125 0.0859375
0 0.13125 0.4859375 0.0390625 0.1140625
0 0.07265625 0.60859375 0.0484375 0.1375