0 0.85 0.62109375 0.05 0.1109375
0 0.8265625 0.46953125 0.0296875 0.0859375
0 0.59375 0.42578125 0.046875 0.0875
0 0.55625 0.52890625 0.028125 0.0953125
0 0.728125 0.31484375 0.0203125 0.0578125
0 0.45 0.478125 0.03125 0.0859375
0 0.409375 0.46796875 0.0296875 0.075
0 0.2640625 0.2828125 0.0171875 0.0578125
0 0.16015625 0.35859375 0.025 0.0765625
0 0.16171875 0.55625 0.0359375 0.096875
0 0.10859375 0.43359375 0.028125 0.084375
0 0.11484375 0.4203125 0.03125 0.0859375
0 0.07734375 0.29296875 0.03125 0.059375