0 0.3125 0.715625 0.059375 0.1578125
0 0.04453125 0.2265625 0.03125 0.0640625
0 0.16953125 0.3375 0.0375 0.0921875
0 0.2546875 0.35234375 0.040625 0.090625
0 0.30390625 0.2421875 0.034375 0.075
0 0.51171875 0.340625 0.0359375 0.1015625
0 0.51796875 0.55546875 0.046875 0.1328125
0 0.63359375 0.29765625 0.034375 0.0859375
0 0.809375 0.178125 0.0328125 0.0859375
0 0.82578125 0.2 0.0328125 0.08125
0 0.9484375 0.20078125 0.028125 0.090625
0 0.82890625 0.3203125 0.0453125 0.0984375
0 0.85625 0.39140625 0.0359375 0.0859375
0 0.8640625 0.43046875 0.0453125 0.1140625
0 0.93046875 0.54765625 0.0578125 0.1375