0 0.8578125 0.39609375 0.03125 0.1125
0 0.70390625 0.18203125 0.021875 0.0703125
0 0.61796875 0.2921875 0.028125 0.09375
0 0.58671875 0.32421875 0.01875 0.1
0 0.378125 0.2203125 0.01875 0.078125
0 0.3328125 0.48125 0.0296875 0.1171875
0 0.2390625 0.34609375 0.0265625 0.103125
0 0.175 0.4 0.028125 0.103125
0 0.06953125 0.24453125 0.03125 0.0875
0 0.08515625 0.315625 0.0234375 0.096875
0 0.04765625 0.38828125 0.0296875 0.1015625
0 0.0140625 0.43125 0.028125 0.1046875
0 0.0265625 0.55 0.034375 0.1328125
0 0.61015625 0.73125 0.0484375 0.1671875