0 0.1375 0.5578125 0.05 0.1125
0 0.1640625 0.403125 0.0296875 0.0875
0 0.40234375 0.3625 0.046875 0.0890625
0 0.4390625 0.46953125 0.0265625 0.096875
0 0.2671875 0.246875 0.01875 0.059375
0 0.5484375 0.41875 0.03125 0.0875
0 0.590625 0.409375 0.0296875 0.0765625
0 0.7421875 0.22265625 0.0171875 0.059375
0 0.84609375 0.30078125 0.0234375 0.0796875
0 0.8421875 0.5046875 0.0359375 0.1
0 0.89765625 0.38046875 0.0265625 0.0859375
0 0.8921875 0.36640625 0.03125 0.0875
0 0.9328125 0.2359375 0.03125 0.0609375
0 0.71875 0.94921875 0.025 0.05625