0 0.3640625 0.45234375 0.0375 0.096875
0 0.4640625 0.5515625 0.0328125 0.1171875
0 0.259375 0.24375 0.015625 0.0578125
0 0.15 0.37890625 0.0359375 0.0859375
0 0.09765625 0.77109375 0.05625 0.1453125
0 0.48515625 0.26171875 0.0203125 0.0578125
0 0.6453125 0.303125 0.025 0.078125
0 0.7546875 0.3484375 0.025 0.078125
0 0.790625 0.34140625 0.0234375 0.084375
0 0.80078125 0.40546875 0.0359375 0.0875
0 0.875 0.503125 0.034375 0.10625
0 0.92890625 0.440625 0.0453125 0.103125
0 0.90234375 0.3578125 0.0421875 0.0875
0 0.91171875 0.28359375 0.025 0.0734375
0 0.91640625 0.2484375 0.028125 0.071875