0 0.4109375 0.44296875 0.025 0.09375
0 0.496875 0.55390625 0.01875 0.115625
0 0.33203125 0.2234375 0.009375 0.05625
0 0.20625 0.3453125 0.025 0.084375
0 0.10703125 0.728125 0.040625 0.140625
0 0.55390625 0.26875 0.0140625 0.05625
0 0.70703125 0.33046875 0.015625 0.078125
0 0.8109375 0.38828125 0.015625 0.0765625
0 0.846875 0.38515625 0.0140625 0.0828125
0 0.84921875 0.45 0.0265625 0.084375
0 0.91171875 0.55546875 0.021875 0.1046875
0 0.971875 0.50078125 0.0328125 0.1
0 0.95625 0.41484375 0.03125 0.084375
0 0.975 0.3421875 0.015625 0.071875
0 0.98359375 0.3078125 0.01875 0.0703125