0 0.21640625 0.171875 0.021875 0.05
0 0.11171875 0.2796875 0.0375 0.0875
0 0.45859375 0.246875 0.028125 0.0640625
0 0.41875 0.39296875 0.03125 0.0890625
0 0.41640625 0.434375 0.0421875 0.090625
0 0.60078125 0.35 0.034375 0.0703125
0 0.61171875 0.33359375 0.03125 0.071875
0 0.7109375 0.459375 0.0328125 0.0828125
0 0.7203125 0.39296875 0.0265625 0.090625
0 0.8015625 0.3546875 0.025 0.071875
0 0.825 0.33671875 0.0234375 0.071875
0 0.91953125 0.384375 0.03125 0.0734375
0 0.853125 0.43984375 0.028125 0.0890625
0 0.8328125 0.4984375 0.03125 0.090625
0 0.79453125 0.54375 0.0328125 0.1125
0 0.79609375 0.64296875 0.0421875 0.1125
0 0.97890625 0.421875 0.0296875 0.078125