0 0.1984375 0.32734375 0.0234375 0.08125
0 0.26484375 0.27265625 0.0265625 0.075
0 0.23828125 0.4328125 0.025 0.1109375
0 0.3375 0.421875 0.021875 0.10625
0 0.38203125 0.28203125 0.0234375 0.0703125
0 0.56640625 0.371875 0.0296875 0.090625
0 0.628125 0.32734375 0.0234375 0.096875
0 0.66953125 0.290625 0.025 0.0796875
0 0.7015625 0.26640625 0.0265625 0.0734375
0 0.7171875 0.4859375 0.025 0.1234375
0 0.78828125 0.3421875 0.0234375 0.0953125
0 0.79296875 0.384375 0.021875 0.1046875
0 0.91015625 0.31171875 0.0203125 0.0984375
0 0.93671875 0.296875 0.028125 0.090625
0 0.953125 0.55078125 0.0359375 0.1375