0 0.5140625 0.4515625 0.171875 0.4609375
0 0.52421875 0.1015625 0.021875 0.078125
0 0.56796875 0.12109375 0.025 0.0875
0 0.621875 0.14609375 0.028125 0.0921875
0 0.68671875 0.16484375 0.028125 0.0953125
0 0.703125 0.146875 0.01875 0.065625
0 0.72578125 0.14921875 0.0171875 0.0609375
0 0.84296875 0.1921875 0.0296875 0.0875
0 0.85703125 0.19609375 0.025 0.0875
0 0.87421875 0.203125 0.046875 0.1265625
0 0.8671875 0.1984375 0.0234375 0.084375
0 0.88671875 0.209375 0.0234375 0.0890625
0 0.9140625 0.24921875 0.0484375 0.11875
0 0.93984375 0.23515625 0.03125 0.0921875
0 0.9640625 0.19921875 0.01875 0.0484375