0 0.51328125 0.45625 0.121875 0.4359375
0 0.53828125 0.11875 0.0140625 0.075
0 0.4953125 0.1328125 0.015625 0.084375
0 0.43984375 0.15078125 0.0171875 0.0890625
0 0.37578125 0.16328125 0.0171875 0.0921875
0 0.3625 0.14375 0.0125 0.0625
0 0.340625 0.14375 0.0109375 0.059375
0 0.2234375 0.17265625 0.0203125 0.0828125
0 0.209375 0.175 0.015625 0.084375
0 0.1921875 0.18046875 0.0328125 0.1203125
0 0.19921875 0.17734375 0.015625 0.08125
0 0.1796875 0.18515625 0.0125 0.084375
0 0.14921875 0.221875 0.034375 0.1125
0 0.125 0.2046875 0.021875 0.0875
0 0.10546875 0.1671875 0.0140625 0.046875