0 0.171875 0.58828125 0.2453125 0.6421875
0 0.15859375 0.76328125 0.028125 0.109375
0 0.0078125 0.7640625 0.015625 0.11875
0 0.30390625 0.75859375 0.025 0.13125
0 0.3890625 0.7484375 0.040625 0.1453125
0 0.4296875 0.76171875 0.021875 0.1
0 0.46328125 0.74921875 0.0296875 0.13125
0 0.48515625 0.7703125 0.034375 0.0890625
0 0.51875 0.75546875 0.0171875 0.103125
0 0.5328125 0.74765625 0.01875 0.109375
0 0.7109375 0.7640625 0.0171875 0.0953125
0 0.74140625 0.75234375 0.0390625 0.1359375
0 0.8125 0.746875 0.0484375 0.13125