0 0.31953125 0.3703125 0.0328125 0.0875
0 0.31953125 0.4515625 0.03125 0.08125
0 0.34140625 0.44921875 0.04375 0.0921875
0 0.375 0.43515625 0.0328125 0.09375
0 0.5140625 0.27578125 0.021875 0.0765625
0 0.525 0.36328125 0.0375 0.0890625
0 0.6046875 0.37890625 0.03125 0.096875
0 0.66328125 0.38984375 0.0296875 0.0984375
0 0.72265625 0.44609375 0.0375 0.1078125
0 0.86796875 0.30703125 0.0296875 0.084375
0 0.9296875 0.16875 0.015625 0.05625
0 0.95078125 0.33984375 0.0234375 0.0953125
0 0.9828125 0.4890625 0.034375 0.115625
0 0.99375 0.65234375 0.0125 0.1390625
0 0.3890625 0.63984375 0.05625 0.11875