0 0.98984375 0.40390625 0.0203125 0.0828125
0 0.83203125 0.26953125 0.028125 0.059375
0 0.41640625 0.16328125 0.0234375 0.065625
0 0.25 0.21640625 0.0296875 0.08125
0 0.17265625 0.4609375 0.0484375 0.115625
0 0.0296875 0.6640625 0.059375 0.1515625
0 0.359375 0.24140625 0.0359375 0.0765625
0 0.4875 0.28984375 0.0296875 0.0796875
0 0.4828125 0.3671875 0.0328125 0.0953125
0 0.60546875 0.44453125 0.0328125 0.0984375
0 0.62109375 0.37734375 0.034375 0.0921875
0 0.64765625 0.365625 0.040625 0.090625
0 0.71953125 0.36875 0.040625 0.0875
0 0.79609375 0.44296875 0.046875 0.0921875
0 0.8828125 0.5453125 0.0421875 0.1078125
0 0.89296875 0.515625 0.04375 0.109375
0 0.83828125 0.7671875 0.059375 0.1484375