0 0.4359375 0.10703125 0.015625 0.0609375
0 0.66796875 0.38046875 0.034375 0.109375
0 0.690625 0.3 0.034375 0.0953125
0 0.68359375 0.38828125 0.046875 0.109375
0 0.7921875 0.48203125 0.040625 0.1375
0 0.61328125 0.50546875 0.05 0.115625
0 0.48828125 0.5171875 0.034375 0.1234375
0 0.38359375 0.5359375 0.0453125 0.13125
0 0.25 0.409375 0.0390625 0.10625
0 0.1984375 0.4390625 0.0453125 0.1078125
0 0.09765625 0.86796875 0.0625 0.1953125
0 0.79296875 0.928125 0.053125 0.1078125
0 0.73671875 0.86015625 0.04375 0.1796875