0 0.4453125 0.07890625 0.015625 0.0609375
0 0.6734375 0.35625 0.0328125 0.109375
0 0.696875 0.27578125 0.0328125 0.0953125
0 0.6875 0.3640625 0.0453125 0.109375
0 0.7953125 0.46015625 0.0375 0.1375
0 0.615625 0.4796875 0.0484375 0.1140625
0 0.490625 0.490625 0.0328125 0.1234375
0 0.38515625 0.50703125 0.04375 0.13125
0 0.25390625 0.378125 0.0359375 0.1046875
0 0.20234375 0.40703125 0.04375 0.10625
0 0.09453125 0.834375 0.059375 0.19375
0 0.7890625 0.91953125 0.053125 0.1328125
0 0.73359375 0.83671875 0.040625 0.1796875