0 0.7671875 0.75234375 0.0453125 0.1453125
0 0.7859375 0.728125 0.0609375 0.1140625
0 0.67734375 0.678125 0.04375 0.1453125
0 0.63984375 0.590625 0.0453125 0.128125
0 0.64609375 0.53984375 0.0375 0.1234375
0 0.49453125 0.640625 0.0359375 0.1328125
0 0.47578125 0.25390625 0.021875 0.0875
0 0.3546875 0.1890625 0.0171875 0.075
0 0.36875 0.521875 0.03125 0.115625
0 0.3703125 0.915625 0.05 0.16875
0 0.08515625 0.73671875 0.04375 0.146875
0 0.1953125 0.4484375 0.028125 0.1140625
0 0.01875 0.4390625 0.0296875 0.1078125
0 0.19453125 0.32890625 0.0296875 0.0921875
0 0.13125 0.3421875 0.021875 0.09375
0 0.1265625 0.30625 0.0234375 0.08125