0 0.69375 0.7984375 0.0578125 0.1484375
0 0.715625 0.778125 0.071875 0.11875
0 0.61796875 0.70859375 0.05625 0.146875
0 0.5984375 0.61484375 0.05625 0.13125
0 0.6140625 0.56640625 0.0484375 0.1265625
0 0.44609375 0.63515625 0.0484375 0.134375
0 0.5015625 0.25078125 0.0296875 0.0890625
0 0.39453125 0.1640625 0.0234375 0.0765625
0 0.34453125 0.49453125 0.0421875 0.1171875
0 0.2703125 0.88671875 0.0640625 0.175
0 0.02578125 0.653125 0.0515625 0.15
0 0.1875 0.3890625 0.0375 0.1140625
0 0.021875 0.34609375 0.025 0.10625
0 0.209375 0.27109375 0.0375 0.09375
0 0.14375 0.27265625 0.0296875 0.0953125
0 0.14765625 0.23515625 0.0296875 0.0828125