0 0.80625 0.71640625 0.053125 0.153125
0 0.78125 0.64921875 0.05625 0.11875
0 0.6796875 0.63828125 0.0484375 0.14375
0 0.68125 0.5890625 0.05 0.1359375
0 0.59140625 0.6421875 0.05625 0.134375
0 0.47421875 0.67265625 0.046875 0.1546875
0 0.39453125 0.9046875 0.0640625 0.171875
0 0.3171875 0.47890625 0.0421875 0.1234375
0 0.225 0.3890625 0.046875 0.1109375
0 0.4265625 0.23671875 0.034375 0.0890625
0 0.3203125 0.146875 0.021875 0.0703125
0 0.01328125 0.6984375 0.0265625 0.153125
0 0.178125 0.2546875 0.0359375 0.0953125
0 0.07421875 0.24765625 0.0296875 0.096875