0 0.14609375 0.19296875 0.0390625 0.0921875
0 0.25546875 0.1125 0.0296875 0.078125
0 0.12890625 0.42421875 0.06875 0.134375
0 0.23203125 0.5890625 0.0546875 0.153125
0 0.32421875 0.359375 0.0390625 0.115625
0 0.36328125 0.48828125 0.046875 0.1296875
0 0.39921875 0.303125 0.040625 0.10625
0 0.4640625 0.32421875 0.034375 0.10625
0 0.5234375 0.26328125 0.03125 0.0921875
0 0.4921875 0.36484375 0.046875 0.1
0 0.49921875 0.31171875 0.028125 0.08125
0 0.4625 0.4609375 0.046875 0.13125
0 0.46171875 0.77109375 0.0546875 0.1640625
0 0.6390625 0.34140625 0.0328125 0.1015625
0 0.64140625 0.49453125 0.040625 0.1140625
0 0.66796875 0.50390625 0.034375 0.1234375
0 0.7953125 0.128125 0.01875 0.065625
0 0.8703125 0.62109375 0.0578125 0.1375