0 0.9109375 0.278125 0.03125 0.0890625
0 0.81640625 0.18359375 0.0234375 0.0734375
0 0.89140625 0.50390625 0.05625 0.1265625
0 0.76796875 0.646875 0.040625 0.146875
0 0.7125 0.4109375 0.0296875 0.1125
0 0.65625 0.52890625 0.034375 0.125
0 0.64921875 0.34609375 0.03125 0.1015625
0 0.58359375 0.35625 0.0234375 0.1015625
0 0.534375 0.28828125 0.0234375 0.0875
0 0.55 0.390625 0.0375 0.0953125
0 0.55078125 0.33828125 0.021875 0.078125
0 0.5640625 0.48828125 0.034375 0.1265625
0 0.51640625 0.7875 0.0390625 0.1578125
0 0.41171875 0.34609375 0.0234375 0.096875
0 0.3859375 0.49296875 0.0296875 0.1109375
0 0.35859375 0.4984375 0.0234375 0.11875
0 0.29296875 0.11640625 0.0125 0.0625
0 0.1453125 0.58046875 0.0453125 0.13125