0 0.97890625 0.4703125 0.0421875 0.134375
0 0.93046875 0.3953125 0.0375 0.115625
0 0.80703125 0.475 0.040625 0.11875
0 0.67421875 0.34375 0.034375 0.090625
0 0.6796875 0.2640625 0.0265625 0.1
0 0.590625 0.3640625 0.03125 0.1125
0 0.58515625 0.34140625 0.03125 0.1125
0 0.50859375 0.19765625 0.025 0.078125
0 0.5421875 0.29921875 0.0328125 0.0984375
0 0.4109375 0.29609375 0.03125 0.0921875
0 0.55546875 0.5109375 0.0390625 0.13125
0 0.4203125 0.65703125 0.0421875 0.14375
0 0.36171875 0.4546875 0.0421875 0.1390625
0 0.33203125 0.48359375 0.0421875 0.125
0 0.36015625 0.365625 0.03125 0.0953125
0 0.32421875 0.32578125 0.0328125 0.0921875
0 0.121875 0.45078125 0.0359375 0.1046875
0 0.08203125 0.16640625 0.01875 0.0625