0 0.8078125 0.66640625 0.0390625 0.0921875
0 0.71875 0.6296875 0.04375 0.1078125
0 0.61328125 0.671875 0.03125 0.1109375
0 0.528125 0.6984375 0.034375 0.0953125
0 0.38359375 0.7046875 0.0296875 0.1125
0 0.34765625 0.5734375 0.0296875 0.096875
0 0.271875 0.5703125 0.03125 0.109375
0 0.4546875 0.42421875 0.01875 0.075
0 0.31953125 0.45078125 0.0453125 0.084375
0 0.33671875 0.44140625 0.0265625 0.06875
0 0.6484375 0.33125 0.028125 0.071875
0 0.565625 0.24609375 0.01875 0.059375
0 0.3421875 0.33359375 0.021875 0.071875
0 0.3203125 0.321875 0.021875 0.0734375
0 0.2703125 0.30703125 0.01875 0.078125
0 0.08203125 0.25078125 0.028125 0.0625
0 0.0921875 0.165625 0.0171875 0.0578125