0 0.021875 0.5515625 0.0390625 0.1328125
0 0.059375 0.4703125 0.034375 0.1140625
0 0.19296875 0.53203125 0.0359375 0.1171875
0 0.3046875 0.384375 0.03125 0.0890625
0 0.2890625 0.30703125 0.0234375 0.0984375
0 0.390625 0.39296875 0.028125 0.1125
0 0.39296875 0.3703125 0.0265625 0.1109375
0 0.44765625 0.2171875 0.021875 0.078125
0 0.4296875 0.32265625 0.028125 0.096875
0 0.5578125 0.3015625 0.028125 0.090625
0 0.44453125 0.5328125 0.034375 0.1296875
0 0.59921875 0.6578125 0.0375 0.1421875
0 0.628125 0.45078125 0.0359375 0.1375
0 0.66171875 0.475 0.0390625 0.1234375
0 0.6171875 0.3625 0.0265625 0.0953125
0 0.64765625 0.31796875 0.0296875 0.090625
0 0.86484375 0.41328125 0.03125 0.103125
0 0.86484375 0.128125 0.0171875 0.0609375