0 0.0171875 0.27421875 0.025 0.0625
0 0.0109375 0.246875 0.021875 0.059375
0 0.2703125 0.3625 0.0296875 0.078125
0 0.33046875 0.2703125 0.025 0.06875
0 0.35078125 0.26875 0.021875 0.06875
0 0.453125 0.17109375 0.021875 0.06875
0 0.46875 0.24140625 0.0265625 0.06875
0 0.42265625 0.51015625 0.040625 0.1015625
0 0.35 0.80390625 0.0390625 0.0703125
0 0.4703125 0.80390625 0.05625 0.1375
0 0.71328125 0.634375 0.0484375 0.1328125
0 0.72890625 0.37421875 0.0421875 0.0984375
0 0.821875 0.3375 0.0375 0.0921875
0 0.88203125 0.58125 0.05625 0.1265625
0 0.57578125 0.21953125 0.028125 0.075