0 0.01328125 0.290625 0.0203125 0.059375
0 0.00859375 0.2625 0.0171875 0.05625
0 0.25234375 0.3890625 0.025 0.075
0 0.31484375 0.303125 0.021875 0.0671875
0 0.334375 0.3015625 0.01875 0.065625
0 0.43828125 0.2140625 0.0171875 0.0671875
0 0.45 0.28203125 0.0234375 0.0671875
0 0.3921875 0.53828125 0.034375 0.096875
0 0.30703125 0.81796875 0.034375 0.0671875
0 0.4234375 0.8234375 0.0484375 0.13125
0 0.665625 0.67265625 0.040625 0.1265625
0 0.69453125 0.42265625 0.0359375 0.0953125
0 0.7859375 0.39140625 0.0328125 0.0890625
0 0.83125 0.6296875 0.0484375 0.121875
0 0.5546875 0.265625 0.0234375 0.071875