0 0.1234375 0.76015625 0.04375 0.153125
0 0.203125 0.50078125 0.0359375 0.1125
0 0.20234375 0.4046875 0.028125 0.0890625
0 0.10390625 0.18515625 0.0234375 0.065625
0 0.278125 0.29296875 0.0234375 0.075
0 0.36953125 0.26015625 0.0203125 0.075
0 0.3953125 0.27578125 0.0203125 0.0734375
0 0.4609375 0.1921875 0.0171875 0.059375
0 0.46171875 0.5078125 0.028125 0.1
0 0.64765625 0.2625 0.0265625 0.06875
0 0.771875 0.52890625 0.040625 0.109375
0 0.94765625 0.4625 0.0328125 0.09375
0 0.9453125 0.63828125 0.0515625 0.115625
0 0.9640625 0.809375 0.028125 0.1453125
0 0.5578125 0.82578125 0.05 0.140625
0 0.43515625 0.7890625 0.0515625 0.146875