0 0.115625 0.7171875 0.059375 0.134375
0 0.3484375 0.77734375 0.0453125 0.1328125
0 0.375 0.51484375 0.034375 0.1
0 0.27421875 0.4265625 0.0421875 0.0921875
0 0.37421875 0.34140625 0.0296875 0.0765625
0 0.25 0.2109375 0.0234375 0.0625
0 0.465625 0.30078125 0.025 0.0625
0 0.47578125 0.3203125 0.021875 0.0703125
0 0.5296875 0.23125 0.021875 0.0578125
0 0.559375 0.53359375 0.034375 0.0875
0 0.70703125 0.309375 0.0296875 0.0671875
0 0.83046875 0.5828125 0.0453125 0.1015625
0 0.9546875 0.51015625 0.0328125 0.0828125
0 0.63125 0.81640625 0.0375 0.1109375