0 0.203125 0.6921875 0.0375 0.1140625
0 0.14765625 0.521875 0.0234375 0.0984375
0 0.29453125 0.4328125 0.025 0.0875
0 0.3265625 0.44921875 0.015625 0.0890625
0 0.3359375 0.2984375 0.015625 0.0609375
0 0.35703125 0.5375 0.021875 0.1015625
0 0.5265625 0.446875 0.0203125 0.084375
0 0.5671875 0.27734375 0.021875 0.0640625
0 0.58671875 0.4609375 0.0203125 0.08125
0 0.70859375 0.265625 0.01875 0.05625
0 0.540625 0.82890625 0.025 0.1265625
0 0.628125 0.73046875 0.0296875 0.125
0 0.64609375 0.6234375 0.0296875 0.109375
0 0.66953125 0.71328125 0.0328125 0.1234375
0 0.7578125 0.5609375 0.01875 0.09375
0 0.8765625 0.425 0.015625 0.084375
0 0.7484375 0.346875 0.0171875 0.075
0 0.91640625 0.321875 0.01875 0.06875
0 0.990625 0.56796875 0.01875 0.0984375