0 0.25703125 0.825 0.0359375 0.1390625
0 0.034375 0.81953125 0.04375 0.1453125
0 0.6453125 0.8359375 0.034375 0.140625
0 0.6109375 0.52265625 0.028125 0.1015625
0 0.46953125 0.53515625 0.034375 0.1109375
0 0.21796875 0.45234375 0.0265625 0.0984375
0 0.33359375 0.378125 0.025 0.0828125
0 0.45390625 0.3015625 0.0140625 0.0703125
0 0.44921875 0.2875 0.0140625 0.0734375
0 0.4578125 0.190625 0.01875 0.0625
0 0.203125 0.240625 0.0203125 0.0671875
0 0.00390625 0.12734375 0.0078125 0.0453125
0 0.6453125 0.23984375 0.0203125 0.0671875
0 0.85703125 0.48828125 0.0390625 0.109375
0 0.89765625 0.37421875 0.0234375 0.0890625