0 0.23515625 0.8328125 0.040625 0.146875
0 0.26328125 0.57265625 0.0328125 0.1078125
0 0.24453125 0.48125 0.0265625 0.0859375
0 0.1109375 0.2921875 0.021875 0.0625
0 0.2953125 0.36171875 0.021875 0.071875
0 0.3765625 0.31484375 0.01875 0.071875
0 0.40390625 0.325 0.0171875 0.0703125
0 0.45 0.2328125 0.015625 0.05625
0 0.509375 0.53125 0.025 0.0953125
0 0.640625 0.265625 0.025 0.065625
0 0.80625 0.49453125 0.0359375 0.1046875
0 0.9609375 0.39921875 0.0296875 0.090625
0 0.98359375 0.56484375 0.0328125 0.1109375
0 0.6578125 0.81484375 0.0453125 0.134375
0 0.5359375 0.803125 0.046875 0.1421875