0 0.93359375 0.6921875 0.0421875 0.1328125
0 0.8625 0.36875 0.0265625 0.09375
0 0.78984375 0.25703125 0.01875 0.071875
0 0.7296875 0.3359375 0.025 0.084375
0 0.61171875 0.38671875 0.0234375 0.0921875
0 0.61171875 0.540625 0.0390625 0.1109375
0 0.61875 0.65625 0.0328125 0.125
0 0.47890625 0.58359375 0.028125 0.1203125
0 0.5078125 0.39765625 0.03125 0.0890625
0 0.36328125 0.54609375 0.0359375 0.1234375
0 0.41796875 0.853125 0.040625 0.1578125
0 0.2578125 0.546875 0.034375 0.1125
0 0.0265625 0.48515625 0.0390625 0.1125
0 0.21328125 0.31328125 0.021875 0.084375
0 0.1515625 0.225 0.025 0.075
0 0.33671875 0.27734375 0.0203125 0.0765625
0 0.38515625 0.16953125 0.01875 0.0609375
0 0.509375 0.19453125 0.0140625 0.0640625