0 0.19765625 0.83515625 0.0546875 0.134375
0 0.4421875 0.8234375 0.040625 0.134375
0 0.38984375 0.5609375 0.0296875 0.1015625
0 0.265625 0.50546875 0.0375 0.09375
0 0.3375 0.3921875 0.025 0.078125
0 0.178125 0.30234375 0.0203125 0.0640625
0 0.4140625 0.3265625 0.021875 0.0640625
0 0.43125 0.34140625 0.0203125 0.0734375
0 0.45625 0.2390625 0.01875 0.059375
0 0.57421875 0.52421875 0.03125 0.0890625
0 0.6515625 0.2625 0.0265625 0.06875
0 0.853125 0.4921875 0.040625 0.1015625
0 0.9515625 0.384375 0.0296875 0.084375
0 0.72890625 0.778125 0.03125 0.1140625