0 0.1765625 0.74296875 0.053125 0.1265625
0 0.096875 0.56484375 0.0359375 0.109375
0 0.2453125 0.4515625 0.0359375 0.096875
0 0.28125 0.46640625 0.028125 0.096875
0 0.275 0.3015625 0.0234375 0.0671875
0 0.32421875 0.55859375 0.034375 0.1125
0 0.49765625 0.44140625 0.0328125 0.09375
0 0.52109375 0.253125 0.0296875 0.071875
0 0.5640625 0.45 0.03125 0.090625
0 0.6734375 0.22421875 0.0265625 0.0625
0 0.55625 0.853125 0.040625 0.1390625
0 0.6390625 0.73671875 0.046875 0.1390625
0 0.64609375 0.61796875 0.0453125 0.1203125
0 0.68125 0.7140625 0.05 0.1375
0 0.76015625 0.5390625 0.03125 0.1015625
0 0.8734375 0.378125 0.0265625 0.0921875
0 0.725 0.30859375 0.0265625 0.0828125
0 0.90390625 0.26171875 0.028125 0.0765625