0 0.271875 0.865625 0.04375 0.1390625
0 0.0515625 0.871875 0.04375 0.1453125
0 0.659375 0.85625 0.040625 0.1421875
0 0.609375 0.5453125 0.034375 0.103125
0 0.46953125 0.565625 0.040625 0.1125
0 0.21328125 0.4953125 0.03125 0.0984375
0 0.32421875 0.415625 0.028125 0.0828125
0 0.440625 0.3328125 0.0171875 0.0703125
0 0.43515625 0.31875 0.0171875 0.0734375
0 0.4390625 0.221875 0.021875 0.0640625
0 0.18671875 0.284375 0.0234375 0.06875
0 0.628125 0.2609375 0.0234375 0.06875
0 0.853125 0.49765625 0.04375 0.1109375
0 0.8875 0.38203125 0.028125 0.0890625