0 0.903125 0.7484375 0.053125 0.1421875
0 0.8453125 0.4 0.0328125 0.1
0 0.775 0.278125 0.0234375 0.0765625
0 0.70703125 0.359375 0.0296875 0.090625
0 0.578125 0.40625 0.0296875 0.0984375
0 0.5703125 0.56875 0.0484375 0.11875
0 0.57109375 0.69296875 0.040625 0.134375
0 0.42734375 0.6078125 0.0359375 0.128125
0 0.46796875 0.41171875 0.0375 0.096875
0 0.30625 0.5625 0.0453125 0.13125
0 0.34765625 0.88984375 0.0515625 0.16875
0 0.1953125 0.55703125 0.0421875 0.1203125
0 0.1609375 0.30625 0.028125 0.0890625
0 0.1 0.20859375 0.0296875 0.0796875
0 0.29375 0.27421875 0.0265625 0.08125
0 0.35078125 0.16328125 0.021875 0.065625
0 0.48046875 0.196875 0.01875 0.06875