0 0.2515625 0.6203125 0.046875 0.128125
0 0.3734375 0.5796875 0.0390625 0.1140625
0 0.46328125 0.740625 0.065625 0.1375
0 0.44609375 0.4828125 0.0421875 0.109375
0 0.4578125 0.478125 0.03125 0.0859375
0 0.4921875 0.478125 0.0390625 0.103125
0 0.50625 0.53203125 0.0359375 0.0984375
0 0.51171875 0.63828125 0.04375 0.134375
0 0.58515625 0.63671875 0.046875 0.125
0 0.609375 0.325 0.03125 0.0890625
0 0.70234375 0.40078125 0.04375 0.1046875
0 0.715625 0.496875 0.0375 0.1140625
0 0.70390625 0.5671875 0.0484375 0.1296875
0 0.7921875 0.80390625 0.0515625 0.146875
0 0.85 0.56796875 0.0421875 0.1203125