0 0.1671875 0.29140625 0.025 0.059375
0 0.23984375 0.21640625 0.0171875 0.0453125
0 0.51015625 0.57265625 0.0390625 0.1125
0 0.62421875 0.740625 0.04375 0.1328125
0 0.70390625 0.59609375 0.0453125 0.1265625
0 0.66015625 0.47578125 0.0453125 0.109375
0 0.696875 0.50234375 0.040625 0.103125
0 0.896875 0.453125 0.040625 0.103125
0 0.95546875 0.52109375 0.0421875 0.1125
0 0.9828125 0.6765625 0.034375 0.13125
0 0.66875 0.29765625 0.0265625 0.06875
0 0.9109375 0.2828125 0.0296875 0.078125
0 0.7609375 0.1125 0.0140625 0.0390625