0 0.90234375 0.5328125 0.028125 0.121875
0 0.6515625 0.44765625 0.0296875 0.1015625
0 0.58671875 0.5328125 0.0375 0.115625
0 0.66015625 0.70703125 0.0375 0.1359375
0 0.5171875 0.45234375 0.021875 0.11875
0 0.48203125 0.45625 0.025 0.10625
0 0.478125 0.54296875 0.028125 0.1125
0 0.425 0.5796875 0.046875 0.13125
0 0.34296875 0.35234375 0.0234375 0.0859375
0 0.3265625 0.4328125 0.0296875 0.109375
0 0.303125 0.515625 0.021875 0.1
0 0.30546875 0.5890625 0.0234375 0.115625
0 0.25234375 0.57734375 0.025 0.1203125
0 0.3390625 0.8015625 0.03125 0.14375
0 0.04453125 0.64140625 0.0265625 0.1171875