0 0.1125 0.52109375 0.0359375 0.125
0 0.37109375 0.453125 0.0375 0.1046875
0 0.43125 0.54375 0.0453125 0.11875
0 0.34375 0.7140625 0.046875 0.1390625
0 0.50625 0.46796875 0.0296875 0.1203125
0 0.5421875 0.4734375 0.0328125 0.1078125
0 0.53984375 0.56171875 0.0359375 0.115625
0 0.590625 0.603125 0.05625 0.134375
0 0.6890625 0.378125 0.0296875 0.0890625
0 0.70078125 0.4609375 0.0375 0.1109375
0 0.71796875 0.54609375 0.0296875 0.1015625
0 0.71015625 0.61953125 0.03125 0.1171875
0 0.76484375 0.61171875 0.034375 0.1234375
0 0.66171875 0.8328125 0.0421875 0.1453125
0 0.9703125 0.69140625 0.034375 0.1203125