0 0.02109375 0.81875 0.0421875 0.153125
0 0.40234375 0.8296875 0.0390625 0.1296875
0 0.50234375 0.834375 0.0484375 0.153125
0 0.5328125 0.853125 0.0453125 0.1671875
0 0.51328125 0.74609375 0.0453125 0.1265625
0 0.59609375 0.840625 0.05625 0.1390625
0 0.8265625 0.91953125 0.059375 0.1390625
0 0.73671875 0.61953125 0.03125 0.096875
0 0.77265625 0.6140625 0.0359375 0.075
0 0.62265625 0.6125 0.0328125 0.0890625
0 0.62265625 0.57109375 0.03125 0.0640625
0 0.51171875 0.55 0.0328125 0.0734375
0 0.46796875 0.58046875 0.03125 0.0875
0 0.4046875 0.5578125 0.03125 0.0828125
0 0.44375 0.546875 0.028125 0.0828125
0 0.525 0.49453125 0.0484375 0.0265625
0 0.29140625 0.5484375 0.028125 0.084375
0 0.26640625 0.53515625 0.03125 0.0796875