0 0.87109375 0.9359375 0.0453125 0.128125
0 0.48046875 0.8734375 0.0328125 0.1328125
0 0.3796875 0.85390625 0.04375 0.1578125
0 0.34375 0.86640625 0.0375 0.171875
0 0.38828125 0.7640625 0.040625 0.1296875
0 0.2828125 0.83828125 0.0515625 0.1421875
0 0.03203125 0.865625 0.0546875 0.1421875
0 0.19296875 0.5828125 0.0265625 0.1
0 0.1578125 0.56953125 0.034375 0.0765625
0 0.309375 0.603125 0.0296875 0.0921875
0 0.31875 0.5609375 0.028125 0.065625
0 0.43515625 0.565625 0.03125 0.075
0 0.47265625 0.60625 0.028125 0.0890625
0 0.5421875 0.5984375 0.028125 0.0859375
0 0.50546875 0.578125 0.025 0.0859375
0 0.43515625 0.50703125 0.0484375 0.0265625
0 0.65859375 0.615625 0.0234375 0.0875
0 0.68671875 0.6078125 0.028125 0.0828125