0 0.6609375 0.62421875 0.040625 0.1546875
0 0.753125 0.4234375 0.0265625 0.0859375
0 0.7609375 0.33125 0.021875 0.0578125
0 0.6703125 0.37109375 0.0203125 0.0703125
0 0.66015625 0.3171875 0.015625 0.059375
0 0.634375 0.265625 0.009375 0.03125
0 0.59765625 0.31875 0.015625 0.04375
0 0.571875 0.32265625 0.0125 0.05
0 0.53125 0.371875 0.015625 0.078125
0 0.51953125 0.371875 0.015625 0.08125
0 0.509375 0.3734375 0.0171875 0.0765625
0 0.49453125 0.378125 0.0234375 0.075
0 0.44921875 0.375 0.01875 0.0578125
0 0.475 0.3296875 0.01875 0.053125
0 0.446875 0.33203125 0.015625 0.05625
0 0.45703125 0.27734375 0.0140625 0.0390625
0 0.4 0.3359375 0.0140625 0.0640625
0 0.371875 0.33828125 0.015625 0.053125
0 0.3375 0.34140625 0.015625 0.0578125
0 0.29140625 0.34921875 0.0171875 0.0546875
0 0.24921875 0.403125 0.0203125 0.0796875
0 0.178125 0.53359375 0.04375 0.1125