0 0.4015625 0.8125 0.0296875 0.084375
0 0.40390625 0.94765625 0.0375 0.0890625
0 0.45859375 0.68046875 0.0265625 0.071875
0 0.38828125 0.6046875 0.0234375 0.0671875
0 0.4 0.5578125 0.021875 0.0578125
0 0.45234375 0.57109375 0.0171875 0.0609375
0 0.47578125 0.515625 0.01875 0.0515625
0 0.49296875 0.465625 0.015625 0.0453125
0 0.5234375 0.5296875 0.0171875 0.05
0 0.6078125 0.53828125 0.01875 0.05
0 0.60390625 0.47265625 0.0125 0.0390625
0 0.68984375 0.52421875 0.01875 0.053125
0 0.75234375 0.58125 0.01875 0.0546875
0 0.725 0.66640625 0.0234375 0.059375
0 0.33046875 0.49921875 0.015625 0.0484375
0 0.34140625 0.421875 0.0109375 0.034375
0 0.3140625 0.4703125 0.0140625 0.046875
0 0.30234375 0.515625 0.0171875 0.053125
0 0.24453125 0.43515625 0.015625 0.04375
0 0.1921875 0.46640625 0.0171875 0.0515625
0 0.096875 0.5234375 0.01875 0.0609375