0 0.51328125 0.38671875 0.0109375 0.0359375
0 0.571875 0.46015625 0.0109375 0.0453125
0 0.615625 0.44453125 0.0140625 0.0328125
0 0.62421875 0.40703125 0.0109375 0.034375
0 0.70546875 0.41640625 0.015625 0.0390625
0 0.653125 0.4609375 0.0125 0.04375
0 0.684375 0.56875 0.0203125 0.065625
0 0.78359375 0.5734375 0.01875 0.0640625
0 0.7390625 0.6375 0.0203125 0.071875
0 0.70703125 0.671875 0.0265625 0.0765625
0 0.86484375 0.759375 0.0328125 0.084375
0 0.87578125 0.4546875 0.015625 0.0484375
0 0.82265625 0.35234375 0.009375 0.0328125
0 0.50703125 0.52578125 0.0140625 0.0578125
0 0.4765625 0.56171875 0.0203125 0.059375
0 0.3703125 0.61328125 0.015625 0.0703125
0 0.23125 0.49140625 0.015625 0.046875
0 0.17734375 0.62890625 0.0203125 0.059375
0 0.1828125 0.81640625 0.0328125 0.096875
0 0.5921875 0.98203125 0.028125 0.0265625