0 0.384375 0.61015625 0.01875 0.0453125
0 0.54609375 0.50703125 0.0171875 0.046875
0 0.55546875 0.421875 0.0171875 0.0390625
0 0.54296875 0.32421875 0.0125 0.03125
0 0.46796875 0.43125 0.0140625 0.0390625
0 0.40625 0.4171875 0.0140625 0.034375
0 0.39296875 0.409375 0.0125 0.03125
0 0.390625 0.39609375 0.0109375 0.03125
0 0.39375 0.290625 0.009375 0.021875
0 0.34375 0.3609375 0.009375 0.0265625
0 0.32734375 0.3515625 0.0125 0.0296875
0 0.325 0.31328125 0.0078125 0.025
0 0.30234375 0.37734375 0.009375 0.0265625
0 0.259375 0.35234375 0.0109375 0.03125
0 0.29765625 0.45546875 0.0125 0.0375
0 0.284375 0.465625 0.0125 0.0359375
0 0.26640625 0.490625 0.0140625 0.0390625
0 0.2359375 0.55390625 0.0171875 0.0453125
0 0.1828125 0.41171875 0.01875 0.0359375
0 0.05234375 0.528125 0.021875 0.0375
0 0.16015625 0.3140625 0.009375 0.0265625