0 0.4671875 0.36796875 0.009375 0.0328125
0 0.4234375 0.44296875 0.009375 0.0421875
0 0.38125 0.43359375 0.0125 0.03125
0 0.36875 0.39921875 0.009375 0.03125
0 0.2953125 0.41953125 0.015625 0.0359375
0 0.3484375 0.453125 0.0109375 0.040625
0 0.334375 0.55546875 0.01875 0.0609375
0 0.24375 0.57265625 0.0171875 0.059375
0 0.29296875 0.62578125 0.0171875 0.065625
0 0.3265625 0.65234375 0.0234375 0.071875
0 0.19375 0.753125 0.0296875 0.078125
0 0.14453125 0.4765625 0.0140625 0.0453125
0 0.18046875 0.375 0.009375 0.03125
0 0.490625 0.49453125 0.0125 0.053125
0 0.52265625 0.52265625 0.0171875 0.0546875
0 0.6265625 0.55625 0.0140625 0.0640625
0 0.7375 0.42734375 0.0140625 0.04375
0 0.80625 0.54609375 0.0171875 0.0546875
0 0.82421875 0.71796875 0.0296875 0.0890625
0 0.4734375 0.9546875 0.03125 0.090625