0 0.975 0.51796875 0.015625 0.04375
0 0.78125 0.3234375 0.00625 0.0203125
0 0.790625 0.4234375 0.009375 0.034375
0 0.68125 0.378125 0.009375 0.0328125
0 0.61015625 0.36328125 0.00625 0.0296875
0 0.63984375 0.41875 0.0078125 0.034375
0 0.6078125 0.39453125 0.00625 0.0328125
0 0.5671875 0.409375 0.0078125 0.0359375
0 0.53203125 0.3421875 0.00625 0.0296875
0 0.5375 0.46484375 0.009375 0.040625
0 0.65859375 0.51015625 0.0109375 0.0453125
0 0.69765625 0.5125 0.009375 0.040625
0 0.59296875 0.51640625 0.0140625 0.0453125
0 0.51796875 0.4921875 0.0109375 0.040625
0 0.690625 0.55234375 0.0109375 0.0453125
0 0.7578125 0.6296875 0.0171875 0.053125
0 0.584375 0.7359375 0.0140625 0.0578125
0 0.44921875 0.525 0.009375 0.046875
0 0.34453125 0.4171875 0.0078125 0.0328125
0 0.31796875 0.52890625 0.0109375 0.04375
0 0.3546875 0.6484375 0.0140625 0.05625