0 0.93046875 0.34140625 0.0203125 0.059375
0 0.88828125 0.4359375 0.0265625 0.0734375
0 0.821875 0.29296875 0.0109375 0.0296875
0 0.74921875 0.47734375 0.0296875 0.10625
0 0.7015625 0.43046875 0.025 0.0828125
0 0.7046875 0.33984375 0.0171875 0.0390625
0 0.64921875 0.3671875 0.015625 0.0515625
0 0.6171875 0.3421875 0.0125 0.03125
0 0.6078125 0.36015625 0.015625 0.0390625
0 0.58515625 0.3703125 0.0203125 0.05625
0 0.484375 0.33515625 0.009375 0.034375
0 0.4703125 0.41796875 0.01875 0.0734375
0 0.42734375 0.45 0.0265625 0.0765625
0 0.27265625 0.49765625 0.025 0.0984375
0 0.1734375 0.425 0.015625 0.053125
0 0.08671875 0.50390625 0.0296875 0.090625