0 0.49765625 0.97421875 0.0234375 0.0515625
0 0.54140625 0.73125 0.0203125 0.071875
0 0.45390625 0.659375 0.0171875 0.0640625
0 0.471875 0.62890625 0.015625 0.05625
0 0.52421875 0.6328125 0.0171875 0.0609375
0 0.58671875 0.57890625 0.0109375 0.0515625
0 0.5375 0.571875 0.0125 0.053125
0 0.55 0.52734375 0.009375 0.04375
0 0.37109375 0.57578125 0.0109375 0.0484375
0 0.38203125 0.5703125 0.0109375 0.04375
0 0.38984375 0.49296875 0.009375 0.0375
0 0.296875 0.5203125 0.009375 0.0421875
0 0.253125 0.5578125 0.009375 0.046875
0 0.36171875 0.54375 0.009375 0.0453125
0 0.159375 0.62421875 0.0109375 0.0609375
0 0.06875 0.8 0.021875 0.0640625
0 0.64765625 0.51328125 0.009375 0.0375
0 0.6734375 0.57578125 0.0125 0.0484375
0 0.74296875 0.5609375 0.0109375 0.0375
0 0.80234375 0.68359375 0.0140625 0.0609375
0 0.82109375 0.60390625 0.0140625 0.0546875
0 0.534375 0.590625 0.0046875 0.009375