0 0.028125 0.72265625 0.0296875 0.0671875
0 0.1296875 0.54765625 0.015625 0.0609375
0 0.221875 0.48671875 0.0125 0.0484375
0 0.27265625 0.4515625 0.0125 0.0453125
0 0.34921875 0.478125 0.0125 0.046875
0 0.36875 0.43203125 0.0109375 0.0390625
0 0.35234375 0.53671875 0.0125 0.053125
0 0.3640625 0.50859375 0.0109375 0.05
0 0.42578125 0.5546875 0.015625 0.053125
0 0.4265625 0.61640625 0.0171875 0.065625
0 0.4796875 0.56953125 0.0171875 0.0578125
0 0.52109375 0.4546875 0.0109375 0.0390625
0 0.51015625 0.515625 0.0140625 0.05
0 0.5578125 0.52734375 0.0140625 0.046875
0 0.48671875 0.6640625 0.01875 0.0640625
0 0.50234375 0.68359375 0.01875 0.0703125
0 0.6234375 0.459375 0.0109375 0.0375
0 0.64140625 0.53203125 0.015625 0.0375
0 0.7171875 0.50078125 0.0125 0.04375
0 0.790625 0.56640625 0.015625 0.053125
0 0.7671875 0.6546875 0.01875 0.065625