0 0.196875 0.315625 0.0078125 0.021875
0 0.20859375 0.3953125 0.0078125 0.0265625
0 0.29140625 0.353125 0.0078125 0.025
0 0.34921875 0.3265625 0.0078125 0.025
0 0.3453125 0.35390625 0.0078125 0.025
0 0.33671875 0.3734375 0.0078125 0.028125
0 0.328125 0.37734375 0.0078125 0.028125
0 0.309375 0.45234375 0.0078125 0.028125
0 0.30625 0.43828125 0.0078125 0.03125
0 0.26796875 0.4625 0.009375 0.0328125
0 0.23828125 0.52109375 0.0125 0.0390625
0 0.078125 0.48984375 0.0109375 0.0328125
0 0.38046875 0.5671875 0.0125 0.0421875
0 0.39765625 0.4 0.009375 0.034375
0 0.41328125 0.41484375 0.0109375 0.034375
0 0.43203125 0.38203125 0.0078125 0.028125
0 0.46171875 0.42890625 0.009375 0.034375
0 0.421875 0.30859375 0.0078125 0.0265625
0 0.515625 0.49609375 0.0125 0.0421875
0 0.53984375 0.42734375 0.0109375 0.028125
0 0.54140625 0.35234375 0.0078125 0.028125
0 0.90859375 0.63125 0.0265625 0.0546875
0 0.1125 0.96015625 0.028125 0.0703125