0 0.025 0.69140625 0.034375 0.071875
0 0.140625 0.5140625 0.0203125 0.0640625
0 0.23984375 0.45546875 0.015625 0.0515625
0 0.29453125 0.421875 0.015625 0.0484375
0 0.3734375 0.45390625 0.015625 0.05
0 0.3953125 0.40625 0.0125 0.040625
0 0.37421875 0.51484375 0.015625 0.05625
0 0.38671875 0.48671875 0.0140625 0.0515625
0 0.4484375 0.5375 0.01875 0.05625
0 0.4453125 0.60234375 0.0203125 0.06875
0 0.5046875 0.55625 0.0203125 0.0609375
0 0.5546875 0.4390625 0.0140625 0.040625
0 0.5390625 0.5015625 0.01875 0.053125
0 0.58828125 0.515625 0.0171875 0.05
0 0.50703125 0.6546875 0.0234375 0.0671875
0 0.52109375 0.6765625 0.0234375 0.0734375
0 0.6609375 0.44921875 0.0125 0.0390625
0 0.67578125 0.5265625 0.01875 0.0390625
0 0.75625 0.49765625 0.0171875 0.046875
0 0.8296875 0.56953125 0.0203125 0.05625
0 0.8 0.66015625 0.021875 0.06875