0 0.13984375 0.296875 0.009375 0.0234375
0 0.1578125 0.378125 0.0109375 0.028125
0 0.240625 0.32890625 0.0109375 0.025
0 0.29921875 0.296875 0.009375 0.0265625
0 0.296875 0.32578125 0.009375 0.025
0 0.28984375 0.346875 0.009375 0.0296875
0 0.28046875 0.3515625 0.0109375 0.0296875
0 0.2671875 0.43125 0.0109375 0.0296875
0 0.2625 0.41640625 0.0109375 0.0328125
0 0.225 0.44375 0.0125 0.034375
0 0.1984375 0.5078125 0.015625 0.040625
0 0.0296875 0.48671875 0.0140625 0.034375
0 0.3484375 0.5453125 0.015625 0.0453125
0 0.3546875 0.36953125 0.0125 0.0359375
0 0.371875 0.384375 0.0140625 0.0375
0 0.38984375 0.3484375 0.0109375 0.0296875
0 0.42265625 0.3953125 0.0125 0.0359375
0 0.37265625 0.2734375 0.0109375 0.0265625
0 0.48359375 0.4609375 0.015625 0.0453125
0 0.503125 0.38828125 0.0140625 0.0296875
0 0.5 0.3109375 0.009375 0.0296875
0 0.9015625 0.5734375 0.03125 0.059375
0 0.0984375 0.9671875 0.034375 0.065625