0 0.4046875 0.853125 0.025 0.084375
0 0.41875 0.9703125 0.0296875 0.05
0 0.45390625 0.71484375 0.021875 0.0734375
0 0.3765625 0.64375 0.01875 0.06875
0 0.38515625 0.5953125 0.01875 0.059375
0 0.43984375 0.6046875 0.0140625 0.0625
0 0.46015625 0.54765625 0.015625 0.0515625
0 0.47265625 0.4953125 0.0125 0.0453125
0 0.50859375 0.5578125 0.0140625 0.05
0 0.59453125 0.5609375 0.015625 0.05
0 0.5859375 0.4953125 0.0109375 0.0390625
0 0.67734375 0.540625 0.0140625 0.053125
0 0.74453125 0.59375 0.015625 0.0546875
0 0.7234375 0.68203125 0.01875 0.059375
0 0.31171875 0.540625 0.0140625 0.0484375
0 0.315625 0.4609375 0.009375 0.0359375
0 0.2921875 0.51328125 0.0109375 0.046875
0 0.2828125 0.559375 0.0125 0.0546875
0 0.21875 0.48203125 0.0125 0.04375
0 0.1671875 0.5171875 0.0125 0.0515625
0 0.075 0.58125 0.015625 0.0609375