0 0.615625 0.59140625 0.0171875 0.04375
0 0.4328125 0.5375 0.015625 0.046875
0 0.4 0.4578125 0.015625 0.0390625
0 0.384375 0.36171875 0.0109375 0.0296875
0 0.48671875 0.44375 0.0125 0.0390625
0 0.5421875 0.41328125 0.0125 0.034375
0 0.55234375 0.4015625 0.0109375 0.03125
0 0.5515625 0.38828125 0.0109375 0.03125
0 0.51875 0.28828125 0.0078125 0.021875
0 0.58671875 0.3421875 0.0078125 0.0265625
0 0.59921875 0.32890625 0.0125 0.028125
0 0.59140625 0.29140625 0.00625 0.025
0 0.6296875 0.34609375 0.0078125 0.0265625
0 0.66484375 0.31015625 0.009375 0.03125
0 0.65625 0.41953125 0.0109375 0.0359375
0 0.671875 0.42578125 0.0125 0.034375
0 0.6953125 0.44453125 0.0125 0.0375
0 0.74296875 0.49609375 0.015625 0.0453125
0 0.753125 0.34609375 0.01875 0.034375
0 0.9109375 0.421875 0.0203125 0.0375
0 0.74921875 0.24765625 0.0078125 0.0265625