0 0.9359375 0.35 0.0171875 0.0578125
0 0.88984375 0.44296875 0.0234375 0.0734375
0 0.82890625 0.296875 0.009375 0.0296875
0 0.74921875 0.47890625 0.0265625 0.1078125
0 0.70390625 0.43046875 0.0234375 0.084375
0 0.709375 0.33984375 0.015625 0.0390625
0 0.6515625 0.36484375 0.0140625 0.0515625
0 0.62109375 0.33828125 0.0109375 0.03125
0 0.61171875 0.35625 0.0140625 0.0390625
0 0.58828125 0.365625 0.0171875 0.0546875
0 0.4875 0.3265625 0.0078125 0.034375
0 0.47109375 0.41015625 0.015625 0.0734375
0 0.4265625 0.440625 0.0234375 0.078125
0 0.26953125 0.4828125 0.021875 0.0984375
0 0.17265625 0.40625 0.0140625 0.053125
0 0.0828125 0.4828125 0.0265625 0.0890625