0 0.01640625 0.559375 0.0234375 0.08125
0 0.08359375 0.478125 0.01875 0.0703125
0 0.16796875 0.3671875 0.015625 0.05
0 0.2296875 0.42109375 0.0140625 0.059375
0 0.31796875 0.46875 0.0171875 0.0671875
0 0.2734375 0.55703125 0.0171875 0.0734375
0 0.30625 0.615625 0.0203125 0.0921875
0 0.3859375 0.7078125 0.025 0.1078125
0 0.46796875 0.62734375 0.0265625 0.096875
0 0.5171875 0.76328125 0.03125 0.1125
0 0.50859375 0.60390625 0.0265625 0.0875
0 0.5578125 0.534375 0.0203125 0.08125
0 0.4953125 0.5234375 0.021875 0.0828125
0 0.47890625 0.46171875 0.01875 0.0671875
0 0.4921875 0.42109375 0.0125 0.04375
0 0.6046875 0.4 0.0203125 0.059375
0 0.7328125 0.5078125 0.01875 0.0828125
0 0.85234375 0.440625 0.0234375 0.075
0 0.9890625 0.5421875 0.021875 0.09375
0 0.99140625 0.67734375 0.0171875 0.1046875