0 0.92421875 0.67265625 0.021875 0.06875
0 0.84453125 0.57265625 0.01875 0.0515625
0 0.78671875 0.5203125 0.01875 0.05
0 0.74140625 0.43828125 0.0140625 0.034375
0 0.6796875 0.4734375 0.0171875 0.0453125
0 0.6734375 0.51640625 0.015625 0.0453125
0 0.6609375 0.559375 0.0171875 0.0484375
0 0.66640625 0.6015625 0.0203125 0.0625
0 0.56875 0.65703125 0.0203125 0.0703125
0 0.5578125 0.528125 0.01875 0.05625
0 0.50859375 0.59609375 0.0234375 0.065625
0 0.4875 0.590625 0.0203125 0.0640625
0 0.46328125 0.6890625 0.028125 0.0765625
0 0.49765625 0.52578125 0.0203125 0.0578125
0 0.50546875 0.440625 0.0140625 0.040625
0 0.434375 0.5234375 0.01875 0.0578125
0 0.425 0.4328125 0.015625 0.0453125
0 0.3453125 0.5046875 0.021875 0.0453125
0 0.29609375 0.4546875 0.0171875 0.0546875
0 0.1796875 0.60546875 0.0265625 0.06875
0 0.17265625 0.50234375 0.0203125 0.0625
0 0.9234375 0.8609375 0.0484375 0.0953125