0 0.10390625 0.55546875 0.0203125 0.0703125
0 0.15 0.4875 0.015625 0.059375
0 0.290625 0.4296875 0.0140625 0.0546875
0 0.31953125 0.48515625 0.021875 0.0640625
0 0.340625 0.546875 0.015625 0.0625
0 0.359375 0.59609375 0.021875 0.0828125
0 0.43203125 0.67890625 0.028125 0.0921875
0 0.50390625 0.60390625 0.0296875 0.0859375
0 0.54140625 0.58515625 0.0265625 0.0796875
0 0.55390625 0.725 0.0328125 0.0984375
0 0.52890625 0.5140625 0.021875 0.075
0 0.51328125 0.4609375 0.01875 0.05625
0 0.5203125 0.4234375 0.0109375 0.0359375
0 0.60078125 0.5234375 0.01875 0.0703125
0 0.6140625 0.40390625 0.015625 0.053125
0 0.73671875 0.4921875 0.01875 0.078125
0 0.82890625 0.42734375 0.01875 0.06875
0 0.95546875 0.515625 0.028125 0.0859375
0 0.9703125 0.64609375 0.0234375 0.0921875
0 0.21796875 0.3875 0.0125 0.040625