0 0.9484375 0.57890625 0.0171875 0.0703125
0 0.853125 0.496875 0.0140625 0.053125
0 0.7953125 0.44453125 0.0109375 0.0453125
0 0.6859375 0.40546875 0.009375 0.0421875
0 0.6953125 0.4578125 0.0125 0.0484375
0 0.678125 0.496875 0.009375 0.053125
0 0.69609375 0.53203125 0.0125 0.065625
0 0.603125 0.51015625 0.015625 0.053125
0 0.50625 0.4 0.009375 0.040625
0 0.50703125 0.47890625 0.0140625 0.0578125
0 0.53125 0.55078125 0.01875 0.0640625
0 0.59375 0.60703125 0.0125 0.0734375
0 0.4953125 0.65390625 0.0171875 0.078125
0 0.49765625 0.57265625 0.0171875 0.0671875
0 0.45 0.4828125 0.0140625 0.0578125
0 0.40546875 0.39140625 0.009375 0.0421875
0 0.35390625 0.478125 0.0171875 0.046875
0 0.29296875 0.43046875 0.0125 0.0546875
0 0.20078125 0.5953125 0.0171875 0.0734375
0 0.1765625 0.4890625 0.015625 0.065625