0 0.9015625 0.5625 0.0234375 0.065625
0 0.8390625 0.5015625 0.015625 0.0578125
0 0.71875 0.4515625 0.0140625 0.046875
0 0.68828125 0.496875 0.015625 0.053125
0 0.67890625 0.5484375 0.009375 0.0453125
0 0.6734375 0.59375 0.0234375 0.0703125
0 0.5921875 0.675 0.0203125 0.084375
0 0.52109375 0.60703125 0.025 0.0734375
0 0.48125 0.71015625 0.028125 0.0890625
0 0.49921875 0.590625 0.021875 0.06875
0 0.50703125 0.52421875 0.01875 0.0640625
0 0.440625 0.53125 0.015625 0.0671875
0 0.52109375 0.4796875 0.0125 0.0515625
0 0.5140625 0.43359375 0.0140625 0.0484375
0 0.45 0.42890625 0.0125 0.0515625
0 0.32734375 0.50625 0.01875 0.065625
0 0.2421875 0.4484375 0.015625 0.059375
0 0.1296875 0.5265625 0.025 0.071875
0 0.1171875 0.6421875 0.021875 0.0796875
0 0.7890625 0.4125 0.0109375 0.0359375