0 0.97421875 0.571875 0.0171875 0.06875
0 0.871875 0.49140625 0.0140625 0.0515625
0 0.803125 0.45234375 0.015625 0.05
0 0.73828125 0.38125 0.0109375 0.034375
0 0.68515625 0.4296875 0.0140625 0.0453125
0 0.6890625 0.4734375 0.0125 0.0453125
0 0.6859375 0.51953125 0.0125 0.0484375
0 0.7015625 0.56015625 0.0140625 0.0625
0 0.6171875 0.63828125 0.015625 0.071875
0 0.5765625 0.5125 0.0140625 0.05625
0 0.54375 0.590625 0.01875 0.065625
0 0.5203125 0.590625 0.015625 0.0640625
0 0.51875 0.69375 0.021875 0.078125
0 0.515625 0.5234375 0.015625 0.0578125
0 0.50390625 0.43671875 0.0109375 0.0421875
0 0.453125 0.5359375 0.0140625 0.0578125
0 0.42265625 0.44765625 0.0125 0.0453125
0 0.36015625 0.53828125 0.0171875 0.0453125
0 0.29921875 0.5 0.0125 0.05625
0 0.21796875 0.6765625 0.021875 0.0703125
0 0.18828125 0.575 0.015625 0.0640625