0 0.9515625 0.43828125 0.021875 0.0671875
0 0.85234375 0.346875 0.015625 0.0484375
0 0.79296875 0.40859375 0.01875 0.0578125
0 0.728125 0.48203125 0.0203125 0.0734375
0 0.77578125 0.55546875 0.0234375 0.0796875
0 0.7546875 0.62578125 0.03125 0.096875
0 0.6921875 0.725 0.03125 0.1078125
0 0.59296875 0.66171875 0.0296875 0.1
0 0.55 0.64609375 0.03125 0.0890625
0 0.57265625 0.81015625 0.040625 0.115625
0 0.4875 0.58828125 0.0234375 0.0796875
0 0.546875 0.56640625 0.025 0.084375
0 0.38671875 0.4703125 0.01875 0.0640625
0 0.55390625 0.49921875 0.0265625 0.0703125
0 0.5328125 0.46328125 0.0171875 0.040625
0 0.30703125 0.59453125 0.021875 0.0875
0 0.20390625 0.55546875 0.021875 0.075
0 0.05546875 0.68125 0.03125 0.0984375
0 0.0796875 0.815625 0.03125 0.1078125