0 0.9875 0.39296875 0.015625 0.0765625
0 0.87734375 0.29296875 0.0203125 0.0546875
0 0.8234375 0.36484375 0.0203125 0.065625
0 0.740625 0.43515625 0.0234375 0.075
0 0.8078125 0.51875 0.025 0.08125
0 0.7859375 0.5890625 0.028125 0.1015625
0 0.72109375 0.70546875 0.034375 0.1171875
0 0.61640625 0.6390625 0.0359375 0.10625
0 0.5953125 0.7953125 0.0421875 0.125
0 0.5671875 0.62109375 0.0359375 0.096875
0 0.5 0.56015625 0.028125 0.0890625
0 0.5640625 0.534375 0.0296875 0.090625
0 0.5671875 0.4640625 0.025 0.071875
0 0.54375 0.42421875 0.0171875 0.0484375
0 0.41875 0.42734375 0.025 0.065625
0 0.30703125 0.5703125 0.0265625 0.090625
0 0.1640625 0.52578125 0.0296875 0.08125
0 0.0375 0.66640625 0.0359375 0.103125
0 0.06328125 0.81171875 0.0375 0.1140625