0 0.92890625 0.546875 0.0171875 0.065625
0 0.83046875 0.48359375 0.0140625 0.0484375
0 0.77109375 0.44296875 0.0109375 0.0421875
0 0.66484375 0.421875 0.0109375 0.0390625
0 0.68046875 0.46953125 0.0125 0.0453125
0 0.6703125 0.50703125 0.0109375 0.05
0 0.69140625 0.53671875 0.0125 0.0609375
0 0.60234375 0.52890625 0.015625 0.05
0 0.49921875 0.440625 0.009375 0.0375
0 0.51171875 0.51328125 0.015625 0.053125
0 0.5421875 0.575 0.0203125 0.059375
0 0.60703125 0.61953125 0.0140625 0.06875
0 0.52265625 0.67421875 0.0171875 0.071875
0 0.5140625 0.59921875 0.0171875 0.0625
0 0.45859375 0.5234375 0.015625 0.053125
0 0.40625 0.4453125 0.0109375 0.0390625
0 0.3703125 0.53203125 0.0171875 0.0453125
0 0.30859375 0.4953125 0.0125 0.05
0 0.24453125 0.65859375 0.01875 0.06875
0 0.209375 0.5640625 0.015625 0.0609375