0 0.0296875 0.40234375 0.021875 0.075
0 0.14765625 0.2953125 0.0140625 0.0515625
0 0.203125 0.3671875 0.0140625 0.0671875
0 0.22265625 0.51484375 0.021875 0.0796875
0 0.29609375 0.43203125 0.01875 0.071875
0 0.284375 0.58671875 0.0203125 0.1
0 0.3171875 0.6921875 0.0296875 0.115625
0 0.43046875 0.63828125 0.028125 0.1015625
0 0.475 0.603125 0.028125 0.0953125
0 0.45078125 0.78671875 0.0328125 0.1234375
0 0.53984375 0.53828125 0.0265625 0.0875
0 0.47734375 0.51953125 0.0265625 0.090625
0 0.4703125 0.45 0.0203125 0.0734375
0 0.4890625 0.3953125 0.01875 0.06875
0 0.59375 0.39375 0.01875 0.0671875
0 0.7375 0.5375 0.0234375 0.09375
0 0.8828125 0.478125 0.0203125 0.0859375