0 0.8203125 0.278125 0.021875 0.078125
0 0.7125 0.33046875 0.0203125 0.0890625
0 0.72421875 0.42265625 0.0234375 0.090625
0 0.7328125 0.51640625 0.0265625 0.1125
0 0.66015625 0.084375 0.0125 0.05
0 0.503125 0.32578125 0.021875 0.084375
0 0.36015625 0.19765625 0.0140625 0.0703125
0 0.34296875 0.3484375 0.0203125 0.0890625
0 0.27109375 0.43515625 0.021875 0.10625
0 0.2390625 0.6359375 0.040625 0.1234375
0 0.13828125 0.5453125 0.03125 0.10625
0 0.09140625 0.4421875 0.0265625 0.1015625
0 0.0296875 0.37890625 0.028125 0.103125
0 0.55234375 0.709375 0.0421875 0.0734375
0 0.5125 0.70703125 0.0296875 0.0609375