0 0.8078125 0.3140625 0.028125 0.078125
0 0.6984375 0.3546875 0.0296875 0.0890625
0 0.69921875 0.44609375 0.03125 0.090625
0 0.69765625 0.5375 0.0375 0.1109375
0 0.67265625 0.109375 0.015625 0.05
0 0.49453125 0.32890625 0.0296875 0.084375
0 0.36875 0.1890625 0.0203125 0.06875
0 0.33671875 0.33515625 0.0296875 0.0890625
0 0.25859375 0.4109375 0.0328125 0.10625
0 0.20625 0.6046875 0.053125 0.1234375
0 0.11796875 0.5046875 0.040625 0.10625
0 0.0828125 0.4 0.0359375 0.1
0 0.0296875 0.33203125 0.0375 0.1015625
0 0.50390625 0.70859375 0.0484375 0.075
0 0.46484375 0.70078125 0.034375 0.0625