0 0.92890625 0.61015625 0.040625 0.0890625
0 0.99765625 0.62265625 0.0046875 0.0984375
0 0.99609375 0.55078125 0.0078125 0.0796875
0 0.99140625 0.45703125 0.015625 0.0703125
0 0.87421875 0.48125 0.0265625 0.0765625
0 0.73984375 0.39453125 0.0203125 0.05625
0 0.6234375 0.47109375 0.0328125 0.06875
0 0.47109375 0.4890625 0.0265625 0.0734375
0 0.41328125 0.47421875 0.0234375 0.078125
0 0.4046875 0.50625 0.0328125 0.0734375
0 0.26484375 0.61484375 0.0296875 0.09375
0 0.44609375 0.8515625 0.034375 0.1171875