0 0.009375 0.465625 0.01875 0.078125
0 0.1078125 0.35546875 0.0125 0.053125
0 0.16875 0.4234375 0.015625 0.0640625
0 0.2734375 0.4796875 0.015625 0.08125
0 0.259375 0.5734375 0.015625 0.078125
0 0.2140625 0.64609375 0.021875 0.1
0 0.24140625 0.628125 0.0234375 0.096875
0 0.25703125 0.71953125 0.025 0.1109375
0 0.3734375 0.8 0.025 0.125
0 0.4203125 0.5984375 0.034375 0.0828125
0 0.44921875 0.57421875 0.028125 0.084375
0 0.46015625 0.5109375 0.028125 0.0703125
0 0.48203125 0.5359375 0.0203125 0.084375
0 0.44296875 0.4234375 0.015625 0.0671875
0 0.584375 0.4140625 0.015625 0.065625
0 0.73359375 0.56328125 0.0125 0.096875
0 0.8671875 0.49296875 0.015625 0.084375