0 0.253125 0.89921875 0.04375 0.134375
0 0.23515625 0.7328125 0.03125 0.128125
0 0.353125 0.56640625 0.028125 0.1015625
0 0.38203125 0.5484375 0.028125 0.109375
0 0.421875 0.71875 0.0375 0.1328125
0 0.28984375 0.3140625 0.021875 0.06875
0 0.42890625 0.31640625 0.015625 0.0765625
0 0.47265625 0.23828125 0.01875 0.0609375
0 0.4375 0.13671875 0.009375 0.04375
0 0.68203125 0.38203125 0.01875 0.078125
0 0.65703125 0.61640625 0.0265625 0.1
0 0.73046875 0.56015625 0.034375 0.0890625
0 0.76328125 0.47109375 0.0296875 0.096875
0 0.625 0.86484375 0.0546875 0.1375
0 0.9609375 0.65 0.046875 0.115625
0 0.909375 0.253125 0.01875 0.065625
0 0.9328125 0.9625 0.04375 0.075