0 0.0703125 0.33984375 0.03125 0.0890625
0 0.08828125 0.47734375 0.0375 0.10625
0 0.31015625 0.38671875 0.0265625 0.0921875
0 0.3 0.3671875 0.0296875 0.0859375
0 0.390625 0.2875 0.0359375 0.0875
0 0.3 0.6 0.0390625 0.11875
0 0.203125 0.74140625 0.0421875 0.1328125
0 0.4453125 0.38125 0.034375 0.0921875
0 0.53671875 0.5046875 0.0453125 0.11875
0 0.596875 0.38828125 0.0375 0.0921875
0 0.72109375 0.3546875 0.05 0.0921875
0 0.74140625 0.3125 0.03125 0.0703125
0 0.76328125 0.37734375 0.034375 0.0921875
0 0.8890625 0.4359375 0.0359375 0.1015625
0 0.89921875 0.346875 0.0375 0.090625