0 0.8921875 0.22890625 0.028125 0.0921875
0 0.90703125 0.37265625 0.0328125 0.109375
0 0.6609375 0.3328125 0.0234375 0.0953125
0 0.66640625 0.3109375 0.025 0.0875
0 0.55703125 0.2515625 0.0328125 0.090625
0 0.7203125 0.546875 0.034375 0.1234375
0 0.8515625 0.66640625 0.0375 0.1375
0 0.52265625 0.359375 0.03125 0.0953125
0 0.45859375 0.50625 0.040625 0.121875
0 0.37109375 0.4015625 0.034375 0.0953125
0 0.2375 0.396875 0.0484375 0.09375
0 0.2078125 0.35859375 0.0296875 0.071875
0 0.20078125 0.42890625 0.03125 0.0953125
0 0.08671875 0.5171875 0.0328125 0.10625
0 0.05625 0.4296875 0.034375 0.09375