0 0.09921875 0.7921875 0.0609375 0.14375
0 0.21484375 0.665625 0.0375 0.1296875
0 0.18046875 0.5 0.025 0.109375
0 0.01796875 0.4703125 0.0359375 0.10625
0 0.16171875 0.40234375 0.0328125 0.0890625
0 0.19765625 0.384375 0.0328125 0.0875
0 0.02421875 0.35703125 0.03125 0.090625
0 0.265625 0.2859375 0.028125 0.0734375
0 0.4296875 0.43046875 0.0359375 0.1
0 0.43515625 0.36640625 0.03125 0.0890625
0 0.49453125 0.51171875 0.0328125 0.11875
0 0.5609375 0.30234375 0.0234375 0.075
0 0.66171875 0.45234375 0.0421875 0.1046875
0 0.75234375 0.43984375 0.0328125 0.0984375
0 0.8953125 0.4046875 0.0359375 0.090625
0 0.96796875 0.44296875 0.034375 0.1