0 0.04140625 0.471875 0.0421875 0.109375
0 0.23984375 0.4171875 0.0296875 0.096875
0 0.2703125 0.30703125 0.0296875 0.090625
0 0.35703125 0.4828125 0.0421875 0.1109375
0 0.2734375 0.73984375 0.0484375 0.1328125
0 0.39453125 0.60703125 0.05625 0.1234375
0 0.45703125 0.22421875 0.0296875 0.0703125
0 0.48984375 0.3390625 0.028125 0.090625
0 0.4984375 0.36171875 0.028125 0.0875
0 0.596875 0.44921875 0.040625 0.1015625
0 0.609375 0.36640625 0.0375 0.0953125
0 0.696875 0.4859375 0.05 0.0984375
0 0.696875 0.475 0.0328125 0.059375
0 0.7265625 0.5265625 0.05 0.1109375
0 0.85859375 0.52734375 0.0609375 0.146875