0 0.734375 0.51484375 0.0359375 0.1078125
0 0.8453125 0.79765625 0.0578125 0.1546875
0 0.8703125 0.93203125 0.065625 0.1359375
0 0.63515625 0.35703125 0.0359375 0.0890625
0 0.5671875 0.36484375 0.03125 0.0890625
0 0.49375 0.1984375 0.025 0.0671875
0 0.3796875 0.275 0.0328125 0.0828125
0 0.3 0.25859375 0.028125 0.078125
0 0.23671875 0.32421875 0.03125 0.0921875
0 0.22109375 0.15625 0.0296875 0.075
0 0.14609375 0.246875 0.0296875 0.0765625
0 0.090625 0.3359375 0.040625 0.096875
0 0.05234375 0.2421875 0.034375 0.0921875
0 0.0390625 0.26015625 0.028125 0.0921875
0 0.303125 0.47890625 0.0390625 0.1046875
0 0.39609375 0.5953125 0.05 0.1203125