0 0.084375 0.37421875 0.0390625 0.10625
0 0.284375 0.371875 0.028125 0.0953125
0 0.340625 0.275 0.028125 0.0875
0 0.37734375 0.4640625 0.040625 0.1078125
0 0.234375 0.684375 0.0453125 0.1296875
0 0.38125 0.5890625 0.0515625 0.11875
0 0.53671875 0.24453125 0.0296875 0.06875
0 0.5390625 0.36171875 0.0265625 0.0890625
0 0.54140625 0.384375 0.025 0.0859375
0 0.61171875 0.4921875 0.0375 0.1
0 0.64375 0.4171875 0.034375 0.0921875
0 0.696875 0.5515625 0.0453125 0.0953125
0 0.69921875 0.540625 0.03125 0.0578125
0 0.7140625 0.596875 0.046875 0.1078125
0 0.83828125 0.63203125 0.0578125 0.14375