0 0.15859375 0.79921875 0.065625 0.1484375
0 0.27265625 0.665625 0.04375 0.1328125
0 0.23125 0.49609375 0.0296875 0.1125
0 0.0609375 0.471875 0.046875 0.109375
0 0.20859375 0.3953125 0.0359375 0.0921875
0 0.2453125 0.37578125 0.0375 0.090625
0 0.065625 0.35390625 0.0359375 0.09375
0 0.3109375 0.27265625 0.03125 0.075
0 0.4859375 0.41484375 0.040625 0.103125
0 0.48828125 0.3484375 0.034375 0.0921875
0 0.55390625 0.4953125 0.0375 0.1234375
0 0.615625 0.27890625 0.028125 0.078125
0 0.72421875 0.42890625 0.046875 0.109375
0 0.81640625 0.4125 0.0375 0.1015625
0 0.96328125 0.37265625 0.040625 0.0953125