0 0.9828125 0.53046875 0.034375 0.1046875
0 0.859375 0.7125 0.04375 0.13125
0 0.80234375 0.44140625 0.0421875 0.0984375
0 0.62734375 0.4484375 0.03125 0.1015625
0 0.653125 0.60703125 0.040625 0.11875
0 0.47734375 0.484375 0.034375 0.1015625
0 0.3984375 0.41796875 0.0296875 0.0875
0 0.5390625 0.27265625 0.03125 0.0828125
0 0.43671875 0.27734375 0.025 0.08125
0 0.41484375 0.2703125 0.028125 0.084375
0 0.3765625 0.1875 0.025 0.06875
0 0.1703125 0.3546875 0.040625 0.096875
0 0.17421875 0.4890625 0.040625 0.115625
0 0.0703125 0.42890625 0.0421875 0.1109375
0 0.2046875 0.73671875 0.0515625 0.165625