0 0.92265625 0.4875 0.0359375 0.1046875
0 0.83828125 0.5734375 0.0390625 0.1046875
0 0.7953125 0.41953125 0.0265625 0.096875
0 0.61875 0.5265625 0.0328125 0.1
0 0.58359375 0.46640625 0.0296875 0.1015625
0 0.49375 0.39765625 0.0296875 0.090625
0 0.52578125 0.26328125 0.0234375 0.075
0 0.42265625 0.27265625 0.0234375 0.0734375
0 0.378125 0.27578125 0.021875 0.075
0 0.34765625 0.1875 0.0203125 0.0640625
0 0.359375 0.3953125 0.05 0.1015625
0 0.21171875 0.51171875 0.0375 0.1125
0 0.10078125 0.3734375 0.0375 0.1
0 0.07109375 0.409375 0.034375 0.0984375
0 0.04609375 0.421875 0.034375 0.096875
0 0.2109375 0.765625 0.0421875 0.103125