0 0.0859375 0.34375 0.0328125 0.0859375
0 0.1546875 0.47734375 0.0328125 0.1328125
0 0.08203125 0.7265625 0.0421875 0.1390625
0 0.31875 0.62109375 0.0484375 0.1296875
0 0.38203125 0.765625 0.0515625 0.1421875
0 0.50703125 0.771875 0.04375 0.165625
0 0.421875 0.965625 0.040625 0.06875
0 0.4453125 0.453125 0.028125 0.04375
0 0.5046875 0.32421875 0.0296875 0.0890625
0 0.5671875 0.48203125 0.040625 0.1234375
0 0.6703125 0.26875 0.0328125 0.078125
0 0.62421875 0.584375 0.0328125 0.128125
0 0.70390625 0.62109375 0.034375 0.125
0 0.79453125 0.29609375 0.0234375 0.090625
0 0.99765625 0.59609375 0.0046875 0.1703125