0 0.0296875 0.421875 0.0328125 0.1109375
0 0.10390625 0.52421875 0.0359375 0.1109375
0 0.17421875 0.37109375 0.0234375 0.103125
0 0.340625 0.5125 0.028125 0.10625
0 0.3875 0.45546875 0.0265625 0.1078125
0 0.49375 0.3984375 0.028125 0.0953125
0 0.4828125 0.2515625 0.021875 0.0796875
0 0.5890625 0.27890625 0.021875 0.078125
0 0.63359375 0.28984375 0.0203125 0.0796875
0 0.68046875 0.20234375 0.0171875 0.0671875
0 0.634375 0.41796875 0.0484375 0.10625
0 0.76953125 0.56328125 0.0328125 0.11875
0 0.90859375 0.4375 0.034375 0.1046875
0 0.93359375 0.48046875 0.03125 0.103125
0 0.9578125 0.49765625 0.03125 0.1015625
0 0.728125 0.83125 0.0390625 0.109375