0 0.0375 0.63046875 0.075 0.1390625
0 0.2140625 0.3984375 0.0390625 0.10625
0 0.31875 0.39375 0.034375 0.0875
0 0.26640625 0.60078125 0.0484375 0.128125
0 0.3921875 0.28203125 0.0296875 0.0953125
0 0.50859375 0.57265625 0.046875 0.1125
0 0.59453125 0.41328125 0.046875 0.040625
0 0.621875 0.37578125 0.040625 0.0765625
0 0.665625 0.28515625 0.0359375 0.0609375
0 0.72109375 0.50703125 0.040625 0.10625
0 0.659375 0.65625 0.0421875 0.11875
0 0.57734375 0.75546875 0.0546875 0.15625
0 0.5921875 0.86640625 0.05625 0.15625
0 0.7859375 0.5984375 0.04375 0.1171875
0 0.81484375 0.60234375 0.0359375 0.1078125
0 0.97421875 0.40703125 0.0328125 0.078125