0 0.16015625 0.70234375 0.046875 0.109375
0 0.2078125 0.45078125 0.0328125 0.103125
0 0.31484375 0.43515625 0.0359375 0.103125
0 0.3609375 0.6265625 0.0515625 0.11875
0 0.54453125 0.6046875 0.05 0.1359375
0 0.578125 0.58046875 0.0515625 0.1265625
0 0.7328125 0.75 0.065625 0.15625
0 0.83984375 0.49609375 0.040625 0.1046875
0 0.77421875 0.3765625 0.040625 0.0984375
0 0.8859375 0.43203125 0.0375 0.1015625
0 0.8984375 0.4375 0.0359375 0.1140625
0 0.57578125 0.19609375 0.0265625 0.0578125
0 0.53046875 0.29609375 0.0265625 0.0765625
0 0.49765625 0.290625 0.0296875 0.0890625
0 0.4078125 0.28125 0.0296875 0.078125