0 0.0203125 0.66796875 0.040625 0.1359375
0 0.1625 0.40859375 0.028125 0.1078125
0 0.26875 0.38984375 0.025 0.0890625
0 0.240625 0.60859375 0.034375 0.1296875
0 0.3296875 0.26640625 0.01875 0.0984375
0 0.4859375 0.55 0.034375 0.1140625
0 0.55234375 0.37578125 0.0453125 0.0375
0 0.57578125 0.33359375 0.034375 0.0765625
0 0.61015625 0.2359375 0.0296875 0.0609375
0 0.69296875 0.45625 0.0296875 0.1078125
0 0.65 0.61484375 0.0296875 0.121875
0 0.578125 0.728125 0.0375 0.1578125
0 0.60703125 0.8390625 0.0390625 0.159375
0 0.771875 0.54140625 0.0296875 0.1203125
0 0.8015625 0.54140625 0.0234375 0.1109375
0 0.93984375 0.32109375 0.025 0.078125