0 0.92578125 0.60625 0.0328125 0.109375
0 0.8328125 0.36171875 0.0203125 0.103125
0 0.72421875 0.365625 0.021875 0.103125
0 0.7109375 0.56484375 0.0359375 0.1171875
0 0.52421875 0.57421875 0.0328125 0.1359375
0 0.48515625 0.55625 0.0359375 0.125
0 0.36171875 0.7546875 0.0453125 0.1546875
0 0.20859375 0.51875 0.0265625 0.103125
0 0.253125 0.3875 0.028125 0.0984375
0 0.15078125 0.4625 0.025 0.1015625
0 0.1390625 0.47109375 0.0203125 0.115625
0 0.0203125 0.25625 0.0203125 0.0890625
0 0.4203125 0.171875 0.0203125 0.0578125
0 0.48359375 0.26328125 0.015625 0.0765625
0 0.51484375 0.253125 0.0171875 0.0890625
0 0.60390625 0.22734375 0.01875 0.078125