0 0.8984375 0.30859375 0.03125 0.0875
0 0.84765625 0.4546875 0.028125 0.1359375
0 0.95625 0.696875 0.0375 0.140625
0 0.7015625 0.6234375 0.04375 0.1328125
0 0.65703125 0.7796875 0.0484375 0.1453125
0 0.53046875 0.80234375 0.0390625 0.16875
0 0.64453125 0.9734375 0.0375 0.040625
0 0.54765625 0.47109375 0.0265625 0.04375
0 0.46875 0.34765625 0.028125 0.090625
0 0.42734375 0.51796875 0.0375 0.125
0 0.2921875 0.315625 0.03125 0.0796875
0 0.384375 0.6296875 0.0296875 0.13125
0 0.30859375 0.678125 0.03125 0.128125
0 0.1703125 0.36171875 0.021875 0.0921875