0 0.028125 0.48359375 0.028125 0.1015625
0 0.13515625 0.6703125 0.03125 0.128125
0 0.21328125 0.41171875 0.0328125 0.09375
0 0.38203125 0.43359375 0.021875 0.0984375
0 0.34375 0.58515625 0.0296875 0.1140625
0 0.525 0.48046875 0.025 0.0984375
0 0.60625 0.42265625 0.021875 0.084375
0 0.48359375 0.2703125 0.0234375 0.0796875
0 0.58125 0.2828125 0.0171875 0.0796875
0 0.603125 0.27890625 0.0203125 0.08125
0 0.64765625 0.2015625 0.01875 0.065625
0 0.83359375 0.38125 0.03125 0.09375
0 0.81796875 0.51171875 0.0296875 0.1109375
0 0.9234375 0.46171875 0.03125 0.10625
0 0.7671875 0.75 0.0359375 0.1609375