0 0.33671875 0.5 0.021875 0.0859375
0 0.35390625 0.55859375 0.0328125 0.0921875
0 0.39375 0.54453125 0.034375 0.09375
0 0.415625 0.5515625 0.028125 0.09375
0 0.4265625 0.49375 0.0296875 0.071875
0 0.4328125 0.684375 0.0359375 0.1125
0 0.46171875 0.5578125 0.0375 0.084375
0 0.50703125 0.5421875 0.0328125 0.10625
0 0.54375 0.43359375 0.0265625 0.0796875
0 0.53203125 0.54140625 0.03125 0.1
0 0.56796875 0.55390625 0.0359375 0.0859375
0 0.5671875 0.63359375 0.0296875 0.10625
0 0.6328125 0.56171875 0.0375 0.1015625
0 0.65078125 0.53515625 0.028125 0.0921875
0 0.73203125 0.53671875 0.03125 0.08125
0 0.82890625 0.79609375 0.0375 0.121875
0 0.91328125 0.63125 0.0265625 0.109375
0 0.92734375 0.55546875 0.028125 0.0890625
0 0.890625 0.35703125 0.0234375 0.0625