0 0.8484375 0.178125 0.0234375 0.078125
0 0.90703125 0.3375 0.0375 0.1015625
0 0.8015625 0.253125 0.0296875 0.0859375
0 0.7625 0.33359375 0.03125 0.1078125
0 0.825 0.45234375 0.0421875 0.115625
0 0.67421875 0.3734375 0.034375 0.084375
0 0.53125 0.178125 0.021875 0.08125
0 0.53359375 0.353125 0.040625 0.096875
0 0.50390625 0.36171875 0.03125 0.09375
0 0.62265625 0.74140625 0.0546875 0.16875
0 0.3765625 0.35703125 0.03125 0.1140625
0 0.12578125 0.35625 0.05 0.121875
0 0.01640625 0.45625 0.0328125 0.140625