0 0.115625 0.1890625 0.021875 0.08125
0 0.05390625 0.3515625 0.0375 0.103125
0 0.1625 0.265625 0.0296875 0.0875
0 0.2015625 0.35 0.03125 0.109375
0 0.1359375 0.46953125 0.040625 0.1171875
0 0.290625 0.39296875 0.034375 0.0859375
0 0.440625 0.19453125 0.021875 0.084375
0 0.4359375 0.37421875 0.0390625 0.0984375
0 0.465625 0.3828125 0.0296875 0.0953125
0 0.33671875 0.7703125 0.053125 0.171875
0 0.59453125 0.38046875 0.028125 0.1171875
0 0.8515625 0.384375 0.05 0.1234375
0 0.971875 0.4890625 0.053125 0.1453125