0 0.60234375 0.48203125 0.0234375 0.084375
0 0.58671875 0.5390625 0.0359375 0.090625
0 0.54765625 0.5265625 0.0359375 0.0921875
0 0.52734375 0.53359375 0.0296875 0.0921875
0 0.5140625 0.47890625 0.03125 0.0703125
0 0.51484375 0.6640625 0.0390625 0.109375
0 0.48203125 0.54296875 0.0390625 0.0828125
0 0.4375 0.528125 0.034375 0.103125
0 0.3984375 0.42421875 0.028125 0.078125
0 0.4140625 0.528125 0.0328125 0.0984375
0 0.3796875 0.54140625 0.0390625 0.084375
0 0.38359375 0.61953125 0.0328125 0.1046875
0 0.3171875 0.5515625 0.040625 0.0984375
0 0.29765625 0.5265625 0.03125 0.090625
0 0.21953125 0.53125 0.034375 0.0796875
0 0.134375 0.7859375 0.040625 0.11875
0 0.04609375 0.628125 0.0296875 0.10625
0 0.03046875 0.5546875 0.03125 0.0859375
0 0.059375 0.3625 0.025 0.0609375