0 0.28515625 0.15 0.025 0.0640625
0 0.2140625 0.2484375 0.0359375 0.0875
0 0.18828125 0.40390625 0.046875 0.1046875
0 0.18671875 0.37265625 0.040625 0.0890625
0 0.38515625 0.38671875 0.0453125 0.090625
0 0.45234375 0.24609375 0.0359375 0.075
0 0.5078125 0.3421875 0.0328125 0.096875
0 0.4171875 0.56171875 0.0515625 0.13125
0 0.4984375 0.54453125 0.0484375 0.1265625
0 0.7 0.4046875 0.0390625 0.103125
0 0.746875 0.36953125 0.0375 0.0921875
0 0.690625 0.53515625 0.046875 0.1140625
0 0.746875 0.54765625 0.0484375 0.11875
0 0.79765625 0.64453125 0.0515625 0.1359375
0 0.928125 0.88359375 0.0609375 0.1765625