0 0.0984375 0.134375 0.034375 0.078125
0 0.04765625 0.20859375 0.0296875 0.0953125
0 0.084375 0.3953125 0.046875 0.1234375
0 0.203125 0.33203125 0.0421875 0.109375
0 0.34609375 0.296875 0.0453125 0.1
0 0.365625 0.440625 0.0453125 0.1140625
0 0.4515625 0.234375 0.028125 0.078125
0 0.53984375 0.35703125 0.0390625 0.1078125
0 0.471875 0.4828125 0.0515625 0.13125
0 0.41875 0.59609375 0.0515625 0.1421875
0 0.6171875 0.49921875 0.040625 0.1234375
0 0.6609375 0.340625 0.0421875 0.1
0 0.7046875 0.484375 0.046875 0.11875
0 0.875 0.5828125 0.05 0.13125