0 0.4015625 0.721875 0.04375 0.1453125
0 0.0484375 0.24921875 0.0265625 0.075
0 0.1796875 0.4828125 0.05 0.1015625
0 0.3140625 0.36640625 0.0375 0.0875
0 0.3609375 0.36640625 0.0359375 0.090625
0 0.40546875 0.30859375 0.0375 0.0921875
0 0.4609375 0.30859375 0.0296875 0.08125
0 0.46171875 0.4546875 0.046875 0.1109375
0 0.509375 0.546875 0.0578125 0.1125
0 0.55390625 0.54375 0.0375 0.125
0 0.5796875 0.528125 0.04375 0.11875
0 0.6140625 0.384375 0.034375 0.090625
0 0.5875 0.24609375 0.028125 0.0796875
0 0.65 0.3375 0.0390625 0.103125
0 0.64765625 0.13125 0.015625 0.0640625
0 0.9640625 0.15859375 0.0140625 0.0765625