0 0.97890625 0.309375 0.028125 0.0859375
0 0.82734375 0.228125 0.01875 0.0578125
0 0.79609375 0.4140625 0.0359375 0.096875
0 0.7984375 0.50234375 0.0375 0.1171875
0 0.8328125 0.5296875 0.0328125 0.1046875
0 0.73046875 0.48671875 0.0421875 0.0984375
0 0.6984375 0.51015625 0.046875 0.096875
0 0.61953125 0.45 0.0515625 0.09375
0 0.57109375 0.36953125 0.0328125 0.084375
0 0.57578125 0.309375 0.034375 0.08125
0 0.503125 0.36796875 0.03125 0.0921875
0 0.3671875 0.2328125 0.0296875 0.0765625
0 0.37421875 0.39375 0.046875 0.0765625
0 0.36171875 0.44609375 0.046875 0.1015625
0 0.365625 0.5328125 0.0296875 0.109375
0 0.26796875 0.45 0.040625 0.1078125
0 0.8421875 0.82890625 0.0625 0.14375