0 0.8375 0.41171875 0.040625 0.109375
0 0.73828125 0.49453125 0.03125 0.128125
0 0.73203125 0.4453125 0.0359375 0.11875
0 0.6765625 0.3921875 0.0328125 0.109375
0 0.68125 0.5078125 0.0296875 0.1453125
0 0.66328125 0.5328125 0.034375 0.1453125
0 0.62421875 0.4921875 0.0421875 0.1203125
0 0.74375 0.69296875 0.059375 0.1390625
0 0.578125 0.30859375 0.034375 0.1
0 0.565625 0.41640625 0.0234375 0.121875
0 0.54375 0.4328125 0.0328125 0.1234375
0 0.57265625 0.48671875 0.0296875 0.1296875
0 0.4859375 0.509375 0.0484375 0.1296875
0 0.490625 0.6 0.03125 0.1421875
0 0.42890625 0.41484375 0.04375 0.11875
0 0.24140625 0.390625 0.03125 0.1125
0 0.0359375 0.440625 0.03125 0.1171875
0 0.0453125 0.54921875 0.0390625 0.1328125
0 0.20234375 0.75234375 0.0484375 0.153125
0 0.1171875 0.1890625 0.025 0.0828125