0 0.053125 0.45859375 0.040625 0.1125
0 0.05234375 0.43828125 0.03125 0.1125
0 0.06484375 0.34296875 0.028125 0.1
0 0.2484375 0.2765625 0.0203125 0.0875
0 0.3421875 0.3421875 0.0203125 0.1015625
0 0.3625 0.4953125 0.03125 0.11875
0 0.46484375 0.21171875 0.021875 0.0734375
0 0.45703125 0.0984375 0.0140625 0.0578125
0 0.5546875 0.425 0.034375 0.0890625
0 0.6546875 0.46875 0.0421875 0.1078125
0 0.73515625 0.353125 0.021875 0.1046875
0 0.45546875 0.56640625 0.040625 0.128125
0 0.45625 0.53828125 0.028125 0.11875
0 0.4046875 0.653125 0.05 0.1265625
0 0.83515625 0.415625 0.0296875 0.109375
0 0.8296875 0.253125 0.0203125 0.0859375