0 0.0875 0.4515625 0.040625 0.109375
0 0.0875 0.4328125 0.0328125 0.1078125
0 0.1 0.3421875 0.028125 0.096875
0 0.27734375 0.28125 0.0203125 0.0828125
0 0.36640625 0.34609375 0.0203125 0.096875
0 0.3828125 0.4921875 0.03125 0.1125
0 0.48671875 0.22265625 0.021875 0.071875
0 0.48046875 0.1140625 0.015625 0.0546875
0 0.56953125 0.42890625 0.034375 0.0859375
0 0.66328125 0.471875 0.0421875 0.1046875
0 0.74296875 0.3625 0.021875 0.1
0 0.47109375 0.56171875 0.0421875 0.1234375
0 0.4734375 0.53515625 0.0296875 0.1140625
0 0.4203125 0.64453125 0.05 0.1234375
0 0.83828125 0.42421875 0.0296875 0.1046875
0 0.83515625 0.26796875 0.0203125 0.0828125