0 0.13125 0.42109375 0.0484375 0.11875
0 0.1578125 0.30703125 0.0390625 0.1015625
0 0.25234375 0.37890625 0.0546875 0.10625
0 0.38359375 0.24140625 0.03125 0.084375
0 0.41015625 0.33984375 0.0359375 0.1015625
0 0.48046875 0.359375 0.040625 0.0953125
0 0.56484375 0.21484375 0.03125 0.0671875
0 0.51640625 0.4796875 0.0375 0.109375
0 0.571875 0.53203125 0.0515625 0.1296875
0 0.74453125 0.34453125 0.03125 0.0984375
0 0.753125 0.5265625 0.0390625 0.1125
0 0.80625 0.5109375 0.0453125 0.128125
0 0.7109375 0.59921875 0.046875 0.1328125
0 0.6890625 0.73828125 0.0671875 0.1390625
0 0.8859375 0.41875 0.0359375 0.109375
0 0.91328125 0.33046875 0.03125 0.0953125