0 0.009375 0.4484375 0.01875 0.10625
0 0.05546875 0.471875 0.025 0.1125
0 0.15546875 0.515625 0.0328125 0.1125
0 0.26015625 0.4109375 0.028125 0.0984375
0 0.2375 0.3390625 0.0234375 0.09375
0 0.209375 0.28046875 0.01875 0.0796875
0 0.40390625 0.21171875 0.0265625 0.0734375
0 0.4875 0.36640625 0.03125 0.0859375
0 0.50703125 0.434375 0.0421875 0.10625
0 0.409375 0.56953125 0.046875 0.115625
0 0.3921875 0.58828125 0.040625 0.0765625
0 0.3125 0.7125 0.0515625 0.125
0 0.68359375 0.34453125 0.021875 0.1
0 0.7296875 0.20390625 0.015625 0.078125
0 0.8 0.37890625 0.0265625 0.1015625