0 0.090625 0.27109375 0.0265625 0.0859375
0 0.1015625 0.33828125 0.05 0.109375
0 0.15859375 0.32421875 0.0390625 0.1
0 0.20078125 0.42265625 0.046875 0.1140625
0 0.22421875 0.29921875 0.0390625 0.09375
0 0.34609375 0.46171875 0.0421875 0.1140625
0 0.41328125 0.34453125 0.034375 0.10625
0 0.37109375 0.24375 0.0328125 0.084375
0 0.4609375 0.3890625 0.0359375 0.103125
0 0.37265625 0.73984375 0.06875 0.1515625
0 0.58671875 0.49921875 0.0484375 0.103125
0 0.61171875 0.5328125 0.0390625 0.1171875
0 0.68515625 0.22109375 0.0203125 0.078125
0 0.753125 0.42109375 0.0375 0.115625
0 0.97421875 0.47109375 0.0421875 0.1203125