0 0.734375 0.18203125 0.015625 0.059375
0 0.784375 0.28515625 0.0234375 0.08125
0 0.7828125 0.43359375 0.03125 0.096875
0 0.7890625 0.40546875 0.0265625 0.08125
0 0.60234375 0.3859375 0.03125 0.0828125
0 0.56328125 0.24453125 0.0234375 0.06875
0 0.4953125 0.325 0.01875 0.090625
0 0.54375 0.54453125 0.0328125 0.121875
0 0.47109375 0.5140625 0.0296875 0.11875
0 0.30546875 0.35078125 0.025 0.0953125
0 0.26796875 0.31171875 0.0234375 0.0859375
0 0.29375 0.4734375 0.0296875 0.1046875
0 0.23828125 0.4765625 0.03125 0.109375
0 0.1765625 0.55859375 0.03125 0.1265625
0 0.01640625 0.75859375 0.0328125 0.1640625