0 0.85 0.47578125 0.046875 0.109375
0 0.740625 0.54140625 0.0375 0.128125
0 0.7421875 0.49140625 0.0421875 0.11875
0 0.69609375 0.43203125 0.0390625 0.109375
0 0.6828125 0.54453125 0.0359375 0.14375
0 0.66171875 0.5671875 0.0421875 0.14375
0 0.62890625 0.5203125 0.046875 0.1203125
0 0.715625 0.7359375 0.0640625 0.1390625
0 0.61328125 0.334375 0.0390625 0.1
0 0.58359375 0.43828125 0.0296875 0.121875
0 0.56015625 0.45078125 0.0375 0.1234375
0 0.58125 0.5078125 0.034375 0.1296875
0 0.4921875 0.51640625 0.0546875 0.1296875
0 0.4828125 0.6046875 0.0390625 0.140625
0 0.45078125 0.41484375 0.05 0.1203125
0 0.271875 0.3625 0.0375 0.1125
0 0.06328125 0.3796875 0.0375 0.1171875
0 0.05625 0.48671875 0.0453125 0.1328125
0 0.17734375 0.71015625 0.0546875 0.153125
0 0.18125 0.146875 0.0296875 0.0828125