0 0.95625 0.16953125 0.0171875 0.08125
0 0.9890625 0.2390625 0.0140625 0.0875
0 0.9609375 0.3625 0.0296875 0.115625
0 0.64296875 0.28046875 0.0328125 0.0828125
0 0.6125 0.25 0.03125 0.0796875
0 0.540625 0.45234375 0.0234375 0.1140625
0 0.4484375 0.578125 0.0421875 0.1328125
0 0.446875 0.19765625 0.021875 0.0765625
0 0.41328125 0.28359375 0.0296875 0.096875
0 0.378125 0.4515625 0.0359375 0.1140625
0 0.3484375 0.390625 0.0296875 0.103125
0 0.26875 0.259375 0.0296875 0.0921875
0 0.19921875 0.36953125 0.0359375 0.103125
0 0.07890625 0.428125 0.0234375 0.1203125