0 0.95546875 0.22734375 0.01875 0.0765625
0 0.98671875 0.2953125 0.025 0.084375
0 0.94765625 0.40859375 0.03125 0.109375
0 0.6546875 0.3109375 0.0328125 0.078125
0 0.628125 0.28046875 0.03125 0.0765625
0 0.546875 0.46484375 0.025 0.109375
0 0.45234375 0.57734375 0.0453125 0.1265625
0 0.4765625 0.2203125 0.0234375 0.071875
0 0.43828125 0.29921875 0.0296875 0.090625
0 0.39453125 0.45390625 0.0375 0.1078125
0 0.3703125 0.39453125 0.03125 0.096875
0 0.30390625 0.26640625 0.03125 0.0875
0 0.2328125 0.36484375 0.0375 0.096875
0 0.115625 0.4125 0.0265625 0.1140625