0 0.1640625 0.47421875 0.0546875 0.128125
0 0.196875 0.43515625 0.04375 0.1328125
0 0.2421875 0.51796875 0.0640625 0.13125
0 0.2875 0.440625 0.046875 0.1234375
0 0.3046875 0.4265625 0.0515625 0.1390625
0 0.3109375 0.403125 0.0453125 0.11875
0 0.40859375 0.52578125 0.0625 0.1359375
0 0.496875 0.41875 0.0515625 0.13125
0 0.521875 0.36640625 0.0546875 0.1125
0 0.49140625 0.2390625 0.040625 0.0984375
0 0.58359375 0.40234375 0.05625 0.1296875
0 0.640625 0.5625 0.0671875 0.1515625
0 0.65078125 0.65625 0.059375 0.16875
0 0.68828125 0.25625 0.046875 0.1203125
0 0.80234375 0.23828125 0.059375 0.1125
0 0.86640625 0.046875 0.0421875 0.09375
0 0.96484375 0.3109375 0.04375 0.14375
0 0.96953125 0.38203125 0.0578125 0.1453125
0 0.915625 0.69296875 0.071875 0.1828125