0 0.515625 0.296875 0.034375 0.0890625
0 0.5359375 0.334375 0.0359375 0.0765625
0 0.58984375 0.3046875 0.0328125 0.09375
0 0.4359375 0.390625 0.03125 0.0984375
0 0.340625 0.378125 0.0375 0.10625
0 0.3265625 0.32734375 0.0390625 0.1046875
0 0.22109375 0.33203125 0.0375 0.103125
0 0.18515625 0.2640625 0.0265625 0.0921875
0 0.21328125 0.1859375 0.021875 0.078125
0 0.04921875 0.41328125 0.0390625 0.121875
0 0.13046875 0.65859375 0.0640625 0.159375
0 0.63046875 0.4375 0.0390625 0.115625
0 0.75703125 0.50546875 0.0359375 0.1171875
0 0.9078125 0.36640625 0.025 0.0984375
0 0.9453125 0.3015625 0.0359375 0.08125
0 0.9953125 0.31640625 0.009375 0.0859375
0 0.984375 0.42421875 0.03125 0.1078125