0 0.7234375 0.91171875 0.053125 0.1765625
0 0.9765625 0.30078125 0.0328125 0.096875
0 0.884375 0.246875 0.0234375 0.084375
0 0.79453125 0.328125 0.0359375 0.103125
0 0.67734375 0.30390625 0.0265625 0.1
0 0.640625 0.47734375 0.0359375 0.1296875
0 0.5359375 0.4078125 0.03125 0.1109375
0 0.490625 0.27265625 0.0265625 0.1
0 0.40234375 0.2125 0.0234375 0.08125
0 0.38984375 0.2703125 0.0296875 0.1015625
0 0.3375 0.40546875 0.040625 0.115625
0 0.29296875 0.3390625 0.0359375 0.1171875
0 0.12578125 0.20390625 0.025 0.090625
0 0.10078125 0.3140625 0.0328125 0.115625
0 0.06796875 0.259375 0.05 0.109375