0 0.1421875 0.7515625 0.0515625 0.1796875
0 0.02265625 0.2796875 0.0203125 0.103125
0 0.13671875 0.20390625 0.0296875 0.090625
0 0.221875 0.16875 0.0234375 0.0828125
0 0.303125 0.25234375 0.0265625 0.0953125
0 0.3375 0.27109375 0.0296875 0.1015625
0 0.33671875 0.3953125 0.025 0.1171875
0 0.50078125 0.38046875 0.03125 0.10625
0 0.54375 0.2546875 0.0234375 0.0984375
0 0.58984375 0.2515625 0.025 0.0953125
0 0.6953125 0.2296875 0.0203125 0.0859375
0 0.68515625 0.36640625 0.0359375 0.115625
0 0.725 0.41171875 0.028125 0.1078125
0 0.803125 0.24375 0.0296875 0.090625
0 0.875 0.33828125 0.0296875 0.1
0 0.878125 0.31171875 0.0265625 0.096875