0 0.0859375 0.75234375 0.0671875 0.1828125
0 0.06796875 0.334375 0.046875 0.11875
0 0.17265625 0.23984375 0.0328125 0.0984375
0 0.21796875 0.19453125 0.0359375 0.090625
0 0.38125 0.278125 0.0265625 0.0859375
0 0.35234375 0.32578125 0.0328125 0.1109375
0 0.35546875 0.4140625 0.034375 0.1203125
0 0.5125 0.41484375 0.034375 0.109375
0 0.515625 0.2890625 0.03125 0.0984375
0 0.56171875 0.2734375 0.0296875 0.0984375
0 0.7203125 0.44375 0.0515625 0.1296875
0 0.7984375 0.28125 0.021875 0.090625
0 0.83125 0.27890625 0.03125 0.090625
0 0.7953125 0.49609375 0.0375 0.1234375
0 0.9140625 0.365625 0.03125 0.103125
0 0.94609375 0.3671875 0.046875 0.1109375