0 0.12109375 0.7234375 0.0484375 0.16875
0 0.0703125 0.334375 0.034375 0.1078125
0 0.16015625 0.2375 0.025 0.090625
0 0.1984375 0.19140625 0.0265625 0.0828125
0 0.3578125 0.25625 0.01875 0.0796875
0 0.334375 0.303125 0.021875 0.1015625
0 0.3453125 0.3859375 0.0234375 0.1109375
0 0.4921875 0.3734375 0.0234375 0.1015625
0 0.484375 0.25546875 0.021875 0.090625
0 0.5265625 0.2375 0.0203125 0.090625
0 0.68828125 0.38359375 0.0390625 0.11875
0 0.7484375 0.225 0.0140625 0.084375
0 0.778125 0.2203125 0.021875 0.0828125
0 0.76328125 0.42578125 0.025 0.1140625
0 0.86328125 0.29453125 0.021875 0.0953125
0 0.89375 0.29375 0.0359375 0.1015625