0 0.0296875 0.7515625 0.0484375 0.159375
0 0.215625 0.39296875 0.0234375 0.0859375
0 0.21484375 0.3640625 0.021875 0.084375
0 0.23671875 0.4 0.0375 0.0875
0 0.26796875 0.421875 0.046875 0.1046875
0 0.41015625 0.2015625 0.021875 0.08125
0 0.4578125 0.3328125 0.028125 0.0984375
0 0.46796875 0.29140625 0.028125 0.0921875
0 0.57734375 0.296875 0.0265625 0.0875
0 0.59296875 0.33359375 0.025 0.1046875
0 0.659375 0.28984375 0.03125 0.10625
0 0.58125 0.5109375 0.034375 0.1234375
0 0.79375 0.52890625 0.025 0.11875
0 0.853125 0.43046875 0.0328125 0.1140625
0 0.859375 0.2875 0.028125 0.096875
0 0.93671875 0.28203125 0.0390625 0.0609375