0 0.94140625 0.73671875 0.0640625 0.153125
0 0.9734375 0.2234375 0.021875 0.084375
0 0.72734375 0.41015625 0.025 0.0828125
0 0.7265625 0.3828125 0.0234375 0.08125
0 0.7078125 0.41796875 0.0375 0.084375
0 0.6796875 0.4421875 0.046875 0.1
0 0.5265625 0.24453125 0.021875 0.078125
0 0.490625 0.37265625 0.028125 0.09375
0 0.4796875 0.334375 0.028125 0.0890625
0 0.375 0.34921875 0.0265625 0.0828125
0 0.36328125 0.38515625 0.025 0.1015625
0 0.296875 0.3484375 0.03125 0.1015625
0 0.3890625 0.553125 0.0359375 0.11875
0 0.1890625 0.5875 0.0265625 0.1140625
0 0.1234375 0.49921875 0.0328125 0.109375
0 0.10546875 0.36328125 0.028125 0.0921875
0 0.03203125 0.36484375 0.0375 0.059375