0 0.09140625 0.83671875 0.075 0.153125
0 0.01328125 0.525 0.0265625 0.121875
0 0.0734375 0.36328125 0.0328125 0.0921875
0 0.128125 0.2625 0.021875 0.084375
0 0.21171875 0.45234375 0.04375 0.0875
0 0.33359375 0.47109375 0.0265625 0.103125
0 0.3484375 0.3390625 0.0390625 0.0796875
0 0.3890625 0.30859375 0.028125 0.0875
0 0.41796875 0.3578125 0.0359375 0.1015625
0 0.4953125 0.340625 0.028125 0.1046875
0 0.58671875 0.34609375 0.0328125 0.053125
0 0.61328125 0.3390625 0.0265625 0.0421875
0 0.6140625 0.42890625 0.025 0.096875
0 0.66953125 0.434375 0.0265625 0.1125
0 0.94296875 0.2859375 0.025 0.096875