0 0.72265625 0.915625 0.06875 0.1421875
0 0.8046875 0.47265625 0.0421875 0.1203125
0 0.7953125 0.34921875 0.04375 0.1
0 0.92578125 0.30625 0.0375 0.1015625
0 0.56875 0.3875 0.034375 0.1015625
0 0.52265625 0.26015625 0.025 0.0796875
0 0.528125 0.3625 0.0421875 0.0890625
0 0.5046875 0.34375 0.0234375 0.0890625
0 0.4546875 0.58046875 0.0515625 0.1140625
0 0.36796875 0.4734375 0.034375 0.0984375
0 0.34453125 0.31875 0.0265625 0.0828125
0 0.27421875 0.33359375 0.028125 0.0859375
0 0.26953125 0.2390625 0.0328125 0.0640625
0 0.13515625 0.278125 0.01875 0.075
0 0.08984375 0.48125 0.034375 0.109375