0 0.5125 0.92109375 0.0453125 0.1578125
0 0.23046875 0.49609375 0.046875 0.125
0 0.21015625 0.29453125 0.01875 0.0953125
0 0.29296875 0.3953125 0.021875 0.103125
0 0.328125 0.23671875 0.01875 0.0859375
0 0.4015625 0.39296875 0.021875 0.1046875
0 0.41640625 0.225 0.01875 0.0703125
0 0.47421875 0.28046875 0.0203125 0.09375
0 0.52734375 0.32890625 0.0203125 0.103125
0 0.5546875 0.25703125 0.0171875 0.0875
0 0.621875 0.275 0.0265625 0.0984375
0 0.61015625 0.275 0.0265625 0.0890625
0 0.6421875 0.3421875 0.03125 0.0984375
0 0.7640625 0.2484375 0.0171875 0.096875
0 0.78125 0.25078125 0.0203125 0.090625
0 0.825 0.2578125 0.0203125 0.0953125
0 0.98828125 0.4328125 0.0234375 0.10625