0 0.12265625 0.8625 0.078125 0.1625
0 0.03515625 0.534375 0.0390625 0.128125
0 0.10390625 0.3640625 0.034375 0.096875
0 0.1609375 0.25703125 0.021875 0.0890625
0 0.2484375 0.45703125 0.046875 0.0921875
0 0.37734375 0.4765625 0.028125 0.109375
0 0.39375 0.3375 0.040625 0.084375
0 0.43671875 0.30546875 0.0296875 0.0921875
0 0.46640625 0.35703125 0.0375 0.1078125
0 0.54765625 0.33984375 0.0296875 0.1109375
0 0.64453125 0.34453125 0.034375 0.05625
0 0.67265625 0.3375 0.028125 0.0453125
0 0.6734375 0.43203125 0.0265625 0.1015625
0 0.73125 0.4390625 0.028125 0.11875