0 0.53828125 0.828125 0.05625 0.159375
0 0.13515625 0.57578125 0.065625 0.1234375
0 0.21953125 0.2890625 0.0296875 0.0734375
0 0.3203125 0.24140625 0.0265625 0.065625
0 0.290625 0.3546875 0.04375 0.0890625
0 0.34296875 0.3515625 0.05 0.0890625
0 0.37890625 0.26796875 0.03125 0.071875
0 0.45390625 0.23359375 0.0296875 0.0625
0 0.49921875 0.37734375 0.0421875 0.09375
0 0.4953125 0.359375 0.0328125 0.0859375
0 0.55390625 0.23203125 0.0296875 0.0640625
0 0.58359375 0.271875 0.03125 0.0734375
0 0.57734375 0.4765625 0.0453125 0.103125
0 0.6265625 0.27421875 0.0359375 0.071875
0 0.56875 0.17578125 0.0203125 0.059375
0 0.65 0.215625 0.034375 0.0640625
0 0.98515625 0.43984375 0.0296875 0.1234375
0 0.8375 0.3234375 0.0359375 0.1