0 0.68125 0.41796875 0.059375 0.171875
0 0.61171875 0.54609375 0.05 0.1375
0 0.52578125 0.30625 0.0328125 0.1
0 0.49453125 0.496875 0.0546875 0.14375
0 0.44765625 0.53359375 0.0484375 0.06875
0 0.5046875 0.46328125 0.0625 0.1109375
0 0.440625 0.42109375 0.0625 0.125
0 0.37578125 0.3828125 0.0453125 0.1390625
0 0.2984375 0.4296875 0.0453125 0.1421875
0 0.2703125 0.36015625 0.040625 0.125
0 0.23125 0.41484375 0.046875 0.1390625
0 0.2734375 0.65078125 0.06875 0.1578125
0 0.525 0.8203125 0.0703125 0.1734375
0 0.13125 0.47421875 0.0515625 0.1453125
0 0.078125 0.42890625 0.0484375 0.1546875
0 0.05 0.45 0.05625 0.15625
0 0.02890625 0.30078125 0.0296875 0.13125
0 0.0046875 0.634375 0.009375 0.1625