0 0.49609375 0.80078125 0.0484375 0.1671875
0 0.9234375 0.28984375 0.028125 0.1
0 0.7640625 0.2015625 0.021875 0.090625
0 0.6359375 0.28828125 0.034375 0.09375
0 0.59609375 0.2890625 0.040625 0.075
0 0.475 0.4390625 0.0328125 0.1203125
0 0.465625 0.30390625 0.03125 0.084375
0 0.46953125 0.26484375 0.0234375 0.09375
0 0.4390625 0.2578125 0.0390625 0.0859375
0 0.33203125 0.24296875 0.0234375 0.075
0 0.31796875 0.18125 0.0234375 0.0703125
0 0.296875 0.28984375 0.0296875 0.0890625
0 0.265625 0.2828125 0.0234375 0.090625
0 0.23359375 0.40234375 0.0296875 0.1109375
0 0.1640625 0.47578125 0.034375 0.1140625
0 0.0140625 0.4265625 0.028125 0.109375
0 0.0328125 0.33359375 0.0234375 0.0953125
0 0.05546875 0.34609375 0.028125 0.1046875