0 0.9109375 0.384375 0.0390625 0.0921875
0 0.88203125 0.3453125 0.0296875 0.0890625
0 0.83359375 0.31328125 0.03125 0.0875
0 0.78984375 0.3625 0.0359375 0.0953125
0 0.74296875 0.40625 0.0390625 0.103125
0 0.653125 0.49765625 0.0453125 0.115625
0 0.615625 0.41875 0.03125 0.103125
0 0.628125 0.37890625 0.028125 0.0921875
0 0.61484375 0.28515625 0.0265625 0.0859375
0 0.596875 0.2640625 0.025 0.08125
0 0.72265625 0.22734375 0.0234375 0.0703125
0 0.63515625 0.1453125 0.015625 0.0578125
0 0.41953125 0.3390625 0.0296875 0.096875
0 0.4375 0.15 0.01875 0.0671875
0 0.22421875 0.2484375 0.0296875 0.090625
0 0.2125 0.4734375 0.0640625 0.1125
0 0.678125 0.69140625 0.0453125 0.1453125