0 0.49140625 0.78203125 0.040625 0.159375
0 0.30390625 0.509375 0.04375 0.1296875
0 0.0796875 0.25625 0.01875 0.0875
0 0.3078125 0.31953125 0.03125 0.09375
0 0.33515625 0.22265625 0.0140625 0.0828125
0 0.403125 0.24140625 0.01875 0.08125
0 0.57734375 0.24296875 0.0328125 0.0796875
0 0.596875 0.2390625 0.0234375 0.0765625
0 0.621875 0.17421875 0.0171875 0.0703125
0 0.61015625 0.22109375 0.021875 0.078125
0 0.6515625 0.29921875 0.03125 0.09375
0 0.69609375 0.2890625 0.01875 0.0828125
0 0.7375 0.271875 0.01875 0.09375
0 0.81328125 0.26171875 0.0203125 0.0890625
0 0.69921875 0.38125 0.025 0.1109375
0 0.725 0.46796875 0.034375 0.1171875
0 0.97421875 0.36015625 0.0359375 0.10625