0 0.43515625 0.76328125 0.0515625 0.1609375
0 0.9234375 0.35234375 0.0296875 0.096875
0 0.7875 0.24375 0.0234375 0.0875
0 0.6515625 0.303125 0.034375 0.090625
0 0.61484375 0.296875 0.040625 0.0734375
0 0.47578125 0.41875 0.0359375 0.1171875
0 0.4890625 0.28984375 0.0328125 0.08125
0 0.49921875 0.253125 0.025 0.0890625
0 0.471875 0.24140625 0.0390625 0.084375
0 0.371875 0.2109375 0.025 0.071875
0 0.36953125 0.15 0.0234375 0.0671875
0 0.33203125 0.2484375 0.03125 0.0859375
0 0.303125 0.2375 0.025 0.0859375
0 0.253125 0.34453125 0.03125 0.1078125
0 0.175 0.40234375 0.0359375 0.109375
0 0.03828125 0.3296875 0.0375 0.10625
0 0.075 0.24609375 0.0265625 0.090625
0 0.09453125 0.2609375 0.0296875 0.1