0 0.89375 0.534375 0.046875 0.128125
0 0.92421875 0.3109375 0.0390625 0.1125
0 0.95078125 0.23359375 0.034375 0.1015625
0 0.86484375 0.1359375 0.028125 0.0765625
0 0.78828125 0.0859375 0.025 0.0703125
0 0.78515625 0.3234375 0.0375 0.109375
0 0.77109375 0.3890625 0.0390625 0.115625
0 0.7421875 0.29140625 0.034375 0.096875
0 0.73515625 0.21640625 0.0328125 0.0890625
0 0.72734375 0.20234375 0.0296875 0.0859375
0 0.5265625 0.15078125 0.0265625 0.0796875
0 0.5 0.3140625 0.0375 0.0984375
0 0.34296875 0.29296875 0.03125 0.0984375
0 0.13984375 0.54609375 0.053125 0.1359375
0 0.03203125 0.36796875 0.03125 0.1015625