0 0.89296875 0.28984375 0.04375 0.0953125
0 0.853125 0.259375 0.034375 0.090625
0 0.796875 0.24140625 0.034375 0.0890625
0 0.76796875 0.30234375 0.0390625 0.0984375
0 0.73359375 0.359375 0.04375 0.10625
0 0.6703125 0.47578125 0.05 0.1203125
0 0.61015625 0.4078125 0.0359375 0.10625
0 0.6125 0.36484375 0.0328125 0.096875
0 0.571875 0.27578125 0.0296875 0.0890625
0 0.5484375 0.2609375 0.028125 0.084375
0 0.6625 0.18828125 0.0265625 0.0734375
0 0.55234375 0.13125 0.01875 0.059375
0 0.39453125 0.384375 0.0328125 0.1
0 0.35859375 0.19140625 0.0203125 0.0703125
0 0.175 0.35 0.0328125 0.09375
0 0.228125 0.5765625 0.06875 0.1171875
0 0.75 0.659375 0.0515625 0.15