0 0.49765625 0.77109375 0.034375 0.159375
0 0.6765625 0.4890625 0.040625 0.13125
0 0.8953125 0.225 0.015625 0.0875
0 0.66640625 0.29765625 0.028125 0.09375
0 0.63515625 0.2 0.0125 0.084375
0 0.5671875 0.22109375 0.015625 0.08125
0 0.39140625 0.2296875 0.03125 0.0796875
0 0.37109375 0.2265625 0.0203125 0.0765625
0 0.34375 0.16171875 0.015625 0.0703125
0 0.3578125 0.20859375 0.01875 0.0796875
0 0.3171875 0.28828125 0.028125 0.09375
0 0.27265625 0.28046875 0.015625 0.084375
0 0.2296875 0.26484375 0.015625 0.09375
0 0.153125 0.25625 0.0171875 0.0890625
0 0.27265625 0.3734375 0.021875 0.1125
0 0.25 0.46171875 0.03125 0.1171875
0 0.0046875 0.36015625 0.009375 0.1046875