0 0.6609375 0.721875 0.040625 0.1578125
0 0.784375 0.43125 0.0375 0.128125
0 0.9578125 0.46640625 0.0328125 0.121875
0 0.840625 0.3734375 0.028125 0.1125
0 0.81171875 0.36796875 0.0328125 0.1078125
0 0.7671875 0.33671875 0.0296875 0.10625
0 0.7265625 0.3296875 0.03125 0.1
0 0.7828125 0.18203125 0.0234375 0.0828125
0 0.6484375 0.44765625 0.046875 0.1265625
0 0.58125 0.28984375 0.0328125 0.10625
0 0.55078125 0.43125 0.0359375 0.11875
0 0.475 0.36015625 0.046875 0.1046875
0 0.51640625 0.24296875 0.0296875 0.0875
0 0.459375 0.2328125 0.025 0.096875
0 0.3390625 0.1109375 0.0265625 0.0734375
0 0.3421875 0.215625 0.034375 0.0734375
0 0.19921875 0.1875 0.0359375 0.084375
0 0.03515625 0.4796875 0.0375 0.1328125
0 0.03046875 0.58046875 0.04375 0.1625