0 0.82265625 0.425 0.0296875 0.10625
0 0.71171875 0.21796875 0.0234375 0.0828125
0 0.49140625 0.45390625 0.0359375 0.115625
0 0.46875 0.29609375 0.034375 0.0984375
0 0.3828125 0.5125 0.05 0.1328125
0 0.375 0.45390625 0.0375 0.128125
0 0.33203125 0.41953125 0.0359375 0.1140625
0 0.375 0.3453125 0.0390625 0.109375
0 0.34765625 0.2421875 0.034375 0.084375
0 0.2171875 0.3453125 0.0375 0.1109375
0 0.1921875 0.27265625 0.0265625 0.09375
0 0.10625 0.30625 0.0359375 0.1
0 0.04375 0.32109375 0.03125 0.1078125
0 0.0453125 0.45859375 0.040625 0.128125