0 0.87421875 0.725 0.0625 0.1671875
0 0.92578125 0.353125 0.04375 0.121875
0 0.840625 0.38671875 0.0375 0.1328125
0 0.884375 0.26484375 0.0421875 0.1078125
0 0.83359375 0.259375 0.034375 0.10625
0 0.7625 0.20703125 0.046875 0.0921875
0 0.6875 0.20546875 0.0421875 0.09375
0 0.61953125 0.2171875 0.03125 0.0875
0 0.59609375 0.18046875 0.034375 0.08125
0 0.690625 0.43203125 0.04375 0.1359375
0 0.634375 0.37734375 0.04375 0.0953125
0 0.57578125 0.2859375 0.03125 0.1109375
0 0.57109375 0.39609375 0.05625 0.1078125
0 0.43125 0.09453125 0.0234375 0.0625
0 0.31953125 0.15546875 0.025 0.0890625
0 0.34609375 0.43359375 0.0375 0.1015625
0 0.36484375 0.4828125 0.0609375 0.0578125
0 0.2421875 0.515625 0.046875 0.14375
0 0.184375 0.36875 0.05 0.0546875
0 0.0390625 0.3765625 0.0375 0.125