0 0.99453125 0.40546875 0.0109375 0.1109375
0 0.91328125 0.328125 0.034375 0.0984375
0 0.8765625 0.328125 0.0453125 0.10625
0 0.8640625 0.39921875 0.03125 0.09375
0 0.84296875 0.53203125 0.0453125 0.1375
0 0.696875 0.44921875 0.0453125 0.1125
0 0.70546875 0.35859375 0.04375 0.1125
0 0.76171875 0.28125 0.034375 0.1015625
0 0.78203125 0.26484375 0.0375 0.090625
0 0.64765625 0.134375 0.025 0.078125
0 0.4984375 0.16484375 0.0296875 0.0875
0 0.47421875 0.3671875 0.0390625 0.1
0 0.453125 0.365625 0.0390625 0.1078125
0 0.3828125 0.47265625 0.0515625 0.134375
0 0.30234375 0.3421875 0.0390625 0.0515625
0 0.22890625 0.296875 0.0359375 0.1109375