0 0.6203125 0.8203125 0.0546875 0.1578125
0 0.7671875 0.54453125 0.046875 0.128125
0 0.9359375 0.59375 0.04375 0.121875
0 0.82890625 0.4921875 0.0375 0.1125
0 0.79921875 0.484375 0.040625 0.109375
0 0.7578125 0.45 0.0390625 0.10625
0 0.71875 0.4390625 0.040625 0.1015625
0 0.7875 0.2984375 0.0296875 0.0828125
0 0.63046875 0.5484375 0.05625 0.1265625
0 0.57890625 0.38671875 0.0421875 0.10625
0 0.5359375 0.52421875 0.0453125 0.11875
0 0.46796875 0.44765625 0.0546875 0.10625
0 0.51796875 0.33515625 0.0375 0.0875
0 0.4625 0.3203125 0.0328125 0.096875
0 0.35390625 0.18984375 0.03125 0.0734375
0 0.3484375 0.29296875 0.0390625 0.0734375
0 0.209375 0.253125 0.0421875 0.084375
0 0.02265625 0.52734375 0.0453125 0.1328125
0 0.01796875 0.6265625 0.0359375 0.1625