0 0.1390625 0.7703125 0.0609375 0.171875
0 0.284375 0.48046875 0.05 0.1234375
0 0.3484375 0.50234375 0.046875 0.1234375
0 0.1265625 0.4109375 0.04375 0.115625
0 0.16171875 0.35390625 0.034375 0.109375
0 0.15625 0.33046875 0.0296875 0.1015625
0 0.0828125 0.14921875 0.0265625 0.075
0 0.23125 0.24765625 0.0328125 0.0890625
0 0.27109375 0.2328125 0.0328125 0.0828125
0 0.315625 0.3234375 0.04375 0.1078125
0 0.41484375 0.24765625 0.040625 0.0765625
0 0.43671875 0.35546875 0.0359375 0.1015625
0 0.52578125 0.42734375 0.0390625 0.1015625
0 0.5921875 0.47578125 0.05625 0.1046875
0 0.55546875 0.1640625 0.0203125 0.065625
0 0.77421875 0.25546875 0.03125 0.08125
0 0.790625 0.50234375 0.0390625 0.13125
0 0.7234375 0.5796875 0.0640625 0.08125
0 0.83828125 0.66015625 0.0609375 0.1484375
0 0.92578125 0.446875 0.0328125 0.115625