0 0.00546875 0.4703125 0.0109375 0.109375
0 0.0140625 0.4578125 0.028125 0.109375
0 0.1046875 0.3828125 0.03125 0.096875
0 0.140625 0.3828125 0.0421875 0.1046875
0 0.15078125 0.45390625 0.028125 0.090625
0 0.16953125 0.584375 0.0421875 0.134375
0 0.31484375 0.50546875 0.0421875 0.1109375
0 0.30859375 0.415625 0.040625 0.1109375
0 0.25390625 0.3390625 0.0328125 0.1
0 0.234375 0.321875 0.0359375 0.090625
0 0.36875 0.19609375 0.0234375 0.0765625
0 0.51484375 0.22890625 0.0265625 0.0859375
0 0.53515625 0.428125 0.0375 0.0984375
0 0.55625 0.4265625 0.0375 0.10625
0 0.6234375 0.53359375 0.05 0.1328125
0 0.7046875 0.40703125 0.0375 0.05
0 0.77734375 0.36328125 0.0328125 0.109375