0 0.79609375 0.4296875 0.0359375 0.1078125
0 0.7671875 0.47421875 0.0265625 0.125
0 0.73515625 0.47734375 0.0375 0.1203125
0 0.7125 0.45234375 0.028125 0.1265625
0 0.6984375 0.40390625 0.0296875 0.11875
0 0.66171875 0.446875 0.0359375 0.10625
0 0.546875 0.41015625 0.028125 0.103125
0 0.525 0.51640625 0.04375 0.1203125
0 0.47421875 0.62734375 0.0375 0.15
0 0.39296875 0.62265625 0.0375 0.153125
0 0.3359375 0.69765625 0.0375 0.175
0 0.415625 0.45546875 0.028125 0.1234375
0 0.44140625 0.496875 0.034375 0.1171875
0 0.4609375 0.4515625 0.0234375 0.096875
0 0.47109375 0.4890625 0.05 0.10625
0 0.4390625 0.3265625 0.025 0.0953125
0 0.034375 0.56015625 0.0234375 0.1296875
0 0.01953125 0.26171875 0.0203125 0.084375
0 0.02109375 0.240625 0.0171875 0.0953125