0 0.75859375 0.42890625 0.01875 0.103125
0 0.79140625 0.45234375 0.0234375 0.11875
0 0.68203125 0.465625 0.021875 0.1125
0 0.66015625 0.46015625 0.028125 0.1078125
0 0.66640625 0.4453125 0.0171875 0.109375
0 0.6015625 0.56484375 0.0203125 0.1296875
0 0.58046875 0.58828125 0.028125 0.1265625
0 0.571875 0.55390625 0.021875 0.1265625
0 0.54453125 0.56015625 0.0234375 0.128125
0 0.5265625 0.590625 0.01875 0.134375
0 0.521875 0.51953125 0.0265625 0.10625
0 0.515625 0.59375 0.01875 0.1390625
0 0.48984375 0.525 0.0265625 0.1203125
0 0.496875 0.65703125 0.028125 0.1453125
0 0.4703125 0.59921875 0.025 0.1296875
0 0.42734375 0.61953125 0.0328125 0.140625
0 0.20078125 0.265625 0.015625 0.0765625
0 0.1109375 0.5671875 0.021875 0.1265625
0 0.24765625 0.5390625 0.025 0.115625
0 0.57421875 0.36171875 0.0171875 0.0890625