0 0.5703125 0.4515625 0.0234375 0.1234375
0 0.5671875 0.446875 0.04375 0.1203125
0 0.52890625 0.40703125 0.0328125 0.1109375
0 0.50390625 0.38828125 0.028125 0.128125
0 0.47109375 0.440625 0.0296875 0.1046875
0 0.44765625 0.4171875 0.03125 0.1109375
0 0.3609375 0.371875 0.025 0.1125
0 0.37421875 0.6140625 0.0765625 0.1328125
0 0.33515625 0.7375 0.0765625 0.14375
0 0.28828125 0.61328125 0.04375 0.140625
0 0.26640625 0.47734375 0.0328125 0.121875
0 0.22890625 0.321875 0.0234375 0.0984375
0 0.17421875 0.46953125 0.028125 0.121875
0 0.171875 0.44375 0.0296875 0.115625
0 0.1515625 0.43515625 0.028125 0.1125
0 0.0890625 0.4625 0.040625 0.0890625