0 0.2078125 0.58125 0.278125 0.8375
0 0.0296875 0.4328125 0.0296875 0.14375
0 0.08203125 0.45390625 0.05 0.2203125
0 0.340625 0.4859375 0.05625 0.2359375
0 0.39140625 0.4265625 0.0328125 0.10625
0 0.4484375 0.4828125 0.0515625 0.2546875
0 0.47890625 0.43984375 0.0203125 0.125
0 0.64609375 0.4328125 0.01875 0.071875
0 0.71328125 0.428125 0.0125 0.05625
0 0.75859375 0.4375 0.015625 0.0828125
0 0.809375 0.46875 0.0296875 0.1671875
0 0.86953125 0.43515625 0.0140625 0.0671875
0 0.84453125 0.428125 0.009375 0.04375
0 0.89765625 0.4796875 0.0421875 0.1609375
0 0.94140625 0.44296875 0.025 0.075