0 0.5390625 0.6953125 0.0890625 0.2203125
0 0.40859375 0.58046875 0.0375 0.14375
0 0.35078125 0.5109375 0.0390625 0.125
0 0.46328125 0.4875 0.0265625 0.121875
0 0.56875 0.5296875 0.0359375 0.1375
0 0.64609375 0.59453125 0.0484375 0.1484375
0 0.678125 0.54921875 0.034375 0.134375
0 0.81484375 0.48046875 0.0234375 0.084375
0 0.775 0.39609375 0.0140625 0.053125
0 0.65234375 0.50625 0.0375 0.11875
0 0.67578125 0.4875 0.0328125 0.0984375
0 0.6796875 0.44609375 0.01875 0.071875
0 0.6078125 0.45390625 0.0296875 0.0921875
0 0.58671875 0.4484375 0.021875 0.0796875
0 0.54296875 0.4390625 0.021875 0.0796875
0 0.55 0.33984375 0.0078125 0.028125
0 0.53046875 0.35625 0.0140625 0.0453125
0 0.434375 0.3796875 0.0140625 0.053125
0 0.40390625 0.3953125 0.0234375 0.0640625
0 0.11796875 0.39765625 0.01875 0.0671875