0 0.51015625 0.69609375 0.1046875 0.221875
0 0.39140625 0.571875 0.05 0.1421875
0 0.34140625 0.4984375 0.0484375 0.1234375
0 0.45390625 0.4859375 0.0359375 0.1203125
0 0.55390625 0.5359375 0.046875 0.1375
0 0.62421875 0.60625 0.0609375 0.1484375
0 0.659375 0.56484375 0.0453125 0.134375
0 0.7984375 0.509375 0.0296875 0.084375
0 0.7671875 0.42265625 0.01875 0.053125
0 0.6375 0.51953125 0.0453125 0.1171875
0 0.66171875 0.503125 0.040625 0.096875
0 0.6703125 0.46328125 0.025 0.0703125
0 0.5984375 0.46484375 0.0375 0.0921875
0 0.57890625 0.45703125 0.0296875 0.0796875
0 0.5359375 0.44453125 0.028125 0.078125
0 0.5515625 0.34765625 0.0109375 0.028125
0 0.53046875 0.3625 0.015625 0.0453125
0 0.43515625 0.37734375 0.01875 0.053125
0 0.403125 0.390625 0.028125 0.0640625
0 0.12265625 0.3671875 0.0234375 0.0671875