0 0.915625 0.5734375 0.0421875 0.109375
0 0.7484375 0.50546875 0.040625 0.10625
0 0.7125 0.60625 0.0421875 0.1171875
0 0.6796875 0.59609375 0.0609375 0.1265625
0 0.62265625 0.4328125 0.0390625 0.1078125
0 0.56015625 0.55234375 0.0453125 0.1328125
0 0.5359375 0.53359375 0.0390625 0.109375
0 0.41953125 0.353125 0.03125 0.1046875
0 0.39921875 0.19375 0.028125 0.0890625
0 0.25859375 0.11171875 0.01875 0.0703125
0 0.21328125 0.28125 0.034375 0.096875
0 0.0390625 0.29453125 0.034375 0.1078125
0 0.10546875 0.409375 0.0390625 0.11875
0 0.2046875 0.4640625 0.0421875 0.1265625
0 0.1921875 0.60625 0.0390625 0.146875
0 0.175 0.76953125 0.0671875 0.1671875
0 0.02265625 0.6515625 0.0453125 0.16875