0 0.1328125 0.5640625 0.034375 0.1265625
0 0.15546875 0.52578125 0.0515625 0.1109375
0 0.3640625 0.5609375 0.034375 0.1296875
0 0.4265625 0.44453125 0.03125 0.1296875
0 0.46953125 0.4234375 0.0390625 0.1234375
0 0.4671875 0.54453125 0.040625 0.1359375
0 0.54296875 0.49453125 0.046875 0.1140625
0 0.67734375 0.353125 0.034375 0.1109375
0 0.69375 0.20234375 0.0265625 0.0828125
0 0.85390625 0.46484375 0.0375 0.125
0 0.78671875 0.6390625 0.04375 0.14375
0 0.7578125 0.72734375 0.0515625 0.15
0 0.9453125 0.64609375 0.0484375 0.1984375
0 0.9859375 0.42734375 0.028125 0.121875