0 0.73203125 0.6734375 0.05625 0.1390625
0 0.65625 0.63828125 0.046875 0.1484375
0 0.76875 0.3421875 0.03125 0.10625
0 0.69140625 0.39921875 0.028125 0.1078125
0 0.6625 0.440625 0.040625 0.1234375
0 0.63984375 0.43203125 0.0375 0.0921875
0 0.63828125 0.3890625 0.03125 0.10625
0 0.60859375 0.378125 0.028125 0.10625
0 0.51640625 0.21171875 0.0234375 0.078125
0 0.47890625 0.3375 0.0328125 0.1015625
0 0.4296875 0.30859375 0.028125 0.103125
0 0.43671875 0.39140625 0.04375 0.103125
0 0.39140625 0.4140625 0.0484375 0.115625
0 0.3859375 0.30703125 0.028125 0.103125
0 0.30390625 0.30078125 0.0484375 0.09375
0 0.309375 0.26875 0.0359375 0.0765625
0 0.2765625 0.24609375 0.040625 0.0796875
0 0.26171875 0.2953125 0.0375 0.0953125
0 0.15546875 0.12265625 0.025 0.06875
0 0.259375 0.5109375 0.04375 0.1421875