0 0.2328125 0.45 0.0453125 0.1015625
0 0.26796875 0.4015625 0.0421875 0.0921875
0 0.26875 0.4953125 0.028125 0.0953125
0 0.30390625 0.4921875 0.0375 0.078125
0 0.32578125 0.53046875 0.028125 0.11875
0 0.34453125 0.46796875 0.034375 0.10625
0 0.62734375 0.3328125 0.021875 0.1
0 0.684375 0.50703125 0.0265625 0.125
0 0.73515625 0.5671875 0.0328125 0.1359375
0 0.7625 0.41484375 0.0234375 0.1171875
0 0.7484375 0.2921875 0.01875 0.0859375
0 0.78984375 0.27109375 0.0234375 0.090625
0 0.75546875 0.18515625 0.0203125 0.0890625
0 0.8734375 0.25234375 0.0171875 0.0890625
0 0.9171875 0.359375 0.028125 0.1078125
0 0.92734375 0.12265625 0.015625 0.0671875