0 0.7609375 0.18203125 0.021875 0.071875
0 0.94609375 0.41953125 0.0359375 0.1109375
0 0.87421875 0.39921875 0.0375 0.1
0 0.84453125 0.42421875 0.034375 0.1046875
0 0.8734375 0.46875 0.0375 0.1171875
0 0.81015625 0.375 0.03125 0.1
0 0.7890625 0.38515625 0.0328125 0.096875
0 0.73203125 0.47109375 0.0375 0.115625
0 0.6953125 0.546875 0.040625 0.134375
0 0.596875 0.31875 0.0265625 0.0890625
0 0.540625 0.50390625 0.0296875 0.10625
0 0.44375 0.44375 0.0296875 0.10625
0 0.4265625 0.371875 0.0296875 0.0921875
0 0.40234375 0.30625 0.028125 0.075
0 0.33515625 0.19140625 0.015625 0.0609375
0 0.19296875 0.33203125 0.03125 0.08125
0 0.27265625 0.378125 0.0296875 0.0890625
0 0.0421875 0.62421875 0.0390625 0.128125