0 0.86640625 0.24765625 0.0265625 0.0734375
0 0.9828125 0.53046875 0.034375 0.1140625
0 0.92109375 0.49140625 0.04375 0.103125
0 0.88515625 0.50859375 0.040625 0.1078125
0 0.9015625 0.559375 0.0453125 0.1203125
0 0.86484375 0.45 0.0375 0.1015625
0 0.840625 0.45546875 0.0390625 0.0984375
0 0.7609375 0.525 0.04375 0.11875
0 0.7046875 0.58984375 0.0484375 0.1375
0 0.66875 0.33828125 0.0328125 0.090625
0 0.56484375 0.50703125 0.0359375 0.109375
0 0.484375 0.421875 0.0375 0.109375
0 0.48671875 0.346875 0.0359375 0.09375
0 0.48046875 0.275 0.0328125 0.078125
0 0.44375 0.14453125 0.01875 0.0609375
0 0.2671875 0.2453125 0.0359375 0.0828125
0 0.3328125 0.31171875 0.0359375 0.090625
0 0.04140625 0.49375 0.0453125 0.13125