0 0.82734375 0.475 0.053125 0.10625
0 0.78671875 0.43125 0.0484375 0.096875
0 0.7953125 0.525 0.034375 0.096875
0 0.76015625 0.52578125 0.04375 0.08125
0 0.7421875 0.56640625 0.0375 0.121875
0 0.71640625 0.50625 0.0421875 0.1109375
0 0.4171875 0.4 0.0296875 0.103125
0 0.378125 0.58046875 0.0359375 0.128125
0 0.334375 0.64609375 0.0421875 0.1390625
0 0.28984375 0.49609375 0.0328125 0.11875
0 0.29140625 0.371875 0.025 0.0875
0 0.24765625 0.3546875 0.0296875 0.0921875
0 0.2734375 0.2640625 0.028125 0.0921875
0 0.16171875 0.34453125 0.0234375 0.090625
0 0.12890625 0.45703125 0.0375 0.1109375
0 0.09375 0.21953125 0.021875 0.06875