0 0.96875 0.83125 0.0296875 0.153125
0 0.83984375 0.71015625 0.046875 0.15625
0 0.77734375 0.515625 0.0484375 0.1078125
0 0.74140625 0.51484375 0.0421875 0.121875
0 0.76328125 0.45703125 0.03125 0.1109375
0 0.8265625 0.471875 0.0296875 0.1109375
0 0.88515625 0.3671875 0.025 0.1046875
0 0.628125 0.2453125 0.0234375 0.0734375
0 0.61171875 0.36953125 0.025 0.0921875
0 0.6234375 0.40546875 0.028125 0.109375
0 0.6171875 0.50546875 0.0296875 0.125
0 0.53671875 0.496875 0.0328125 0.11875
0 0.5234375 0.40234375 0.0296875 0.096875
0 0.35703125 0.33046875 0.0296875 0.0859375
0 0.31171875 0.31328125 0.0328125 0.078125
0 0.33984375 0.4078125 0.0296875 0.1125
0 0.2453125 0.3 0.021875 0.090625
0 0.2375 0.35 0.034375 0.10625
0 0.23671875 0.16875 0.015625 0.078125
0 0.43046875 0.60859375 0.040625 0.1484375