0 0.09921875 0.61484375 0.0265625 0.1234375
0 0.29140625 0.53046875 0.025 0.1125
0 0.32265625 0.5609375 0.0421875 0.0578125
0 0.37109375 0.42421875 0.021875 0.0984375
0 0.45390625 0.41796875 0.03125 0.096875
0 0.46328125 0.525 0.0359375 0.1140625
0 0.50390625 0.55703125 0.0265625 0.1203125
0 0.496875 0.50625 0.034375 0.1015625
0 0.50234375 0.38515625 0.0203125 0.0953125
0 0.49453125 0.36640625 0.0203125 0.09375
0 0.4484375 0.26015625 0.0265625 0.0890625
0 0.5984375 0.43046875 0.0296875 0.0984375
0 0.65078125 0.32109375 0.034375 0.0828125
0 0.6578125 0.50859375 0.0390625 0.109375
0 0.759375 0.50390625 0.025 0.103125
0 0.8578125 0.359375 0.0296875 0.0921875
0 0.775 0.30859375 0.025 0.078125
0 0.6078125 0.19296875 0.0125 0.0625