0 0.2125 0.63125 0.05625 0.1328125
0 0.290625 0.61796875 0.046875 0.140625
0 0.259375 0.31796875 0.03125 0.1015625
0 0.3171875 0.3890625 0.028125 0.103125
0 0.334375 0.434375 0.040625 0.11875
0 0.35703125 0.43203125 0.0375 0.0875
0 0.36953125 0.39296875 0.03125 0.1015625
0 0.39921875 0.390625 0.028125 0.1015625
0 0.52578125 0.26015625 0.0234375 0.075
0 0.52890625 0.38515625 0.0328125 0.096875
0 0.58125 0.3703125 0.0296875 0.0984375
0 0.55390625 0.4453125 0.0421875 0.1
0 0.590625 0.47734375 0.046875 0.1109375
0 0.621875 0.3796875 0.0296875 0.0984375
0 0.69921875 0.39375 0.0484375 0.090625
0 0.703125 0.3625 0.0359375 0.071875
0 0.73984375 0.35078125 0.040625 0.075
0 0.740625 0.4 0.0375 0.090625
0 0.88125 0.26640625 0.025 0.065625
0 0.6890625 0.5984375 0.04375 0.1359375