0 0.98203125 0.7359375 0.0359375 0.146875
0 0.84140625 0.6453125 0.0484375 0.15
0 0.75078125 0.47421875 0.05 0.103125
0 0.71796875 0.4796875 0.0453125 0.1171875
0 0.72734375 0.42265625 0.0328125 0.10625
0 0.7890625 0.42578125 0.03125 0.10625
0 0.82734375 0.31796875 0.0265625 0.0984375
0 0.5671875 0.24609375 0.025 0.0703125
0 0.57109375 0.36484375 0.0265625 0.0875
0 0.58828125 0.396875 0.0296875 0.1046875
0 0.59921875 0.4921875 0.0328125 0.11875
0 0.52265625 0.496875 0.034375 0.1140625
0 0.49375 0.4109375 0.03125 0.0921875
0 0.32578125 0.3703125 0.0296875 0.0828125
0 0.28125 0.36171875 0.034375 0.075
0 0.3234375 0.44609375 0.03125 0.1078125
0 0.21640625 0.3609375 0.025 0.0859375
0 0.2171875 0.40859375 0.0375 0.1015625
0 0.18671875 0.240625 0.0171875 0.0734375
0 0.440625 0.61875 0.0421875 0.140625