0 0.06015625 0.25234375 0.04375 0.0921875
0 0.23671875 0.1984375 0.0203125 0.0703125
0 0.025 0.446875 0.05 0.1125
0 0.15 0.40078125 0.0296875 0.1046875
0 0.17265625 0.4171875 0.034375 0.1
0 0.1703125 0.384375 0.0328125 0.0984375
0 0.146875 0.50546875 0.04375 0.128125
0 0.17734375 0.5734375 0.053125 0.14375
0 0.209375 0.5421875 0.0359375 0.115625
0 0.29140625 0.515625 0.040625 0.121875
0 0.39296875 0.3671875 0.0484375 0.09375
0 0.42578125 0.4578125 0.0453125 0.1015625
0 0.47421875 0.3421875 0.0328125 0.0828125
0 0.45703125 0.53046875 0.04375 0.1234375
0 0.5234375 0.5578125 0.0453125 0.0921875
0 0.6203125 0.42421875 0.0375 0.103125
0 0.725 0.2125 0.01875 0.0625
0 0.853125 0.41328125 0.0296875 0.0921875