0 0.1203125 0.62421875 0.0328125 0.1234375
0 0.30546875 0.53125 0.0296875 0.1125
0 0.33828125 0.56015625 0.0453125 0.059375
0 0.3796875 0.42265625 0.0265625 0.0984375
0 0.46015625 0.41171875 0.0359375 0.0984375
0 0.475 0.5171875 0.040625 0.1140625
0 0.5171875 0.546875 0.0328125 0.1203125
0 0.5078125 0.49609375 0.0390625 0.1015625
0 0.50703125 0.3765625 0.025 0.0953125
0 0.49765625 0.359375 0.025 0.09375
0 0.44609375 0.25625 0.03125 0.0890625
0 0.60390625 0.41640625 0.034375 0.0984375
0 0.64921875 0.30546875 0.0375 0.084375
0 0.66640625 0.490625 0.04375 0.109375
0 0.76640625 0.48125 0.03125 0.103125
0 0.85625 0.33359375 0.034375 0.0921875
0 0.77109375 0.28671875 0.028125 0.078125
0 0.60078125 0.18203125 0.015625 0.0625