0 0.78046875 0.46640625 0.028125 0.115625
0 0.71640625 0.50390625 0.040625 0.109375
0 0.68671875 0.425 0.025 0.1125
0 0.67265625 0.553125 0.03125 0.1375
0 0.771875 0.3890625 0.0234375 0.1203125
0 0.6515625 0.43671875 0.028125 0.1171875
0 0.6265625 0.390625 0.025 0.1015625
0 0.58359375 0.38359375 0.028125 0.1046875
0 0.58671875 0.59375 0.040625 0.1296875
0 0.55625 0.34921875 0.0265625 0.0890625
0 0.51953125 0.27890625 0.015625 0.0796875
0 0.45859375 0.39921875 0.0328125 0.1109375
0 0.43984375 0.3640625 0.0265625 0.103125
0 0.39921875 0.478125 0.0296875 0.1234375
0 0.41328125 0.29453125 0.0296875 0.0859375
0 0.396875 0.27421875 0.0203125 0.0890625
0 0.246875 0.38046875 0.0328125 0.09375
0 0.19453125 0.434375 0.028125 0.1078125
0 0.1453125 0.36484375 0.0296875 0.1015625
0 0.0953125 0.315625 0.0234375 0.09375
0 0.18828125 0.20859375 0.0171875 0.075
0 0.05078125 0.46796875 0.0328125 0.134375