0 0.775 0.45 0.0328125 0.1078125
0 0.7125 0.48046875 0.0453125 0.103125
0 0.69140625 0.40625 0.03125 0.1046875
0 0.66953125 0.5234375 0.0375 0.128125
0 0.77109375 0.378125 0.028125 0.1125
0 0.6578125 0.4140625 0.034375 0.109375
0 0.63671875 0.36953125 0.0296875 0.0953125
0 0.5984375 0.3609375 0.0328125 0.0984375
0 0.5875 0.5546875 0.0453125 0.121875
0 0.575 0.328125 0.0296875 0.084375
0 0.5453125 0.26015625 0.01875 0.075
0 0.48203125 0.36796875 0.0375 0.103125
0 0.4671875 0.33359375 0.03125 0.096875
0 0.421875 0.43671875 0.034375 0.115625
0 0.446875 0.26796875 0.0328125 0.0796875
0 0.4328125 0.2484375 0.0234375 0.0828125
0 0.2875 0.3359375 0.0359375 0.0875
0 0.2359375 0.3828125 0.0328125 0.1015625
0 0.19375 0.31640625 0.034375 0.0953125
0 0.15234375 0.26640625 0.028125 0.0875
0 0.24453125 0.17421875 0.0203125 0.0703125
0 0.10078125 0.4046875 0.0390625 0.125