0 0.109375 0.59765625 0.05 0.1375
0 0.1125 0.265625 0.0234375 0.071875
0 0.375 0.28359375 0.025 0.0625
0 0.39296875 0.29296875 0.03125 0.0625
0 0.42890625 0.26640625 0.0265625 0.0796875
0 0.37265625 0.35859375 0.0421875 0.09375
0 0.3578125 0.48046875 0.04375 0.1171875
0 0.3078125 0.4671875 0.0453125 0.115625
0 0.4609375 0.3171875 0.0296875 0.0703125
0 0.46796875 0.346875 0.0375 0.09375
0 0.484375 0.3671875 0.0421875 0.096875
0 0.553125 0.3453125 0.0359375 0.0875
0 0.55546875 0.4328125 0.0390625 0.0875
0 0.61953125 0.35625 0.0375 0.1
0 0.67734375 0.3265625 0.0328125 0.10625
0 0.71484375 0.3859375 0.0375 0.1078125
0 0.7265625 0.421875 0.0484375 0.11875
0 0.65859375 0.57578125 0.0515625 0.13125
0 0.58671875 0.60234375 0.0484375 0.15
0 0.57109375 0.3734375 0.0359375 0.1015625