0 0.16484375 0.48671875 0.0453125 0.1546875
0 0.1953125 0.2890625 0.028125 0.1015625
0 0.42421875 0.15234375 0.0296875 0.08125
0 0.33125 0.2578125 0.034375 0.1015625
0 0.3625 0.28203125 0.028125 0.1
0 0.340625 0.3875 0.03125 0.11875
0 0.37421875 0.41796875 0.0375 0.121875
0 0.3421875 0.4390625 0.05 0.125
0 0.35390625 0.50859375 0.0453125 0.1421875
0 0.40546875 0.50546875 0.040625 0.134375
0 0.34609375 0.584375 0.05625 0.1421875
0 0.4421875 0.6046875 0.0796875 0.140625
0 0.49140625 0.3578125 0.0375 0.121875
0 0.54453125 0.42109375 0.0390625 0.13125
0 0.70859375 0.30703125 0.040625 0.1015625
0 0.72421875 0.23828125 0.0375 0.096875
0 0.73046875 0.3015625 0.05625 0.1
0 0.7734375 0.471875 0.046875 0.1484375
0 0.88984375 0.36640625 0.0390625 0.1234375
0 0.6359375 0.6375 0.053125 0.1640625
0 0.8296875 0.6546875 0.0640625 0.1609375