0 0.72578125 0.4171875 0.046875 0.128125
0 0.646875 0.24453125 0.021875 0.096875
0 0.4515625 0.1625 0.025 0.075
0 0.5453125 0.25390625 0.0296875 0.084375
0 0.5625 0.28359375 0.040625 0.078125
0 0.58359375 0.32265625 0.0375 0.0953125
0 0.59921875 0.4 0.0328125 0.0984375
0 0.5828125 0.44765625 0.0390625 0.121875
0 0.56875 0.43046875 0.040625 0.1203125
0 0.64609375 0.52734375 0.0484375 0.1375
0 0.53203125 0.44921875 0.046875 0.1203125
0 0.540625 0.58828125 0.05 0.153125
0 0.45703125 0.40234375 0.04375 0.109375
0 0.45546875 0.365625 0.04375 0.1046875
0 0.31484375 0.45859375 0.0328125 0.1109375
0 0.27265625 0.69921875 0.0421875 0.15625
0 0.20078125 0.7421875 0.05625 0.1546875
0 0.16015625 0.53515625 0.0421875 0.140625
0 0.128125 0.4515625 0.034375 0.11875
0 0.13828125 0.29140625 0.0265625 0.0984375