0 0.284375 0.48203125 0.03125 0.1265625
0 0.35625 0.54765625 0.028125 0.125
0 0.3375 0.3078125 0.01875 0.084375
0 0.5234375 0.20234375 0.0140625 0.0765625
0 0.40234375 0.31796875 0.0296875 0.0796875
0 0.41171875 0.30859375 0.0265625 0.075
0 0.4265625 0.3796875 0.0296875 0.0875
0 0.40625 0.43984375 0.0234375 0.103125
0 0.39375 0.49765625 0.0359375 0.115625
0 0.459375 0.61484375 0.040625 0.14375
0 0.46484375 0.48984375 0.0234375 0.1171875
0 0.4875 0.44765625 0.0234375 0.1125
0 0.4734375 0.41875 0.0265625 0.103125
0 0.54609375 0.39453125 0.028125 0.1015625
0 0.58359375 0.54375 0.0296875 0.10625
0 0.83125 0.4953125 0.025 0.1125
0 0.8359375 0.5328125 0.0234375 0.1359375
0 0.82734375 0.78203125 0.0390625 0.153125
0 0.92109375 0.77734375 0.0390625 0.1703125
0 0.8875 0.30078125 0.0171875 0.09375