0 0.9203125 0.4734375 0.0359375 0.165625
0 0.871875 0.44296875 0.015625 0.078125
0 0.815625 0.4546875 0.034375 0.165625
0 0.71875 0.44609375 0.04375 0.178125
0 0.5734375 0.44375 0.025 0.165625
0 0.57734375 0.440625 0.03125 0.1625
0 0.559375 0.4359375 0.01875 0.140625
0 0.51953125 0.4390625 0.021875 0.159375
0 0.4828125 0.42578125 0.0265625 0.140625
0 0.490625 0.425 0.0171875 0.125
0 0.44453125 0.421875 0.025 0.11875
0 0.41875 0.42890625 0.0390625 0.159375
0 0.3546875 0.41953125 0.021875 0.125
0 0.28046875 0.43515625 0.034375 0.18125