0 0.8171875 0.459375 0.028125 0.14375
0 0.76171875 0.2796875 0.0171875 0.09375
0 0.53125 0.18125 0.0203125 0.075
0 0.63203125 0.26796875 0.021875 0.0953125
0 0.60546875 0.2953125 0.0171875 0.09375
0 0.640625 0.38984375 0.01875 0.1109375
0 0.6125 0.421875 0.025 0.1140625
0 0.6453125 0.43828125 0.034375 0.115625
0 0.64296875 0.5046875 0.028125 0.13125
0 0.59453125 0.5078125 0.025 0.125
0 0.6609375 0.5734375 0.0390625 0.13125
0 0.5734375 0.60546875 0.0625 0.1265625
0 0.4953125 0.38203125 0.0234375 0.1140625
0 0.45390625 0.44765625 0.025 0.121875
0 0.28671875 0.36328125 0.028125 0.09375
0 0.26328125 0.3015625 0.025 0.0890625
0 0.265625 0.3609375 0.04375 0.090625
0 0.24765625 0.525 0.0296875 0.1375
0 0.12578125 0.44140625 0.025 0.115625
0 0.39765625 0.66171875 0.034375 0.1515625
0 0.21875 0.70234375 0.04375 0.1484375