0 0.0890625 0.39765625 0.0578125 0.159375
0 0.1390625 0.37734375 0.0265625 0.075
0 0.1890625 0.39609375 0.05625 0.159375
0 0.2796875 0.4015625 0.0671875 0.171875
0 0.41484375 0.421875 0.0484375 0.1578125
0 0.4125 0.41875 0.053125 0.15625
0 0.4296875 0.41640625 0.0390625 0.1328125
0 0.46640625 0.42578125 0.04375 0.1515625
0 0.5015625 0.41796875 0.0453125 0.134375
0 0.4953125 0.4171875 0.034375 0.11875
0 0.53828125 0.41953125 0.0390625 0.1125
0 0.56171875 0.43046875 0.059375 0.153125
0 0.621875 0.43125 0.0375 0.1203125
0 0.68984375 0.45625 0.0578125 0.1734375