0 0.41640625 0.86328125 0.0484375 0.140625
0 0.24765625 0.78515625 0.0375 0.1265625
0 0.2015625 0.75078125 0.0375 0.1046875
0 0.20546875 0.625 0.03125 0.1
0 0.33046875 0.553125 0.03125 0.096875
0 0.3609375 0.484375 0.028125 0.084375
0 0.3109375 0.471875 0.0234375 0.0875
0 0.49453125 0.41015625 0.0265625 0.0765625
0 0.50078125 0.58671875 0.034375 0.1015625
0 0.58046875 0.45234375 0.0265625 0.0796875
0 0.4875 0.69765625 0.0421875 0.1171875
0 0.5921875 0.56875 0.0359375 0.0921875
0 0.609375 0.54765625 0.0359375 0.0953125
0 0.70859375 0.41875 0.0390625 0.0734375
0 0.975 0.31875 0.0234375 0.071875