0 0.9375 0.52890625 0.034375 0.084375
0 0.86328125 0.840625 0.059375 0.14375
0 0.7640625 0.43125 0.040625 0.084375
0 0.609375 0.75234375 0.053125 0.11875
0 0.51015625 0.80625 0.05 0.1359375
0 0.58125 0.57421875 0.046875 0.1
0 0.43984375 0.5171875 0.0359375 0.09375
0 0.4078125 0.459375 0.0375 0.0859375
0 0.3265625 0.43671875 0.028125 0.09375
0 0.28125 0.7328125 0.0671875 0.134375
0 0.2109375 0.59453125 0.046875 0.1203125
0 0.23359375 0.91796875 0.0421875 0.1015625
0 0.178125 0.46640625 0.0421875 0.0921875
0 0.203125 0.4015625 0.03125 0.0859375
0 0.02109375 0.4328125 0.0421875 0.103125