0 0.3484375 0.86953125 0.0421875 0.1421875
0 0.18984375 0.7640625 0.03125 0.1296875
0 0.14921875 0.721875 0.034375 0.10625
0 0.171875 0.5953125 0.0265625 0.1015625
0 0.31015625 0.54296875 0.0265625 0.0984375
0 0.35234375 0.478125 0.025 0.0859375
0 0.30390625 0.4578125 0.0203125 0.0875
0 0.49921875 0.42421875 0.0234375 0.078125
0 0.47734375 0.60390625 0.0296875 0.103125
0 0.5796875 0.48046875 0.0234375 0.0828125
0 0.446875 0.7140625 0.0375 0.11875
0 0.57265625 0.60078125 0.0328125 0.09375
0 0.59453125 0.58203125 0.0328125 0.096875
0 0.7140625 0.4671875 0.0359375 0.075
0 0.99453125 0.40859375 0.0109375 0.0734375
0 0.9890625 0.684375 0.009375 0.096875