0 0.03046875 0.61875 0.0453125 0.103125
0 0.121875 0.4875 0.025 0.078125
0 0.14140625 0.79375 0.0421875 0.1359375
0 0.303125 0.42421875 0.0328125 0.078125
0 0.3953125 0.75234375 0.0390625 0.1109375
0 0.48125 0.81953125 0.034375 0.128125
0 0.45234375 0.5890625 0.0359375 0.09375
0 0.59453125 0.5578125 0.025 0.0890625
0 0.63515625 0.509375 0.028125 0.08125
0 0.715625 0.50234375 0.0171875 0.0890625
0 0.709375 0.7890625 0.0515625 0.125
0 0.79921875 0.66953125 0.0328125 0.1125
0 0.72265625 0.9609375 0.0296875 0.078125
0 0.8515625 0.5546875 0.0328125 0.0859375
0 0.8390625 0.48828125 0.021875 0.08125
0 0.9953125 0.54921875 0.009375 0.096875