0 0.52578125 0.54921875 0.021875 0.08125
0 0.4515625 0.5953125 0.0359375 0.0828125
0 0.42734375 0.5875 0.040625 0.0859375
0 0.41171875 0.5546875 0.0296875 0.078125
0 0.42734375 0.5265625 0.034375 0.0671875
0 0.3703125 0.678125 0.034375 0.10625
0 0.3234375 0.6171875 0.025 0.0984375
0 0.321875 0.5421875 0.0453125 0.075
0 0.3296875 0.44453125 0.025 0.0625
0 0.30234375 0.52421875 0.0265625 0.0796875
0 0.2796875 0.534375 0.0390625 0.075
0 0.290625 0.50703125 0.0171875 0.0625
0 0.1734375 0.50859375 0.021875 0.084375
0 0.15234375 0.47578125 0.028125 0.075
0 0.13515625 0.50234375 0.028125 0.0734375
0 0.13046875 0.46484375 0.03125 0.06875
0 0.04609375 0.31640625 0.01875 0.05625
0 0.07421875 0.709375 0.0328125 0.10625