0 0.9578125 0.84921875 0.0390625 0.16875
0 0.78359375 0.4765625 0.0265625 0.115625
0 0.67421875 0.22109375 0.0203125 0.0796875
0 0.6046875 0.1171875 0.015625 0.0453125
0 0.46875 0.26875 0.0234375 0.0828125
0 0.521875 0.43046875 0.03125 0.1046875
0 0.4171875 0.66015625 0.046875 0.121875
0 0.32890625 0.41171875 0.0234375 0.1015625
0 0.2796875 0.28515625 0.0234375 0.0828125
0 0.23671875 0.3359375 0.021875 0.096875
0 0.184375 0.1578125 0.0140625 0.05625
0 0.23671875 0.59140625 0.0546875 0.146875
0 0.24609375 0.87109375 0.05 0.165625
0 0.09453125 0.44375 0.0484375 0.1109375
0 0.046875 0.3859375 0.028125 0.109375