0 0.95078125 0.78359375 0.040625 0.1609375
0 0.77890625 0.4328125 0.0265625 0.109375
0 0.67109375 0.1921875 0.0203125 0.075
0 0.60390625 0.0953125 0.0140625 0.04375
0 0.47734375 0.24140625 0.0234375 0.0796875
0 0.5296875 0.39375 0.0296875 0.1
0 0.434375 0.61328125 0.046875 0.115625
0 0.346875 0.3796875 0.0234375 0.096875
0 0.296875 0.26015625 0.0234375 0.0796875
0 0.25703125 0.30859375 0.021875 0.090625
0 0.20546875 0.14140625 0.0140625 0.053125
0 0.26171875 0.55078125 0.0546875 0.140625
0 0.27578125 0.81640625 0.05 0.1578125
0 0.125 0.41328125 0.0484375 0.1046875
0 0.078125 0.359375 0.0296875 0.103125
0 0.01484375 0.24140625 0.0203125 0.0734375