0 0.1515625 0.81015625 0.0515625 0.159375
0 0.1984375 0.48671875 0.034375 0.1140625
0 0.25859375 0.221875 0.021875 0.078125
0 0.3078125 0.10234375 0.0171875 0.05625
0 0.4515625 0.23125 0.0265625 0.0828125
0 0.4296875 0.384375 0.028125 0.0984375
0 0.60390625 0.23359375 0.0234375 0.0828125
0 0.703125 0.08203125 0.01875 0.0546875
0 0.6828125 0.2921875 0.0296875 0.1015625
0 0.6359375 0.35859375 0.0296875 0.1046875
0 0.6484375 0.5671875 0.04375 0.125
0 0.76953125 0.48828125 0.04375 0.115625
0 0.8203125 0.74375 0.059375 0.15
0 0.87265625 0.321875 0.025 0.103125
0 0.85 0.27734375 0.0359375 0.109375
0 0.93984375 0.14140625 0.0234375 0.0796875