0 0.42890625 0.92265625 0.040625 0.1203125
0 0.4640625 0.915625 0.0375 0.1234375
0 0.5015625 0.72578125 0.0375 0.0984375
0 0.37890625 0.55234375 0.0328125 0.0796875
0 0.48671875 0.53984375 0.034375 0.0828125
0 0.53984375 0.5796875 0.0359375 0.0796875
0 0.45390625 0.45390625 0.021875 0.0609375
0 0.496875 0.378125 0.0171875 0.0515625
0 0.36953125 0.32109375 0.0203125 0.059375
0 0.340625 0.30546875 0.01875 0.046875
0 0.28984375 0.37421875 0.0203125 0.0671875
0 0.26328125 0.50078125 0.0296875 0.078125
0 0.2765625 0.8546875 0.0421875 0.109375
0 0.5921875 0.3703125 0.025 0.053125
0 0.63671875 0.696875 0.0453125 0.0921875
0 0.684375 0.56328125 0.034375 0.0734375
0 0.6828125 0.64609375 0.0421875 0.0859375
0 0.78359375 0.59375 0.03125 0.0796875
0 0.775 0.4296875 0.025 0.059375
0 0.7796875 0.3921875 0.0296875 0.0453125
0 0.8953125 0.48046875 0.0328125 0.0671875
0 0.86015625 0.64296875 0.0265625 0.0859375
0 0.890625 0.61796875 0.0296875 0.075
0 0.91328125 0.66796875 0.046875 0.0828125