0 0.4734375 0.54296875 0.015625 0.08125
0 0.54375 0.5953125 0.03125 0.0828125
0 0.56953125 0.5890625 0.0359375 0.084375
0 0.58828125 0.55703125 0.025 0.078125
0 0.5734375 0.528125 0.0296875 0.065625
0 0.61953125 0.684375 0.028125 0.10625
0 0.671875 0.6265625 0.01875 0.0984375
0 0.678125 0.55078125 0.040625 0.0734375
0 0.67734375 0.4515625 0.0203125 0.0625
0 0.69921875 0.53359375 0.0203125 0.0796875
0 0.721875 0.54609375 0.034375 0.075
0 0.7125 0.51796875 0.0125 0.0625
0 0.83046875 0.52734375 0.0171875 0.084375
0 0.85390625 0.49609375 0.0234375 0.0734375
0 0.86953125 0.5234375 0.0234375 0.0734375
0 0.8765625 0.48671875 0.0265625 0.06875
0 0.971875 0.34296875 0.015625 0.05625
0 0.915625 0.7375 0.0265625 0.10625