0 0.109375 0.9015625 0.0578125 0.1640625
0 0.1453125 0.56875 0.0390625 0.115625
0 0.19765625 0.29609375 0.025 0.0796875
0 0.24375 0.171875 0.0203125 0.0578125
0 0.39453125 0.29765625 0.0296875 0.0859375
0 0.37890625 0.45546875 0.0328125 0.1015625
0 0.5515625 0.2953125 0.0265625 0.084375
0 0.64765625 0.1359375 0.0203125 0.05625
0 0.634375 0.35234375 0.0328125 0.1046875
0 0.58828125 0.421875 0.034375 0.1078125
0 0.6078125 0.63515625 0.0484375 0.128125
0 0.73046875 0.55 0.0484375 0.1203125
0 0.79140625 0.81015625 0.065625 0.1546875
0 0.82890625 0.37578125 0.0296875 0.10625
0 0.80390625 0.33125 0.040625 0.1125
0 0.89140625 0.18828125 0.0265625 0.08125