0 0.55234375 0.9359375 0.040625 0.121875
0 0.584375 0.91953125 0.0375 0.125
0 0.56796875 0.725 0.0375 0.0984375
0 0.4015625 0.590625 0.034375 0.08125
0 0.50234375 0.54765625 0.034375 0.0828125
0 0.565625 0.57109375 0.0359375 0.08125
0 0.446875 0.4734375 0.021875 0.0625
0 0.4671875 0.38828125 0.0171875 0.0515625
0 0.32734375 0.3671875 0.0203125 0.059375
0 0.2953125 0.3609375 0.01875 0.046875
0 0.2640625 0.44140625 0.0203125 0.0671875
0 0.27421875 0.571875 0.0296875 0.0796875
0 0.3859375 0.91171875 0.0421875 0.1109375
0 0.55859375 0.353125 0.025 0.053125
0 0.69140625 0.65859375 0.0453125 0.09375
0 0.70078125 0.51484375 0.034375 0.075
0 0.72265625 0.596875 0.0421875 0.0875
0 0.80546875 0.51796875 0.03125 0.08125
0 0.7515625 0.36015625 0.025 0.0609375
0 0.7453125 0.32265625 0.03125 0.046875
0 0.88359375 0.37578125 0.0328125 0.06875
0 0.89453125 0.54375 0.028125 0.0875
0 0.91640625 0.51171875 0.0296875 0.0765625
0 0.95234375 0.553125 0.046875 0.084375