0 0.10078125 0.4734375 0.040625 0.11875
0 0.22578125 0.51015625 0.0484375 0.1265625
0 0.2359375 0.4546875 0.046875 0.1140625
0 0.2546875 0.3953125 0.040625 0.121875
0 0.3140625 0.49296875 0.0359375 0.121875
0 0.3203125 0.50078125 0.04375 0.13125
0 0.37578125 0.45234375 0.0421875 0.1078125
0 0.41796875 0.4671875 0.0421875 0.1328125
0 0.43203125 0.45859375 0.0328125 0.1109375
0 0.28359375 0.68359375 0.046875 0.1453125
0 0.4671875 0.62734375 0.0640625 0.1046875
0 0.4890625 0.45234375 0.04375 0.115625
0 0.46328125 0.37578125 0.0515625 0.109375
0 0.47265625 0.31953125 0.03125 0.1046875
0 0.52734375 0.43359375 0.0390625 0.1109375
0 0.5703125 0.42421875 0.0484375 0.121875
0 0.646875 0.47734375 0.0421875 0.11875
0 0.7 0.78125 0.0640625 0.1375
0 0.865625 0.51953125 0.04375 0.121875
0 0.921875 0.24453125 0.028125 0.08125