0 0.9859375 0.61171875 0.028125 0.1140625
0 0.9 0.434375 0.0328125 0.090625
0 0.85234375 0.30234375 0.025 0.08125
0 0.7984375 0.51171875 0.05 0.1046875
0 0.86328125 0.725 0.034375 0.1296875
0 0.67890625 0.559375 0.0265625 0.1046875
0 0.71640625 0.28828125 0.0265625 0.0796875
0 0.54296875 0.4953125 0.03125 0.1046875
0 0.5125 0.73359375 0.0375 0.1296875
0 0.39140625 0.640625 0.034375 0.1171875
0 0.39140625 0.5203125 0.03125 0.103125
0 0.35703125 0.46875 0.0328125 0.0734375
0 0.34375 0.4984375 0.04375 0.08125
0 0.3953125 0.2828125 0.01875 0.06875
0 0.38359375 0.33984375 0.0328125 0.0796875
0 0.23046875 0.34765625 0.0328125 0.0859375
0 0.08046875 0.53671875 0.0375 0.0921875