0 0.1078125 0.18671875 0.0234375 0.090625
0 0.27109375 0.1125 0.0203125 0.065625
0 0.37109375 0.375 0.0375 0.0984375
0 0.3109375 0.44453125 0.046875 0.090625
0 0.2453125 0.4921875 0.0453125 0.109375
0 0.446875 0.70078125 0.06875 0.1359375
0 0.42890625 0.721875 0.0515625 0.1140625
0 0.578125 0.48046875 0.04375 0.1203125
0 0.553125 0.47265625 0.0390625 0.10625
0 0.66640625 0.29375 0.0296875 0.0921875
0 0.70078125 0.56875 0.046875 0.11875
0 0.7109375 0.5109375 0.0578125 0.1234375
0 0.88515625 0.1359375 0.015625 0.05625
0 0.87109375 0.65546875 0.046875 0.128125