0 0.86796875 0.1609375 0.0296875 0.0921875
0 0.69921875 0.09453125 0.0234375 0.065625
0 0.6125 0.365625 0.0421875 0.1015625
0 0.6765625 0.4328125 0.0515625 0.09375
0 0.7453125 0.47734375 0.0515625 0.1125
0 0.553125 0.6984375 0.0765625 0.1390625
0 0.57265625 0.71953125 0.05625 0.115625
0 0.41015625 0.4828125 0.05 0.121875
0 0.434375 0.4734375 0.0453125 0.109375
0 0.31015625 0.2984375 0.034375 0.0921875
0 0.290625 0.578125 0.053125 0.1203125
0 0.27734375 0.5203125 0.0625 0.1265625
0 0.08125 0.1515625 0.0203125 0.0578125
0 0.1234375 0.675 0.053125 0.1296875