0 0.9625 0.740625 0.0375 0.1125
0 0.9109375 0.55234375 0.0359375 0.090625
0 0.88984375 0.41484375 0.028125 0.08125
0 0.79765625 0.60859375 0.0546875 0.10625
0 0.8203125 0.82734375 0.040625 0.1296875
0 0.67265625 0.63203125 0.03125 0.1046875
0 0.76015625 0.37578125 0.0296875 0.0796875
0 0.553125 0.54453125 0.0359375 0.103125
0 0.478125 0.76953125 0.04375 0.128125
0 0.37890625 0.65703125 0.0390625 0.1171875
0 0.40234375 0.53984375 0.0375 0.1015625
0 0.378125 0.4828125 0.0359375 0.0734375
0 0.359375 0.509375 0.046875 0.0828125
0 0.45 0.309375 0.0203125 0.06875
0 0.428125 0.36328125 0.0359375 0.0796875
0 0.27734375 0.3421875 0.0375 0.084375
0 0.096875 0.496875 0.0421875 0.0921875