0 0.015625 0.5578125 0.03125 0.121875
0 0.0625 0.5703125 0.0453125 0.13125
0 0.02578125 0.46796875 0.046875 0.11875
0 0.03671875 0.453125 0.034375 0.1125
0 0.0578125 0.40078125 0.0453125 0.1078125
0 0.11875 0.40703125 0.0359375 0.1140625
0 0.11953125 0.3546875 0.03125 0.0921875
0 0.053125 0.23671875 0.028125 0.08125
0 0.16328125 0.4375 0.0359375 0.1078125
0 0.32578125 0.3546875 0.0328125 0.109375
0 0.38515625 0.25703125 0.0375 0.0875
0 0.4765625 0.14375 0.0234375 0.071875
0 0.51640625 0.28203125 0.0328125 0.1015625
0 0.58828125 0.31484375 0.034375 0.1046875
0 0.76015625 0.45625 0.0484375 0.1453125
0 0.81171875 0.1640625 0.0359375 0.090625
0 0.93046875 0.81015625 0.075 0.1765625