0 0.7203125 0.26015625 0.028125 0.090625
0 0.771875 0.40390625 0.034375 0.103125
0 0.75703125 0.48828125 0.0390625 0.1171875
0 0.709375 0.50546875 0.0265625 0.125
0 0.6109375 0.421875 0.0296875 0.103125
0 0.58671875 0.43671875 0.0265625 0.1015625
0 0.565625 0.396875 0.0296875 0.0890625
0 0.5015625 0.3484375 0.03125 0.09375
0 0.4890625 0.37421875 0.0328125 0.096875
0 0.4328125 0.43125 0.0265625 0.1109375
0 0.4125 0.37578125 0.03125 0.096875
0 0.3765625 0.315625 0.03125 0.0828125
0 0.54375 0.19609375 0.0171875 0.06875
0 0.0953125 0.17734375 0.0171875 0.059375
0 0.2328125 0.4296875 0.0359375 0.1015625
0 0.39921875 0.75546875 0.0390625 0.13125