0 0.0171875 0.421875 0.034375 0.121875
0 0.06015625 0.446875 0.0453125 0.13125
0 0.053125 0.33828125 0.046875 0.11875
0 0.0671875 0.32734375 0.034375 0.1125
0 0.10234375 0.28203125 0.0453125 0.1078125
0 0.15859375 0.30546875 0.0359375 0.1140625
0 0.175 0.25546875 0.03125 0.0921875
0 0.14296875 0.12421875 0.028125 0.08125
0 0.19296875 0.346875 0.0359375 0.1078125
0 0.37265625 0.3125 0.0328125 0.109375
0 0.45703125 0.23515625 0.0375 0.0875
0 0.57578125 0.15078125 0.0234375 0.071875
0 0.57578125 0.2953125 0.0328125 0.1015625
0 0.6359375 0.34609375 0.034375 0.1046875
0 0.7625 0.5296875 0.0484375 0.1453125
0 0.8921875 0.26328125 0.0359375 0.090625
0 0.828125 0.9140625 0.075 0.171875