0 0.68046875 0.37734375 0.0375 0.0953125
0 0.540625 0.2796875 0.0203125 0.0765625
0 0.5875 0.5875 0.0359375 0.1140625
0 0.52109375 0.53203125 0.025 0.121875
0 0.459375 0.5140625 0.03125 0.109375
0 0.43203125 0.48515625 0.028125 0.1078125
0 0.3828125 0.46484375 0.021875 0.0921875
0 0.37734375 0.3921875 0.021875 0.084375
0 0.33671875 0.375 0.0265625 0.0875
0 0.34765625 0.49140625 0.0296875 0.1140625
0 0.30859375 0.4859375 0.025 0.1125
0 0.2984375 0.371875 0.0265625 0.0953125
0 0.25390625 0.35 0.0375 0.0796875
0 0.2453125 0.41875 0.0234375 0.084375
0 0.24609375 0.58984375 0.025 0.115625
0 0.30234375 0.63671875 0.0265625 0.096875
0 0.36875 0.64140625 0.0578125 0.115625
0 0.409375 0.728125 0.034375 0.140625
0 0.18125 0.45859375 0.0265625 0.1046875