0 0.878125 0.4359375 0.046875 0.1203125
0 0.7203125 0.31328125 0.040625 0.0953125
0 0.62109375 0.30703125 0.040625 0.10625
0 0.51328125 0.2890625 0.0328125 0.0984375
0 0.48984375 0.2859375 0.0328125 0.103125
0 0.48046875 0.19921875 0.0296875 0.084375
0 0.43671875 0.3796875 0.040625 0.115625
0 0.40234375 0.44453125 0.05 0.103125
0 0.34375 0.3640625 0.0328125 0.109375
0 0.30703125 0.34453125 0.034375 0.103125
0 0.5578125 0.57265625 0.040625 0.1359375
0 0.33359375 0.26015625 0.0265625 0.084375
0 0.08125 0.42109375 0.0421875 0.1203125