0 0.0546875 0.25859375 0.01875 0.0671875
0 0.05546875 0.3859375 0.028125 0.115625
0 0.31640625 0.284375 0.025 0.0953125
0 0.36015625 0.29609375 0.0203125 0.1015625
0 0.2609375 0.53515625 0.0328125 0.128125
0 0.2453125 0.5953125 0.0328125 0.15
0 0.475 0.43203125 0.034375 0.1265625
0 0.52265625 0.33671875 0.0234375 0.109375
0 0.60390625 0.3609375 0.021875 0.11875
0 0.58515625 0.51640625 0.0265625 0.13125
0 0.6640625 0.278125 0.0203125 0.1015625
0 0.71015625 0.3015625 0.025 0.090625
0 0.76796875 0.32578125 0.028125 0.1078125
0 0.890625 0.3875 0.03125 0.125