0 0.02734375 0.9390625 0.0265625 0.10625
0 0.51015625 0.4640625 0.0671875 0.0296875
0 0.58359375 0.56328125 0.0265625 0.1375
0 0.59375 0.32734375 0.0265625 0.09375
0 0.578125 0.4296875 0.025 0.1078125
0 0.625 0.39765625 0.025 0.0984375
0 0.60859375 0.46796875 0.03125 0.096875
0 0.65078125 0.49375 0.040625 0.1140625
0 0.6515625 0.6765625 0.028125 0.1484375
0 0.7 0.59765625 0.0296875 0.1390625
0 0.82734375 0.58203125 0.0453125 0.1359375
0 0.96171875 0.5875 0.0359375 0.13125
0 0.9328125 0.42421875 0.0296875 0.10625
0 0.95546875 0.39296875 0.0359375 0.0921875
0 0.92890625 0.825 0.0390625 0.1484375