0 0.45703125 0.5765625 0.040625 0.1421875
0 0.209375 0.4953125 0.03125 0.1265625
0 0.29453125 0.3203125 0.0296875 0.109375
0 0.32578125 0.2703125 0.025 0.09375
0 0.3765625 0.30546875 0.040625 0.09375
0 0.465625 0.25859375 0.025 0.090625
0 0.5234375 0.19609375 0.0203125 0.08125
0 0.55546875 0.40078125 0.0296875 0.125
0 0.61953125 0.45546875 0.028125 0.121875
0 0.6515625 0.2375 0.021875 0.0921875
0 0.67421875 0.3375 0.028125 0.1109375
0 0.696875 0.3171875 0.025 0.10625
0 0.94609375 0.37578125 0.0296875 0.1109375