0 0.15625 0.72578125 0.0625 0.1296875
0 0.015625 0.38515625 0.0234375 0.096875
0 0.1578125 0.27265625 0.028125 0.078125
0 0.15078125 0.1765625 0.021875 0.0578125
0 0.28359375 0.43828125 0.0359375 0.0984375
0 0.4296875 0.28046875 0.0203125 0.0765625
0 0.5171875 0.31484375 0.0234375 0.0796875
0 0.60390625 0.2734375 0.028125 0.0671875
0 0.56328125 0.453125 0.028125 0.0875
0 0.60234375 0.48046875 0.028125 0.096875
0 0.6296875 0.72734375 0.0515625 0.128125
0 0.78671875 0.396875 0.0234375 0.09375
0 0.7765625 0.35234375 0.021875 0.084375
0 0.74921875 0.3171875 0.021875 0.075
0 0.7375 0.22734375 0.01875 0.065625
0 0.81171875 0.29609375 0.0203125 0.0765625
0 0.8265625 0.37890625 0.025 0.078125
0 0.90546875 0.38671875 0.0265625 0.0953125