0 0.81171875 0.70234375 0.053125 0.121875
0 0.96875 0.3890625 0.03125 0.090625
0 0.83203125 0.27421875 0.0234375 0.0734375
0 0.84453125 0.18359375 0.0171875 0.0546875
0 0.7046875 0.42421875 0.0296875 0.0921875
0 0.57421875 0.2671875 0.015625 0.071875
0 0.48984375 0.29609375 0.01875 0.075
0 0.409375 0.25234375 0.0234375 0.0625
0 0.4390625 0.42421875 0.021875 0.0828125
0 0.40078125 0.4484375 0.0234375 0.090625
0 0.36328125 0.68046875 0.0421875 0.11875
0 0.23125 0.3609375 0.0171875 0.0890625
0 0.2421875 0.31875 0.015625 0.078125
0 0.2703125 0.2859375 0.0171875 0.0703125
0 0.28515625 0.203125 0.015625 0.0609375
0 0.21171875 0.2640625 0.015625 0.071875
0 0.19375 0.34140625 0.0203125 0.0734375
0 0.11875 0.34375 0.0203125 0.0890625
0 0.00546875 0.36484375 0.0109375 0.0765625