0 0.05546875 0.26953125 0.01875 0.0671875
0 0.1296875 0.28125 0.021875 0.06875
0 0.16875 0.22421875 0.0203125 0.0546875
0 0.328125 0.165625 0.0140625 0.053125
0 0.353125 0.253125 0.01875 0.06875
0 0.3921875 0.2515625 0.0171875 0.065625
0 0.40703125 0.21484375 0.0203125 0.0578125
0 0.4046875 0.32109375 0.021875 0.08125
0 0.45234375 0.3015625 0.0203125 0.071875
0 0.4359375 0.42734375 0.0234375 0.0828125
0 0.4296875 0.421875 0.0328125 0.075
0 0.5046875 0.26171875 0.0234375 0.075
0 0.5953125 0.31015625 0.025 0.0734375
0 0.65078125 0.3328125 0.034375 0.0828125
0 0.8171875 0.1890625 0.021875 0.0578125
0 0.565625 0.77265625 0.0453125 0.1359375
0 0.68125 0.828125 0.06875 0.1375
0 0.7328125 0.7203125 0.0515625 0.125