0 0.98515625 0.484375 0.0296875 0.109375
0 0.8140625 0.33359375 0.034375 0.1
0 0.80859375 0.48125 0.0453125 0.1109375
0 0.684375 0.33671875 0.0328125 0.1046875
0 0.54453125 0.44921875 0.0359375 0.1125
0 0.5296875 0.2765625 0.021875 0.0890625
0 0.48984375 0.18515625 0.0234375 0.0828125
0 0.46640625 0.278125 0.0265625 0.09375
0 0.4203125 0.340625 0.0328125 0.1109375
0 0.3546875 0.346875 0.0296875 0.1078125
0 0.32734375 0.3078125 0.025 0.0953125
0 0.3203125 0.23359375 0.0234375 0.096875
0 0.42578125 0.628125 0.034375 0.125
0 0.16328125 0.33046875 0.0296875 0.1109375
0 0.01875 0.3203125 0.01875 0.1078125