0 0.9671875 0.23984375 0.0265625 0.075
0 0.9265625 0.17578125 0.025 0.0609375
0 0.753125 0.10546875 0.0171875 0.059375
0 0.721875 0.20078125 0.021875 0.075
0 0.6796875 0.19765625 0.021875 0.0734375
0 0.66484375 0.15546875 0.025 0.0640625
0 0.6625 0.27265625 0.028125 0.090625
0 0.61171875 0.25 0.0265625 0.0796875
0 0.6234375 0.3890625 0.0296875 0.0921875
0 0.63046875 0.384375 0.0390625 0.084375
0 0.5546875 0.2046875 0.028125 0.084375
0 0.453125 0.2546875 0.0296875 0.08125
0 0.39140625 0.27734375 0.0421875 0.0921875
0 0.2140625 0.1125 0.025 0.065625
0 0.46796875 0.76484375 0.0546875 0.15
0 0.3390625 0.821875 0.08125 0.153125
0 0.28671875 0.7015625 0.0609375 0.1375