0 0.50625 0.81484375 0.05625 0.153125
0 0.5859375 0.7703125 0.059375 0.1453125
0 0.6640625 0.7375 0.075 0.1453125
0 0.9875 0.5 0.025 0.13125
0 0.975 0.6015625 0.05 0.11875
0 0.58125 0.16328125 0.028125 0.0671875
0 0.5921875 0.3203125 0.034375 0.0859375
0 0.53046875 0.34296875 0.0328125 0.0890625
0 0.39921875 0.4984375 0.0359375 0.10625
0 0.33359375 0.27890625 0.034375 0.08125
0 0.27578125 0.35625 0.0328125 0.0859375
0 0.24453125 0.3796875 0.034375 0.09375
0 0.2 0.24375 0.0265625 0.06875
0 0.1765625 0.2859375 0.028125 0.075
0 0.0890625 0.20546875 0.01875 0.05625
0 0.1046875 0.32421875 0.03125 0.0796875
0 0.23125 0.5734375 0.0421875 0.1125