0 0.41015625 0.8171875 0.0484375 0.15
0 0.496875 0.7984375 0.0515625 0.14375
0 0.58125 0.78984375 0.06875 0.1421875
0 0.96796875 0.66328125 0.046875 0.13125
0 0.91875 0.75390625 0.053125 0.1171875
0 0.95 0.778125 0.0390625 0.1375
0 0.66796875 0.22421875 0.025 0.065625
0 0.63359375 0.375 0.0296875 0.0859375
0 0.56875 0.37890625 0.028125 0.0875
0 0.39921875 0.48828125 0.03125 0.1046875
0 0.4 0.2609375 0.0296875 0.0796875
0 0.3234375 0.31796875 0.028125 0.0859375
0 0.2875 0.33125 0.0296875 0.0921875
0 0.284375 0.1890625 0.0234375 0.0671875
0 0.25078125 0.221875 0.0234375 0.0734375
0 0.19140625 0.1203125 0.015625 0.0546875
0 0.171875 0.23828125 0.028125 0.078125
0 0.21953125 0.51015625 0.0359375 0.1109375