0 0.99375 0.64140625 0.0125 0.1359375
0 0.98359375 0.46875 0.0296875 0.0953125
0 0.92890625 0.3390625 0.01875 0.0953125
0 0.93828125 0.24375 0.0203125 0.08125
0 0.76953125 0.66015625 0.04375 0.121875
0 0.8609375 0.803125 0.0390625 0.146875
0 0.490625 0.5359375 0.0375 0.10625
0 0.41171875 0.56640625 0.0453125 0.1125
0 0.36875 0.49375 0.0234375 0.096875
0 0.40234375 0.76484375 0.0296875 0.1359375
0 0.534375 0.86640625 0.04375 0.15
0 0.065625 0.3578125 0.0359375 0.08125
0 0.0796875 0.38828125 0.0078125 0.0125