0 0.06640625 0.68046875 0.040625 0.1296875
0 0.059375 0.51796875 0.034375 0.090625
0 0.09140625 0.3890625 0.025 0.090625
0 0.06875 0.3015625 0.0265625 0.078125
0 0.28671875 0.6640625 0.05 0.1171875
0 0.22265625 0.81015625 0.0484375 0.1390625
0 0.52734375 0.5078125 0.04375 0.103125
0 0.60546875 0.52421875 0.0515625 0.109375
0 0.634375 0.45078125 0.0296875 0.0921875
0 0.64296875 0.70625 0.0375 0.1296875
0 0.534375 0.82109375 0.053125 0.1421875
0 0.8953125 0.27890625 0.040625 0.0796875
0 0.8875 0.31015625 0.0078125 0.0109375