0 0.85859375 0.90546875 0.0421875 0.14375
0 0.97421875 0.49453125 0.0296875 0.09375
0 0.8484375 0.35546875 0.0234375 0.0875
0 0.765625 0.28671875 0.0234375 0.075
0 0.7828125 0.51015625 0.0265625 0.0953125
0 0.7265625 0.4453125 0.028125 0.0890625
0 0.640625 0.46015625 0.0234375 0.0953125
0 0.5609375 0.45078125 0.0203125 0.09375
0 0.4890625 0.80859375 0.0265625 0.125
0 0.36875 0.51484375 0.0234375 0.1015625
0 0.3328125 0.328125 0.021875 0.071875
0 0.23125 0.33671875 0.021875 0.075
0 0.178125 0.37734375 0.025 0.08125
0 0.25546875 0.52421875 0.021875 0.1
0 0.2953125 0.67109375 0.0375 0.109375
0 0.1359375 0.678125 0.0296875 0.121875