0 0.81640625 0.90390625 0.0484375 0.14375
0 0.9515625 0.5046875 0.034375 0.09375
0 0.834375 0.3609375 0.028125 0.0859375
0 0.7578125 0.28984375 0.0265625 0.075
0 0.7625 0.51015625 0.03125 0.0953125
0 0.7109375 0.44453125 0.03125 0.0890625
0 0.625 0.45390625 0.0265625 0.0953125
0 0.546875 0.440625 0.025 0.09375
0 0.45859375 0.7890625 0.03125 0.125
0 0.3546875 0.49375 0.028125 0.1
0 0.3296875 0.30859375 0.025 0.071875
0 0.2296875 0.31171875 0.025 0.075
0 0.175 0.34765625 0.0296875 0.08125
0 0.24296875 0.496875 0.0265625 0.1
0 0.27421875 0.64375 0.04375 0.109375
0 0.11796875 0.6421875 0.034375 0.121875