0 0.10625 0.8640625 0.0515625 0.14375
0 0.29375 0.796875 0.0453125 0.125
0 0.16796875 0.5640625 0.0359375 0.1140625
0 0.22109375 0.46953125 0.0359375 0.103125
0 0.22421875 0.434375 0.0203125 0.09375
0 0.26171875 0.484375 0.0375 0.1015625
0 0.403125 0.5375 0.034375 0.0890625
0 0.39765625 0.5796875 0.0484375 0.1
0 0.56640625 0.5203125 0.028125 0.0984375
0 0.64921875 0.521875 0.03125 0.1015625
0 0.59921875 0.3265625 0.0234375 0.0734375
0 0.68515625 0.340625 0.0375 0.075
0 0.728125 0.39296875 0.034375 0.08125
0 0.1 0.2703125 0.0328125 0.0734375