0 0.83671875 0.90625 0.05625 0.140625
0 0.66640625 0.82109375 0.05 0.121875
0 0.81328125 0.6140625 0.040625 0.1109375
0 0.7734375 0.5171875 0.0390625 0.1
0 0.775 0.484375 0.0234375 0.090625
0 0.73359375 0.528125 0.040625 0.0984375
0 0.59296875 0.56171875 0.0375 0.0859375
0 0.59296875 0.6015625 0.0515625 0.0984375
0 0.43984375 0.52578125 0.0328125 0.0953125
0 0.36015625 0.51796875 0.034375 0.096875
0 0.43125 0.3390625 0.0265625 0.071875
0 0.34765625 0.340625 0.0390625 0.0734375
0 0.30078125 0.3859375 0.0375 0.0796875
0 0.9125 0.3421875 0.0359375 0.071875