0 0.01953125 0.25546875 0.0234375 0.0828125
0 0.24453125 0.5890625 0.0328125 0.1265625
0 0.3390625 0.4375 0.034375 0.1015625
0 0.36796875 0.40703125 0.0265625 0.1015625
0 0.46796875 0.36171875 0.0359375 0.103125
0 0.5734375 0.403125 0.0421875 0.0984375
0 0.5890625 0.32265625 0.0265625 0.0953125
0 0.68359375 0.32109375 0.040625 0.1015625
0 0.64296875 0.1359375 0.0234375 0.06875
0 0.59765625 0.6375 0.040625 0.13125
0 0.73046875 0.47734375 0.0484375 0.1234375
0 0.80625 0.8265625 0.0515625 0.1421875
0 0.821875 0.53203125 0.0484375 0.115625
0 0.3890625 0.778125 0.0484375 0.1359375