0 0.73515625 0.53671875 0.025 0.1125
0 0.6234375 0.54296875 0.040625 0.10625
0 0.609375 0.4890625 0.0390625 0.0921875
0 0.50859375 0.478125 0.040625 0.1015625
0 0.47578125 0.58828125 0.046875 0.1078125
0 0.43515625 0.58515625 0.0375 0.10625
0 0.42578125 0.3375 0.03125 0.0890625
0 0.3265625 0.68203125 0.034375 0.1234375
0 0.3328125 0.5640625 0.0453125 0.0921875
0 0.259375 0.559375 0.0359375 0.1078125
0 0.184375 0.346875 0.0265625 0.0890625
0 0.3734375 0.13828125 0.01875 0.0578125
0 0.19609375 0.871875 0.0703125 0.1453125