0 0.98828125 0.28984375 0.0125 0.078125
0 0.61015625 0.43125 0.021875 0.0859375
0 0.5890625 0.478125 0.025 0.0859375
0 0.50390625 0.41015625 0.01875 0.0828125
0 0.4578125 0.425 0.028125 0.0796875
0 0.37265625 0.31640625 0.0203125 0.075
0 0.4140625 0.565625 0.0203125 0.0859375
0 0.4 0.52421875 0.040625 0.0921875
0 0.340625 0.603125 0.0265625 0.103125
0 0.4859375 0.71953125 0.046875 0.0984375
0 0.61328125 0.765625 0.0296875 0.1140625
0 0.23671875 0.56171875 0.028125 0.0625
0 0.20703125 0.57578125 0.0328125 0.0578125
0 0.2671875 0.3203125 0.0171875 0.0640625
0 0.33515625 0.15703125 0.0140625 0.05
0 0.034375 0.43828125 0.0234375 0.084375
0 0.021875 0.34375 0.025 0.071875