0 0.0140625 0.3046875 0.01875 0.08125
0 0.409375 0.45234375 0.021875 0.0890625
0 0.43125 0.50078125 0.025 0.0890625
0 0.5203125 0.4296875 0.0203125 0.0859375
0 0.56875 0.44453125 0.028125 0.0828125
0 0.65703125 0.33203125 0.021875 0.078125
0 0.6140625 0.59140625 0.021875 0.0890625
0 0.628125 0.54921875 0.0421875 0.0953125
0 0.6890625 0.63046875 0.028125 0.1078125
0 0.5390625 0.75078125 0.0484375 0.1015625
0 0.40703125 0.79921875 0.0296875 0.11875
0 0.79765625 0.58671875 0.0296875 0.065625
0 0.82890625 0.60234375 0.034375 0.0609375
0 0.76640625 0.33671875 0.01875 0.0671875
0 0.69609375 0.16796875 0.0140625 0.0515625
0 0.99765625 0.4578125 0.0046875 0.0875