0 0.85703125 0.72421875 0.0515625 0.1171875
0 0.88671875 0.6984375 0.040625 0.128125
0 0.8515625 0.44453125 0.0375 0.0859375
0 0.75859375 0.4921875 0.0328125 0.103125
0 0.83125 0.2765625 0.0234375 0.0734375
0 0.79296875 0.25546875 0.0234375 0.0796875
0 0.64921875 0.19453125 0.028125 0.071875
0 0.5828125 0.37890625 0.0296875 0.090625
0 0.6078125 0.5234375 0.034375 0.103125
0 0.68203125 0.59453125 0.0359375 0.1125
0 0.528125 0.61484375 0.046875 0.0921875
0 0.4640625 0.2765625 0.0234375 0.078125
0 0.34609375 0.2109375 0.03125 0.071875
0 0.21953125 0.33828125 0.03125 0.0890625
0 0.17734375 0.140625 0.021875 0.071875
0 0.22421875 0.6171875 0.046875 0.1203125
0 0.32734375 0.73984375 0.053125 0.1109375
0 0.33828125 0.76875 0.05625 0.13125