0 0.86875 0.715625 0.046875 0.1265625
0 0.89765625 0.684375 0.0328125 0.140625
0 0.834375 0.40859375 0.0328125 0.0921875
0 0.73828125 0.4703125 0.0265625 0.1109375
0 0.796875 0.2265625 0.01875 0.0796875
0 0.753125 0.20859375 0.01875 0.0875
0 0.58984375 0.15390625 0.025 0.0765625
0 0.534375 0.36328125 0.0234375 0.096875
0 0.57578125 0.51875 0.028125 0.1109375
0 0.66328125 0.58984375 0.0296875 0.121875
0 0.49765625 0.62734375 0.04375 0.0984375
0 0.39453125 0.26171875 0.01875 0.084375
0 0.259375 0.20234375 0.0265625 0.0765625
0 0.13359375 0.35390625 0.0265625 0.096875
0 0.06875 0.140625 0.015625 0.078125
0 0.165625 0.659375 0.040625 0.1296875
0 0.28984375 0.7828125 0.0484375 0.1203125
0 0.3046875 0.81484375 0.05 0.1421875