0 0.1953125 0.45625 0.034375 0.1125
0 0.2578125 0.55 0.04375 0.1203125
0 0.39375 0.5734375 0.0390625 0.1375
0 0.2734375 0.6890625 0.0421875 0.14375
0 0.4 0.7109375 0.0421875 0.134375
0 0.29375 0.20234375 0.025 0.084375
0 0.328125 0.19921875 0.025 0.084375
0 0.46640625 0.1375 0.0265625 0.0796875
0 0.54453125 0.49765625 0.05 0.121875
0 0.54609375 0.35859375 0.0328125 0.1015625
0 0.69453125 0.23828125 0.021875 0.0890625
0 0.8078125 0.18671875 0.0203125 0.0890625
0 0.9296875 0.33984375 0.0296875 0.10625
0 0.86953125 0.64375 0.0359375 0.14375
0 0.6625 0.7875 0.0484375 0.14375
0 0.63515625 0.7609375 0.0578125 0.146875
0 0.55703125 0.7609375 0.0515625 0.16875