0 0.96953125 0.08125 0.021875 0.0890625
0 0.77890625 0.4 0.03125 0.1109375
0 0.7296875 0.50078125 0.0375 0.1171875
0 0.6 0.5421875 0.0328125 0.134375
0 0.73359375 0.6390625 0.0375 0.140625
0 0.6125 0.67734375 0.0375 0.13125
0 0.646875 0.16484375 0.021875 0.0828125
0 0.61328125 0.16640625 0.021875 0.084375
0 0.46875 0.125 0.025 0.078125
0 0.44140625 0.48828125 0.0453125 0.11875
0 0.42109375 0.353125 0.028125 0.1
0 0.26015625 0.25546875 0.01875 0.0875
0 0.1421875 0.21953125 0.0171875 0.0890625
0 0.04375 0.38671875 0.025 0.1046875
0 0.14375 0.67578125 0.03125 0.1421875
0 0.36640625 0.7875 0.04375 0.1421875
0 0.38984375 0.75859375 0.053125 0.14375
0 0.465625 0.7484375 0.0453125 0.165625