0 0.0828125 0.64765625 0.0546875 0.128125
0 0.0921875 0.51796875 0.05 0.1171875
0 0.240625 0.70703125 0.0515625 0.14375
0 0.30390625 0.5546875 0.046875 0.1296875
0 0.2359375 0.21953125 0.0390625 0.0890625
0 0.240625 0.21015625 0.04375 0.0875
0 0.409375 0.7515625 0.0578125 0.1359375
0 0.48671875 0.59453125 0.0609375 0.140625
0 0.51796875 0.51796875 0.046875 0.1171875
0 0.47421875 0.3625 0.0421875 0.1140625
0 0.646875 0.81015625 0.0578125 0.1609375
0 0.6578125 0.74375 0.05625 0.1453125
0 0.74921875 0.57421875 0.053125 0.140625
0 0.8375 0.321875 0.0484375 0.1078125
0 0.7125 0.1640625 0.0375 0.0828125
0 0.61328125 0.221875 0.0359375 0.090625
0 0.37421875 0.13984375 0.0375 0.08125