0 0.02421875 0.6125 0.0421875 0.13125
0 0.03828125 0.4796875 0.0453125 0.11875
0 0.18046875 0.68203125 0.0453125 0.1484375
0 0.25390625 0.52890625 0.0421875 0.1328125
0 0.2015625 0.18046875 0.0359375 0.0921875
0 0.20703125 0.171875 0.040625 0.0890625
0 0.35234375 0.7375 0.0515625 0.1390625
0 0.43984375 0.5796875 0.05625 0.1453125
0 0.47578125 0.50390625 0.0421875 0.1203125
0 0.43984375 0.340625 0.0375 0.1171875
0 0.5921875 0.81171875 0.0515625 0.165625
0 0.60703125 0.74296875 0.0515625 0.15
0 0.71015625 0.5734375 0.046875 0.1453125
0 0.815625 0.31796875 0.04375 0.109375
0 0.69453125 0.14921875 0.034375 0.084375
0 0.590625 0.20390625 0.0328125 0.09375
0 0.34921875 0.10625 0.034375 0.0828125