0 0.94921875 0.6109375 0.0296875 0.1296875
0 0.821875 0.4515625 0.0390625 0.1078125
0 0.73125 0.63984375 0.0515625 0.134375
0 0.6484375 0.4625 0.0234375 0.1203125
0 0.928125 0.1203125 0.0265625 0.078125
0 0.90546875 0.03828125 0.015625 0.0359375
0 0.6515625 0.21953125 0.0265625 0.0875
0 0.615625 0.1953125 0.0203125 0.0828125
0 0.5109375 0.15546875 0.0203125 0.0828125
0 0.4859375 0.35078125 0.0265625 0.1046875
0 0.4859375 0.51796875 0.046875 0.1296875
0 0.4671875 0.72890625 0.04375 0.1359375
0 0.3453125 0.6859375 0.0375 0.1328125
0 0.33125 0.69609375 0.0359375 0.1421875
0 0.11484375 0.6234375 0.0375 0.1390625
0 0.10859375 0.42421875 0.0390625 0.1125
0 0.19375 0.2046875 0.021875 0.090625
0 0.2765625 0.2375 0.0234375 0.0890625
0 0.27734375 0.81796875 0.046875 0.15625