0 0.140625 0.60546875 0.0265625 0.1078125
0 0.16484375 0.58359375 0.0265625 0.1015625
0 0.1703125 0.26875 0.01875 0.065625
0 0.2015625 0.178125 0.0125 0.059375
0 0.27109375 0.52421875 0.0234375 0.09375
0 0.35 0.58125 0.0296875 0.1046875
0 0.35078125 0.5359375 0.0265625 0.0984375
0 0.42109375 0.3609375 0.0203125 0.0796875
0 0.45546875 0.33046875 0.0203125 0.0765625
0 0.53125 0.29296875 0.0171875 0.0765625
0 0.56953125 0.4578125 0.021875 0.0921875
0 0.7 0.109375 0.0109375 0.05
0 0.821875 0.33515625 0.0203125 0.0765625
0 0.69921875 0.42265625 0.01875 0.0828125
0 0.8265625 0.60625 0.046875 0.109375
0 0.8765625 0.68671875 0.0421875 0.1234375
0 0.73671875 0.9 0.034375 0.14375
0 0.64375 0.7859375 0.028125 0.115625
0 0.6453125 0.7703125 0.0375 0.121875
0 0.6546875 0.65625 0.025 0.109375