0 0.0265625 0.20078125 0.03125 0.08125
0 0.05234375 0.10078125 0.0203125 0.0609375
0 0.16484375 0.59609375 0.0390625 0.1234375
0 0.21328125 0.46640625 0.0296875 0.1046875
0 0.2890625 0.6453125 0.0296875 0.1375
0 0.29140625 0.60859375 0.04375 0.1234375
0 0.35390625 0.54140625 0.0453125 0.1140625
0 0.284375 0.29296875 0.025 0.0875
0 0.26875 0.28984375 0.021875 0.078125
0 0.4453125 0.20234375 0.021875 0.0796875
0 0.5015625 0.4765625 0.028125 0.0984375
0 0.5171875 0.44140625 0.0328125 0.103125
0 0.6109375 0.53515625 0.0390625 0.1171875
0 0.671875 0.54765625 0.0390625 0.0953125
0 0.5703125 0.74140625 0.03125 0.1296875
0 0.5875 0.715625 0.040625 0.1234375
0 0.6890625 0.8359375 0.04375 0.1359375
0 0.78203125 0.58671875 0.0359375 0.1171875
0 0.94453125 0.1109375 0.021875 0.071875
0 0.73359375 0.246875 0.0265625 0.08125