0 0.9640625 0.00703125 0.01875 0.0140625
0 0.90859375 0.52421875 0.0390625 0.13125
0 0.83984375 0.39296875 0.0296875 0.1125
0 0.7828125 0.59296875 0.0296875 0.146875
0 0.77578125 0.5546875 0.0453125 0.1328125
0 0.70078125 0.49140625 0.0453125 0.1203125
0 0.74140625 0.2171875 0.0265625 0.09375
0 0.75859375 0.2125 0.021875 0.084375
0 0.55859375 0.14296875 0.021875 0.084375
0 0.53515625 0.44140625 0.028125 0.10625
0 0.5140625 0.40625 0.0328125 0.1109375
0 0.4265625 0.51796875 0.040625 0.125
0 0.36328125 0.5390625 0.0390625 0.1015625
0 0.49765625 0.73203125 0.03125 0.1390625
0 0.47578125 0.70625 0.040625 0.13125
0 0.3828125 0.846875 0.0453125 0.1453125
0 0.25234375 0.59453125 0.0359375 0.125
0 0.01796875 0.11171875 0.021875 0.0765625
0 0.259375 0.228125 0.0265625 0.0859375