0 0.1484375 0.61953125 0.040625 0.1390625
0 0.1046875 0.46796875 0.0375 0.1109375
0 0.10625 0.29765625 0.028125 0.090625
0 0.17578125 0.28203125 0.034375 0.090625
0 0.30859375 0.17265625 0.0234375 0.0828125
0 0.31328125 0.50703125 0.040625 0.1140625
0 0.37421875 0.48203125 0.0375 0.1015625
0 0.396875 0.4515625 0.0359375 0.1140625
0 0.3328125 0.6390625 0.0609375 0.1234375
0 0.38046875 0.68203125 0.0578125 0.1171875
0 0.47421875 0.52578125 0.05 0.121875
0 0.640625 0.68046875 0.0578125 0.1375
0 0.634375 0.5875 0.0421875 0.1125
0 0.69375 0.6421875 0.04375 0.1078125
0 0.76015625 0.82421875 0.071875 0.159375
0 0.7390625 0.05703125 0.021875 0.0703125
0 0.590625 0.2140625 0.0328125 0.084375