0 0.10390625 0.62421875 0.04375 0.14375
0 0.05546875 0.46953125 0.040625 0.1140625
0 0.0546875 0.29296875 0.03125 0.0953125
0 0.12578125 0.275 0.0375 0.0953125
0 0.2609375 0.16015625 0.0265625 0.0859375
0 0.271875 0.50546875 0.0421875 0.1171875
0 0.334375 0.478125 0.040625 0.1046875
0 0.35703125 0.446875 0.0390625 0.1171875
0 0.29453125 0.640625 0.065625 0.128125
0 0.34453125 0.684375 0.0625 0.121875
0 0.4375 0.521875 0.053125 0.1265625
0 0.6125 0.678125 0.0625 0.1421875
0 0.6046875 0.58203125 0.046875 0.1171875
0 0.6671875 0.6375 0.046875 0.1109375
0 0.7390625 0.825 0.078125 0.165625
0 0.70234375 0.03515625 0.0234375 0.0703125
0 0.553125 0.1984375 0.0359375 0.0875