0 0.0640625 0.5703125 0.0453125 0.140625
0 0.09140625 0.49375 0.0328125 0.115625
0 0.053125 0.284375 0.0484375 0.1
0 0.25703125 0.3515625 0.04375 0.0953125
0 0.27578125 0.4421875 0.034375 0.1140625
0 0.32734375 0.54453125 0.0515625 0.1390625
0 0.43828125 0.65078125 0.046875 0.13125
0 0.52109375 0.46328125 0.0453125 0.1125
0 0.5671875 0.7578125 0.059375 0.1546875
0 0.86015625 0.58984375 0.0625 0.128125
0 0.79609375 0.434375 0.0484375 0.1296875
0 0.66953125 0.30078125 0.0515625 0.0921875
0 0.58984375 0.2875 0.0390625 0.0890625
0 0.54140625 0.24296875 0.034375 0.0875