0 0.05859375 0.525 0.0421875 0.1390625
0 0.09921875 0.45390625 0.03125 0.1125
0 0.0921875 0.2453125 0.046875 0.096875
0 0.28046875 0.3421875 0.040625 0.0921875
0 0.28515625 0.4328125 0.03125 0.1109375
0 0.31875 0.53984375 0.046875 0.1359375
0 0.4109375 0.66015625 0.04375 0.128125
0 0.51953125 0.49140625 0.0421875 0.1109375
0 0.51953125 0.78359375 0.05625 0.1515625
0 0.828125 0.66640625 0.059375 0.125
0 0.790625 0.5046875 0.0453125 0.1265625
0 0.6875 0.35546875 0.05 0.090625
0 0.6140625 0.33046875 0.0375 0.0875
0 0.57265625 0.28046875 0.03125 0.0875