0 0.0625 0.37890625 0.0375 0.1234375
0 0.1046875 0.21875 0.053125 0.1078125
0 0.25234375 0.31328125 0.034375 0.103125
0 0.2625 0.403125 0.0375 0.1296875
0 0.35859375 0.428125 0.0390625 0.1375
0 0.45546875 0.2609375 0.03125 0.1015625
0 0.46875 0.24609375 0.028125 0.0890625
0 0.503125 0.4125 0.034375 0.1140625
0 0.58203125 0.3390625 0.034375 0.0984375
0 0.53203125 0.5109375 0.0578125 0.1140625
0 0.47578125 0.71484375 0.0421875 0.1734375
0 0.66328125 0.42578125 0.0390625 0.128125
0 0.88046875 0.6359375 0.0515625 0.140625