0 0.00859375 0.3546875 0.0171875 0.096875
0 0.121875 0.33203125 0.0375 0.0921875
0 0.4140625 0.853125 0.0546875 0.165625
0 0.8640625 0.85546875 0.08125 0.1640625
0 0.96328125 0.35546875 0.04375 0.109375
0 0.8734375 0.28984375 0.040625 0.103125
0 0.878125 0.21171875 0.040625 0.0875
0 0.8921875 0.16875 0.03125 0.0796875
0 0.734375 0.3546875 0.04375 0.1125
0 0.53671875 0.44921875 0.0421875 0.1078125
0 0.49921875 0.5390625 0.04375 0.1078125
0 0.43125 0.47265625 0.0453125 0.1078125
0 0.44375 0.44921875 0.0359375 0.08125