0 0.79375 0.93671875 0.0625 0.1265625
0 0.51796875 0.60546875 0.0390625 0.1359375
0 0.86640625 0.36484375 0.053125 0.096875
0 0.69453125 0.45546875 0.0328125 0.1109375
0 0.73828125 0.27734375 0.034375 0.090625
0 0.78671875 0.38671875 0.05 0.1078125
0 0.45625 0.390625 0.034375 0.10625
0 0.4125 0.20703125 0.025 0.0859375
0 0.29375 0.23203125 0.03125 0.090625
0 0.28671875 0.45703125 0.0421875 0.125
0 0.27265625 0.36015625 0.0359375 0.1171875
0 0.18125 0.38125 0.040625 0.1125
0 0.1328125 0.253125 0.0328125 0.10625
0 0.21328125 0.85859375 0.053125 0.165625