0 0.0453125 0.4609375 0.0265625 0.115625
0 0.12734375 0.36875 0.0296875 0.1109375
0 0.20625 0.3734375 0.025 0.103125
0 0.19296875 0.2984375 0.0234375 0.09375
0 0.35703125 0.2734375 0.028125 0.090625
0 0.3671875 0.4453125 0.028125 0.10625
0 0.21484375 0.69765625 0.034375 0.153125
0 0.48359375 0.58203125 0.03125 0.1296875
0 0.50546875 0.31953125 0.021875 0.0921875
0 0.553125 0.45390625 0.03125 0.11875
0 0.7625 0.41171875 0.0265625 0.1078125
0 0.7984375 0.51875 0.0359375 0.1171875
0 0.88046875 0.5328125 0.0296875 0.1296875
0 0.771875 0.75234375 0.0359375 0.140625
0 0.94765625 0.89765625 0.04375 0.171875
0 0.5734375 0.9421875 0.03125 0.115625