0 0.03359375 0.4234375 0.0296875 0.1171875
0 0.11953125 0.3328125 0.034375 0.1125
0 0.19921875 0.34140625 0.0296875 0.1046875
0 0.1875 0.2640625 0.0265625 0.0953125
0 0.3546875 0.2453125 0.03125 0.0921875
0 0.359375 0.41953125 0.03125 0.1078125
0 0.196875 0.66875 0.040625 0.15625
0 0.471875 0.5625 0.0359375 0.13125
0 0.503125 0.296875 0.025 0.09375
0 0.546875 0.434375 0.034375 0.1203125
0 0.76015625 0.3984375 0.03125 0.109375
0 0.79296875 0.50859375 0.0390625 0.11875
0 0.875 0.52578125 0.034375 0.13125
0 0.7578125 0.74375 0.040625 0.14375
0 0.9296875 0.89765625 0.0515625 0.175
0 0.55 0.934375 0.0375 0.13125