0 0.99296875 0.42265625 0.0140625 0.125
0 0.8875 0.3265625 0.028125 0.1140625
0 0.84296875 0.6703125 0.0453125 0.1609375
0 0.703125 0.2875 0.0265625 0.09375
0 0.67578125 0.32109375 0.028125 0.090625
0 0.65390625 0.2671875 0.025 0.0921875
0 0.5953125 0.4234375 0.0296875 0.1109375
0 0.53828125 0.29921875 0.0390625 0.090625
0 0.553125 0.590625 0.034375 0.134375
0 0.4046875 0.44921875 0.0359375 0.121875
0 0.19921875 0.40078125 0.0265625 0.109375
0 0.0390625 0.5609375 0.0296875 0.1421875
0 0.04453125 0.9140625 0.0453125 0.171875
0 0.25625 0.7828125 0.040625 0.15625
0 0.36484375 0.89140625 0.0375 0.1703125