0 0.97578125 0.3609375 0.034375 0.1234375
0 0.859375 0.27890625 0.040625 0.1125
0 0.85703125 0.6203125 0.0640625 0.1609375
0 0.67421875 0.2640625 0.0375 0.09375
0 0.65234375 0.3 0.0390625 0.090625
0 0.62421875 0.25 0.034375 0.090625
0 0.5859375 0.409375 0.0421875 0.1109375
0 0.51484375 0.29453125 0.0484375 0.0921875
0 0.5640625 0.5765625 0.05 0.1328125
0 0.40390625 0.4578125 0.0484375 0.121875
0 0.19609375 0.434375 0.0375 0.1078125
0 0.05859375 0.61015625 0.0453125 0.140625
0 0.10703125 0.93359375 0.0640625 0.1328125
0 0.29765625 0.8 0.0578125 0.1546875
0 0.4171875 0.89296875 0.05625 0.16875