0 0.78984375 0.95 0.046875 0.065625
0 0.81875 0.58515625 0.0359375 0.1328125
0 0.86328125 0.390625 0.028125 0.109375
0 0.78046875 0.29296875 0.0234375 0.09375
0 0.7796875 0.28671875 0.028125 0.0953125
0 0.61640625 0.50625 0.0328125 0.1203125
0 0.59921875 0.3328125 0.0390625 0.090625
0 0.5375 0.253125 0.0265625 0.0859375
0 0.45703125 0.28515625 0.021875 0.078125
0 0.49296875 0.37421875 0.0265625 0.096875
0 0.48515625 0.41875 0.0328125 0.1171875
0 0.3609375 0.7 0.0390625 0.134375
0 0.2484375 0.7046875 0.0375 0.1421875
0 0.21796875 0.3953125 0.025 0.1046875
0 0.0359375 0.5453125 0.0296875 0.13125
0 0.07890625 0.82265625 0.040625 0.1578125