0 0.04453125 0.3734375 0.040625 0.115625
0 0.109375 0.24765625 0.03125 0.090625
0 0.19296875 0.2265625 0.034375 0.1
0 0.19765625 0.375 0.0359375 0.1078125
0 0.23828125 0.371875 0.0484375 0.090625
0 0.33125 0.23828125 0.028125 0.0828125
0 0.30546875 0.35234375 0.046875 0.109375
0 0.37734375 0.534375 0.0421875 0.121875
0 0.48125 0.33515625 0.034375 0.096875
0 0.52578125 0.58359375 0.053125 0.1046875
0 0.66640625 0.4546875 0.04375 0.103125
0 0.6890625 0.546875 0.040625 0.109375
0 0.64140625 0.4859375 0.0375 0.1078125
0 0.1765625 0.8 0.0703125 0.1625