0 0.98359375 0.45546875 0.0328125 0.1203125
0 0.94765625 0.31640625 0.03125 0.09375
0 0.865625 0.27734375 0.034375 0.103125
0 0.8328125 0.428125 0.0359375 0.1109375
0 0.79140625 0.41640625 0.0484375 0.09375
0 0.7234375 0.2625 0.028125 0.084375
0 0.7265625 0.38359375 0.046875 0.1125
0 0.61796875 0.5546875 0.0421875 0.125
0 0.5515625 0.33203125 0.0328125 0.1015625
0 0.45625 0.57578125 0.053125 0.109375
0 0.3390625 0.41640625 0.0421875 0.1078125
0 0.29765625 0.50546875 0.0390625 0.1125
0 0.359375 0.453125 0.0375 0.1125
0 0.7703125 0.86484375 0.071875 0.16875