0 0.10390625 0.6015625 0.0625 0.1421875
0 0.09609375 0.4625 0.0421875 0.11875
0 0.209375 0.4234375 0.0453125 0.1234375
0 0.30234375 0.42890625 0.04375 0.1125
0 0.30546875 0.5046875 0.059375 0.128125
0 0.3546875 0.39453125 0.0375 0.0953125
0 0.40546875 0.4921875 0.0484375 0.1375
0 0.4046875 0.4234375 0.0390625 0.1125
0 0.5125 0.6375 0.059375 0.1421875
0 0.64296875 0.4578125 0.0578125 0.128125
0 0.66796875 0.4421875 0.0484375 0.1078125
0 0.7203125 0.55078125 0.05 0.1484375
0 0.7765625 0.68203125 0.0546875 0.1609375
0 0.590625 0.88125 0.065625 0.184375