0 0.88359375 0.5796875 0.0515625 0.134375
0 0.88203125 0.44609375 0.0328125 0.1140625
0 0.7703125 0.41640625 0.034375 0.1171875
0 0.68203125 0.42734375 0.0359375 0.1078125
0 0.68359375 0.50078125 0.05 0.1203125
0 0.62890625 0.39765625 0.0296875 0.0921875
0 0.58671875 0.49609375 0.0375 0.1328125
0 0.5828125 0.4296875 0.03125 0.1078125
0 0.49375 0.6421875 0.0484375 0.1359375
0 0.35546875 0.47890625 0.046875 0.121875
0 0.33046875 0.465625 0.040625 0.1015625
0 0.2875 0.5734375 0.0390625 0.1421875
0 0.2421875 0.70234375 0.0421875 0.1546875
0 0.01328125 0.36328125 0.015625 0.115625
0 0.434375 0.8828125 0.0515625 0.178125