0 0.146875 0.44140625 0.0484375 0.1234375
0 0.22734375 0.5765625 0.053125 0.1296875
0 0.146875 0.7125 0.065625 0.1578125
0 0.296875 0.44453125 0.0484375 0.134375
0 0.33203125 0.478125 0.046875 0.1140625
0 0.39921875 0.31640625 0.040625 0.0984375
0 0.4140625 0.34609375 0.034375 0.115625
0 0.46875 0.48984375 0.059375 0.11875
0 0.4796875 0.41015625 0.0390625 0.1078125
0 0.640625 0.6140625 0.0546875 0.146875
0 0.6515625 0.4421875 0.040625 0.1140625
0 0.61875 0.4265625 0.0484375 0.121875
0 0.81640625 0.53828125 0.0453125 0.146875
0 0.8984375 0.6828125 0.0546875 0.1625
0 0.59609375 0.8875 0.0671875 0.19375