0 0.15703125 0.3234375 0.03125 0.1203125
0 0.21328125 0.471875 0.0359375 0.1265625
0 0.1109375 0.590625 0.04375 0.1546875
0 0.3046875 0.35390625 0.03125 0.13125
0 0.33359375 0.3921875 0.03125 0.1109375
0 0.428125 0.2453125 0.028125 0.096875
0 0.4375 0.27734375 0.01875 0.1140625
0 0.46640625 0.42734375 0.04375 0.1140625
0 0.48984375 0.35078125 0.025 0.1046875
0 0.61328125 0.58046875 0.034375 0.14375
0 0.65390625 0.41171875 0.025 0.1125
0 0.62421875 0.39140625 0.0328125 0.11875
0 0.79921875 0.5359375 0.025 0.1453125
0 0.85625 0.6921875 0.0328125 0.1609375
0 0.521875 0.8421875 0.0421875 0.190625