0 0.871875 0.384375 0.0328125 0.0828125
0 0.84375 0.53359375 0.0328125 0.1
0 0.8609375 0.5921875 0.0390625 0.1171875
0 0.75390625 0.4890625 0.0234375 0.103125
0 0.78125 0.40703125 0.040625 0.071875
0 0.72265625 0.3890625 0.03125 0.0859375
0 0.6984375 0.39140625 0.0375 0.075
0 0.6453125 0.553125 0.034375 0.103125
0 0.58671875 0.5140625 0.028125 0.1015625
0 0.4234375 0.3640625 0.0296875 0.0625
0 0.39765625 0.565625 0.03125 0.1125
0 0.24609375 0.6328125 0.03125 0.1015625
0 0.23359375 0.69296875 0.040625 0.1234375
0 0.01015625 0.46015625 0.0203125 0.0953125
0 0.56328125 0.78671875 0.0359375 0.1421875