0 0.83671875 0.29921875 0.0390625 0.084375
0 0.84296875 0.45546875 0.0390625 0.103125
0 0.875 0.509375 0.046875 0.1203125
0 0.74375 0.43203125 0.028125 0.10625
0 0.7515625 0.34296875 0.0453125 0.0765625
0 0.68984375 0.3390625 0.0359375 0.0890625
0 0.66640625 0.34609375 0.0421875 0.078125
0 0.65 0.52109375 0.040625 0.10625
0 0.58203125 0.49453125 0.034375 0.1046875
0 0.38359375 0.3828125 0.034375 0.065625
0 0.4046875 0.58984375 0.0375 0.115625
0 0.26796875 0.69296875 0.0375 0.1046875
0 0.2703125 0.75546875 0.0484375 0.128125
0 0.621875 0.7734375 0.04375 0.1453125