0 0.13515625 0.93671875 0.0609375 0.1265625
0 0.13046875 0.49296875 0.0375 0.1109375
0 0.328125 0.3796875 0.0328125 0.090625
0 0.31484375 0.73046875 0.0515625 0.15
0 0.3421875 0.634375 0.0375 0.128125
0 0.42734375 0.5859375 0.05625 0.134375
0 0.6046875 0.40390625 0.0328125 0.1
0 0.58046875 0.4625 0.0625 0.1265625
0 0.63828125 0.628125 0.040625 0.134375
0 0.6796875 0.61328125 0.046875 0.140625
0 0.7359375 0.36328125 0.053125 0.1109375
0 0.80625 0.4203125 0.0421875 0.1109375
0 0.8625 0.67421875 0.0453125 0.1453125
0 0.6671875 0.91171875 0.06875 0.1421875