0 0.98515625 0.7203125 0.0296875 0.15
0 0.971875 0.540625 0.05625 0.13125
0 0.9359375 0.3546875 0.03125 0.1015625
0 0.91484375 0.3875 0.034375 0.10625
0 0.9625 0.17109375 0.025 0.08125
0 0.6109375 0.465625 0.053125 0.115625
0 0.440625 0.33828125 0.0453125 0.09375
0 0.40546875 0.29296875 0.040625 0.0796875
0 0.2953125 0.446875 0.028125 0.103125
0 0.1953125 0.48125 0.0328125 0.115625
0 0.10703125 0.46953125 0.0375 0.1140625
0 0.13125 0.31015625 0.0296875 0.0859375
0 0.11171875 0.2953125 0.0328125 0.0796875
0 0.0640625 0.23984375 0.0265625 0.071875