0 0.93203125 0.50625 0.03125 0.115625
0 0.94921875 0.41796875 0.028125 0.1046875
0 0.8921875 0.1765625 0.021875 0.065625
0 0.67421875 0.27890625 0.0203125 0.090625
0 0.6171875 0.38828125 0.025 0.1015625
0 0.58359375 0.303125 0.0296875 0.08125
0 0.5078125 0.29609375 0.040625 0.09375
0 0.46328125 0.24296875 0.0265625 0.0828125
0 0.39609375 0.3859375 0.0296875 0.1015625
0 0.3078125 0.378125 0.0265625 0.1125
0 0.27734375 0.2484375 0.0265625 0.0796875
0 0.1984375 0.24609375 0.025 0.084375
0 0.1703125 0.19296875 0.0171875 0.071875
0 0.1890625 0.34140625 0.025 0.0953125
0 0.38203125 0.93671875 0.046875 0.11875