0 0.92578125 0.5484375 0.0484375 0.121875
0 0.95546875 0.459375 0.04375 0.109375
0 0.93125 0.20390625 0.03125 0.0703125
0 0.69296875 0.27734375 0.034375 0.096875
0 0.61875 0.38125 0.0390625 0.10625
0 0.596875 0.28828125 0.0421875 0.0875
0 0.51953125 0.27109375 0.0546875 0.1
0 0.48203125 0.209375 0.0390625 0.0875
0 0.39140625 0.346875 0.0453125 0.1078125
0 0.30234375 0.3265625 0.04375 0.11875
0 0.28984375 0.18828125 0.0375 0.0859375
0 0.20859375 0.17421875 0.0375 0.0890625
0 0.1875 0.115625 0.028125 0.0765625
0 0.1859375 0.27109375 0.0390625 0.1
0 0.29921875 0.91015625 0.0640625 0.128125