0 0.0234375 0.32109375 0.0234375 0.1140625
0 0.04375 0.525 0.0421875 0.140625
0 0.11171875 0.40703125 0.040625 0.121875
0 0.171875 0.2671875 0.0328125 0.1046875
0 0.1796875 0.09453125 0.0265625 0.0765625
0 0.3390625 0.196875 0.0328125 0.090625
0 0.4578125 0.35 0.0375 0.1125
0 0.5078125 0.22890625 0.034375 0.0796875
0 0.5453125 0.2078125 0.0421875 0.078125
0 0.559375 0.27421875 0.0328125 0.1015625
0 0.6078125 0.23203125 0.028125 0.0859375
0 0.70078125 0.38359375 0.034375 0.1109375
0 0.73125 0.38828125 0.0359375 0.1171875
0 0.83203125 0.35078125 0.0359375 0.10625
0 0.87734375 0.24921875 0.025 0.0828125
0 0.88515625 0.284375 0.0359375 0.09375