0 0.884375 0.35625 0.0328125 0.103125
0 0.80234375 0.43671875 0.040625 0.103125
0 0.83046875 0.5484375 0.040625 0.13125
0 0.72421875 0.2484375 0.0390625 0.078125
0 0.71796875 0.2265625 0.025 0.071875
0 0.72578125 0.17109375 0.021875 0.059375
0 0.58125 0.253125 0.0390625 0.090625
0 0.44453125 0.3953125 0.0265625 0.1046875
0 0.41171875 0.309375 0.0328125 0.0984375
0 0.38828125 0.2609375 0.03125 0.0921875
0 0.1859375 0.41484375 0.0296875 0.1015625
0 0.15625 0.4109375 0.028125 0.1109375
0 0.084375 0.38203125 0.0359375 0.1
0 0.021875 0.32578125 0.025 0.0953125
0 0.02890625 0.30703125 0.021875 0.0875