0 0.90078125 0.42734375 0.0328125 0.1046875
0 0.80625 0.4921875 0.040625 0.103125
0 0.8140625 0.609375 0.040625 0.1328125
0 0.76015625 0.2921875 0.040625 0.078125
0 0.7578125 0.26953125 0.025 0.0734375
0 0.7765625 0.21484375 0.021875 0.059375
0 0.61796875 0.27109375 0.0390625 0.090625
0 0.45703125 0.38828125 0.0265625 0.10625
0 0.43984375 0.296875 0.0328125 0.0984375
0 0.425 0.2453125 0.0328125 0.09375
0 0.196875 0.3625 0.0296875 0.103125
0 0.16796875 0.353125 0.028125 0.1125
0 0.1015625 0.3125 0.0359375 0.1
0 0.05 0.246875 0.025 0.0953125
0 0.059375 0.228125 0.021875 0.0890625