0 0.75078125 0.96171875 0.0328125 0.0765625
0 0.809375 0.28515625 0.0265625 0.078125
0 0.69453125 0.1390625 0.015625 0.059375
0 0.65078125 0.5046875 0.0375 0.0953125
0 0.61328125 0.4390625 0.0203125 0.096875
0 0.621875 0.37265625 0.0296875 0.0890625
0 0.4109375 0.2 0.0171875 0.06875
0 0.384375 0.6171875 0.021875 0.1046875
0 0.41171875 0.8640625 0.0375 0.128125
0 0.1921875 0.25546875 0.021875 0.0765625
0 0.1640625 0.5671875 0.0390625 0.109375
0 0.05 0.4203125 0.021875 0.0953125
0 0.04453125 0.92109375 0.04375 0.1125