0 0.196875 0.946875 0.03125 0.0875
0 0.2 0.25859375 0.025 0.078125
0 0.32734375 0.1234375 0.0140625 0.0609375
0 0.33828125 0.49296875 0.0359375 0.096875
0 0.38203125 0.43125 0.01875 0.096875
0 0.3796875 0.36328125 0.028125 0.090625
0 0.60546875 0.20703125 0.0171875 0.06875
0 0.5953125 0.62890625 0.0203125 0.1046875
0 0.54609375 0.8734375 0.0359375 0.128125
0 0.8203125 0.2828125 0.021875 0.0765625
0 0.82109375 0.596875 0.0375 0.109375
0 0.9484375 0.4609375 0.0203125 0.0953125
0 0.90859375 0.95390625 0.0421875 0.0921875