0 0.94921875 0.4390625 0.040625 0.0890625
0 0.9328125 0.3859375 0.0421875 0.0734375
0 0.8625 0.38046875 0.040625 0.0875
0 0.80546875 0.24140625 0.0265625 0.06875
0 0.61875 0.44921875 0.0328125 0.0875
0 0.59609375 0.36953125 0.0328125 0.078125
0 0.48359375 0.6171875 0.0453125 0.125
0 0.35078125 0.6140625 0.0375 0.1171875
0 0.32734375 0.38515625 0.0359375 0.0890625
0 0.26953125 0.4359375 0.040625 0.096875
0 0.1390625 0.64140625 0.0484375 0.125
0 0.06875 0.68515625 0.05 0.1171875
0 0.33515625 0.221875 0.0234375 0.071875
0 0.31640625 0.1421875 0.0203125 0.0640625
0 0.1515625 0.17265625 0.0234375 0.075
0 0.6609375 0.1828125 0.025 0.0765625
0 0.7796875 0.77578125 0.053125 0.1140625