0 0.0828125 0.33125 0.0421875 0.090625
0 0.1125 0.28359375 0.04375 0.0734375
0 0.18125 0.296875 0.0421875 0.0875
0 0.27265625 0.1765625 0.0265625 0.06875
0 0.39921875 0.42578125 0.0328125 0.0875
0 0.44140625 0.3546875 0.034375 0.078125
0 0.48671875 0.62265625 0.0484375 0.125
0 0.615625 0.6546875 0.040625 0.1171875
0 0.696875 0.43984375 0.0359375 0.0890625
0 0.73984375 0.5046875 0.0421875 0.096875
0 0.8125 0.7359375 0.05 0.125
0 0.86953125 0.79609375 0.0515625 0.1171875
0 0.73203125 0.28046875 0.025 0.071875
0 0.7703125 0.2078125 0.021875 0.0640625
0 0.921875 0.2796875 0.025 0.075
0 0.42734375 0.15859375 0.0265625 0.0765625
0 0.16015625 0.7 0.0546875 0.1140625