0 0.11171875 0.79296875 0.028125 0.15625
0 0.09765625 0.6046875 0.034375 0.125
0 0.2265625 0.40390625 0.0234375 0.10625
0 0.13515625 0.28984375 0.01875 0.0921875
0 0.284375 0.45859375 0.03125 0.1125
0 0.41171875 0.3046875 0.01875 0.0890625
0 0.534375 0.371875 0.025 0.0921875
0 0.5890625 0.4734375 0.0234375 0.1125
0 0.65703125 0.4578125 0.0265625 0.1015625
0 0.6578125 0.315625 0.0203125 0.0890625
0 0.72421875 0.61484375 0.0390625 0.128125
0 0.83984375 0.35859375 0.034375 0.0921875
0 0.9859375 0.71015625 0.028125 0.1421875
0 0.49609375 0.74609375 0.0421875 0.1421875