0 0.0890625 0.86875 0.0375 0.1625
0 0.06328125 0.67578125 0.0421875 0.1296875
0 0.1859375 0.4625 0.0296875 0.109375
0 0.08515625 0.35 0.0234375 0.0953125
0 0.24765625 0.51484375 0.0375 0.1171875
0 0.36953125 0.34921875 0.0234375 0.09375
0 0.5 0.41328125 0.03125 0.0953125
0 0.56171875 0.5140625 0.03125 0.115625
0 0.63046875 0.49453125 0.0328125 0.10625
0 0.62421875 0.34765625 0.0265625 0.0921875
0 0.7078125 0.65234375 0.046875 0.134375
0 0.81328125 0.3828125 0.040625 0.096875
0 0.9828125 0.73671875 0.034375 0.1484375
0 0.48125 0.8 0.05 0.1484375