0 0.01875 0.8078125 0.0375 0.184375
0 0.0625 0.2421875 0.040625 0.1078125
0 0.23046875 0.36015625 0.05 0.11875
0 0.3171875 0.43984375 0.05625 0.128125
0 0.209375 0.54765625 0.0484375 0.1390625
0 0.478125 0.31015625 0.04375 0.0859375
0 0.46484375 0.38515625 0.0375 0.1015625
0 0.646875 0.45859375 0.05 0.1296875
0 0.73125 0.35078125 0.0421875 0.096875
0 0.76015625 0.46796875 0.04375 0.115625
0 0.70546875 0.665625 0.0484375 0.15
0 0.58671875 0.8015625 0.059375 0.15
0 0.94609375 0.45390625 0.04375 0.11875