0 0.9140625 0.9203125 0.065625 0.159375
0 0.9953125 0.39140625 0.009375 0.1015625
0 0.82421875 0.45625 0.0484375 0.1140625
0 0.72265625 0.50703125 0.053125 0.1234375
0 0.79375 0.63515625 0.0453125 0.1328125
0 0.60859375 0.34453125 0.040625 0.0828125
0 0.60078125 0.41796875 0.0359375 0.096875
0 0.4125 0.4375 0.0484375 0.125
0 0.36328125 0.315625 0.040625 0.0921875
0 0.30625 0.415625 0.0421875 0.1109375
0 0.30390625 0.61171875 0.046875 0.14375
0 0.37734375 0.76875 0.05625 0.1421875
0 0.13828125 0.35390625 0.0421875 0.1140625