0 0.0265625 0.60859375 0.0375 0.1171875
0 0.01484375 0.58984375 0.0296875 0.1203125
0 0.18671875 0.3875 0.0296875 0.096875
0 0.25859375 0.45390625 0.046875 0.0859375
0 0.36328125 0.44296875 0.0328125 0.096875
0 0.40546875 0.40859375 0.0296875 0.1
0 0.41796875 0.33203125 0.040625 0.084375
0 0.44921875 0.71328125 0.0421875 0.1265625
0 0.6109375 0.38203125 0.0390625 0.1
0 0.84609375 0.446875 0.05 0.125
0 0.86640625 0.52578125 0.0421875 0.1265625
0 0.89375 0.59921875 0.0484375 0.1375
0 0.84921875 0.71875 0.05625 0.1421875
0 0.34765625 0.57109375 0.0484375 0.1125