0 0.959375 0.26796875 0.0296875 0.084375
0 0.9734375 0.575 0.053125 0.1046875
0 0.7328125 0.35859375 0.03125 0.08125
0 0.64296875 0.59140625 0.040625 0.1
0 0.559375 0.4484375 0.0328125 0.1109375
0 0.50546875 0.3234375 0.0265625 0.08125
0 0.4921875 0.51796875 0.0328125 0.1078125
0 0.4078125 0.46484375 0.034375 0.0953125
0 0.32890625 0.42578125 0.028125 0.09375
0 0.2828125 0.575 0.0359375 0.11875
0 0.21875 0.55234375 0.0375 0.10625
0 0.1828125 0.58515625 0.0328125 0.1078125
0 0.1046875 0.78515625 0.046875 0.128125