0 0.065625 0.34765625 0.0296875 0.1109375
0 0.153125 0.125 0.01875 0.075
0 0.2578125 0.290625 0.028125 0.090625
0 0.32265625 0.53046875 0.0375 0.11875
0 0.434375 0.5921875 0.040625 0.14375
0 0.47734375 0.40703125 0.0375 0.109375
0 0.60078125 0.54921875 0.034375 0.1203125
0 0.575 0.3328125 0.0265625 0.1125
0 0.64296875 0.3140625 0.0296875 0.0953125
0 0.76953125 0.590625 0.0359375 0.1296875
0 0.58515625 0.15546875 0.0265625 0.0796875
0 0.6984375 0.22421875 0.0234375 0.09375
0 0.796875 0.38515625 0.028125 0.115625
0 0.859375 0.38515625 0.0234375 0.1171875
0 0.9265625 0.42421875 0.028125 0.11875