0 0.07421875 0.446875 0.040625 0.1078125
0 0.13125 0.22734375 0.0265625 0.071875
0 0.24921875 0.371875 0.0375 0.0875
0 0.3375 0.58984375 0.0484375 0.115625
0 0.45078125 0.6359375 0.0546875 0.1390625
0 0.46953125 0.45625 0.0484375 0.1078125
0 0.60234375 0.575 0.0453125 0.1171875
0 0.553125 0.37421875 0.0375 0.1078125
0 0.61484375 0.34921875 0.0375 0.0921875
0 0.765625 0.59453125 0.0484375 0.1265625
0 0.5421875 0.20625 0.034375 0.078125
0 0.65703125 0.2578125 0.03125 0.090625
0 0.76796875 0.3984375 0.040625 0.1125
0 0.82734375 0.390625 0.0359375 0.1140625
0 0.89609375 0.41953125 0.0390625 0.1140625