0 0.05546875 0.56640625 0.0359375 0.1078125
0 0.27421875 0.353125 0.021875 0.0875
0 0.04609375 0.22421875 0.0171875 0.0609375
0 0.34140625 0.496875 0.0265625 0.1
0 0.44375 0.6203125 0.028125 0.121875
0 0.4546875 0.57265625 0.0375 0.096875
0 0.4671875 0.67578125 0.0328125 0.109375
0 0.6296875 0.70078125 0.0421875 0.1203125
0 0.55078125 0.3125 0.0265625 0.075
0 0.7390625 0.48203125 0.0390625 0.103125
0 0.82265625 0.73984375 0.040625 0.125
0 0.8640625 0.621875 0.04375 0.125
0 0.846875 0.525 0.0390625 0.1109375
0 0.784375 0.3046875 0.034375 0.06875