0 0.24140625 0.30390625 0.01875 0.09375
0 0.003125 0.14921875 0.00625 0.065625
0 0.3078125 0.465625 0.0234375 0.109375
0 0.41171875 0.60703125 0.0234375 0.13125
0 0.42734375 0.55546875 0.0359375 0.1046875
0 0.43515625 0.66796875 0.028125 0.11875
0 0.6109375 0.70546875 0.040625 0.1296875
0 0.546875 0.27578125 0.025 0.08125
0 0.74375 0.47265625 0.0375 0.109375
0 0.81953125 0.759375 0.0375 0.134375
0 0.871875 0.6328125 0.040625 0.134375
0 0.859375 0.52578125 0.0359375 0.11875
0 0.803125 0.2796875 0.034375 0.075