0 0.13828125 0.6921875 0.0484375 0.1328125
0 0.22421875 0.78046875 0.0515625 0.1484375
0 0.1828125 0.49765625 0.0265625 0.1109375
0 0.2296875 0.4984375 0.0375 0.1125
0 0.2671875 0.4203125 0.025 0.1046875
0 0.3484375 0.45703125 0.028125 0.096875
0 0.47578125 0.22265625 0.015625 0.071875
0 0.5953125 0.35234375 0.03125 0.096875
0 0.62734375 0.4015625 0.0328125 0.09375
0 0.6203125 0.60078125 0.046875 0.1296875
0 0.6609375 0.634375 0.04375 0.1234375
0 0.6109375 0.7359375 0.05 0.13125
0 0.8109375 0.3 0.04375 0.078125
0 0.76875 0.35546875 0.0296875 0.0890625
0 0.8515625 0.4359375 0.0359375 0.1015625