0 0.1703125 0.7109375 0.0515625 0.1296875
0 0.25546875 0.79296875 0.0546875 0.14375
0 0.20625 0.52265625 0.0296875 0.10625
0 0.25078125 0.521875 0.0390625 0.109375
0 0.28515625 0.44609375 0.0265625 0.1015625
0 0.3640625 0.47890625 0.03125 0.09375
0 0.47734375 0.25 0.0171875 0.06875
0 0.596875 0.36953125 0.0328125 0.09375
0 0.6296875 0.41640625 0.0328125 0.090625
0 0.62890625 0.60703125 0.0484375 0.125
0 0.66953125 0.6375 0.0453125 0.11875
0 0.625 0.7375 0.0515625 0.1265625
0 0.80234375 0.3125 0.0453125 0.0765625
0 0.76328125 0.3671875 0.0328125 0.0859375
0 0.84609375 0.44140625 0.0390625 0.0984375