0 0.17265625 0.475 0.0296875 0.1125
0 0.23359375 0.4140625 0.0484375 0.1109375
0 0.22734375 0.62109375 0.04375 0.1390625
0 0.1890625 0.684375 0.06875 0.14375
0 0.3 0.50078125 0.0453125 0.1296875
0 0.2203125 0.83046875 0.040625 0.14375
0 0.34765625 0.5171875 0.034375 0.1171875
0 0.3984375 0.490625 0.0359375 0.05625
0 0.29453125 0.29609375 0.0265625 0.078125
0 0.44921875 0.32109375 0.0359375 0.084375
0 0.5625 0.44765625 0.0421875 0.115625
0 0.7453125 0.52421875 0.0578125 0.1296875
0 0.8109375 0.66953125 0.0578125 0.15
0 0.84296875 0.88515625 0.059375 0.1546875