0 0.95546875 0.5390625 0.0390625 0.11875
0 0.83125 0.490625 0.03125 0.1234375
0 0.803125 0.4703125 0.0265625 0.1140625
0 0.778125 0.6765625 0.0296875 0.084375
0 0.6859375 0.4125 0.021875 0.10625
0 0.6578125 0.45 0.03125 0.121875
0 0.57890625 0.4671875 0.03125 0.109375
0 0.53515625 0.253125 0.015625 0.0796875
0 0.5046875 0.49453125 0.0265625 0.1078125
0 0.5046875 0.425 0.0234375 0.0859375
0 0.4578125 0.578125 0.0390625 0.1265625
0 0.4046875 0.44765625 0.021875 0.103125
0 0.365625 0.6140625 0.0359375 0.1296875
0 0.34140625 0.6484375 0.05 0.1421875
0 0.31171875 0.77421875 0.03125 0.140625
0 0.109375 0.696875 0.0359375 0.1375
0 0.1671875 0.340625 0.0203125 0.084375