0 0.94296875 0.57734375 0.0265625 0.128125
0 0.90078125 0.6 0.04375 0.1296875
0 0.85234375 0.540625 0.025 0.125
0 0.73671875 0.4734375 0.0234375 0.1046875
0 0.66640625 0.46640625 0.028125 0.1109375
0 0.6046875 0.42421875 0.021875 0.1015625
0 0.64609375 0.6578125 0.0296875 0.071875
0 0.52421875 0.5828125 0.0359375 0.128125
0 0.5390625 0.48203125 0.0265625 0.1109375
0 0.53203125 0.43359375 0.0296875 0.1109375
0 0.44921875 0.5890625 0.040625 0.1203125
0 0.403125 0.50546875 0.0296875 0.109375
0 0.33203125 0.5859375 0.0265625 0.1203125
0 0.44921875 0.44375 0.021875 0.1015625
0 0.41796875 0.26171875 0.0171875 0.0765625
0 0.325 0.4640625 0.025 0.0875
0 0.2109375 0.365625 0.0265625 0.090625
0 0.24453125 0.728125 0.0296875 0.1390625
0 0.1625 0.6546875 0.0375 0.1359375