0 0.1828125 0.58125 0.0515625 0.121875
0 0.29765625 0.4578125 0.034375 0.0859375
0 0.3234375 0.33359375 0.0265625 0.059375
0 0.3109375 0.28046875 0.0171875 0.0359375
0 0.378125 0.29609375 0.01875 0.05
0 0.3953125 0.31484375 0.01875 0.05625
0 0.43671875 0.31328125 0.0171875 0.05
0 0.434375 0.30859375 0.0203125 0.053125
0 0.446875 0.31015625 0.0171875 0.0546875
0 0.471875 0.328125 0.01875 0.0546875
0 0.49375 0.33359375 0.01875 0.05625
0 0.4984375 0.334375 0.015625 0.05
0 0.44609375 0.465625 0.034375 0.0859375
0 0.50078125 0.4 0.025 0.06875
0 0.51953125 0.3421875 0.01875 0.0578125
0 0.584375 0.41953125 0.021875 0.06875
0 0.64609375 0.4375 0.028125 0.0921875
0 0.65625 0.303125 0.0140625 0.040625
0 0.60859375 0.509375 0.03125 0.0875
0 0.6140625 0.5765625 0.0375 0.1
0 0.69765625 0.69765625 0.053125 0.115625
0 0.7796875 0.3421875 0.0140625 0.040625