0 0.18515625 0.634375 0.03125 0.1109375
0 0.27421875 0.503125 0.0203125 0.078125
0 0.27890625 0.38515625 0.015625 0.053125
0 0.26015625 0.3375 0.0125 0.0328125
0 0.32421875 0.3421875 0.009375 0.0453125
0 0.34375 0.3578125 0.009375 0.053125
0 0.38125 0.35 0.009375 0.0453125
0 0.378125 0.34609375 0.0109375 0.0484375
0 0.390625 0.3453125 0.009375 0.05
0 0.415625 0.3578125 0.009375 0.05
0 0.4375 0.36015625 0.009375 0.053125
0 0.4421875 0.36015625 0.00625 0.046875
0 0.4125 0.4890625 0.021875 0.078125
0 0.453125 0.4203125 0.0125 0.0640625
0 0.46171875 0.36484375 0.009375 0.053125
0 0.5328125 0.42578125 0.0109375 0.0625
0 0.5921875 0.434375 0.0125 0.084375
0 0.58203125 0.30859375 0.00625 0.0375
0 0.56875 0.50546875 0.01875 0.08125
0 0.58359375 0.5671875 0.0203125 0.090625
0 0.678125 0.66640625 0.034375 0.1046875
0 0.70234375 0.32578125 0.00625 0.0375