0 0.46484375 0.775 0.0671875 0.1859375
0 0.4078125 0.5953125 0.0421875 0.0828125
0 0.44375 0.4609375 0.0359375 0.0890625
0 0.4125 0.44453125 0.0296875 0.0984375
0 0.42265625 0.4359375 0.0265625 0.0828125
0 0.521875 0.4359375 0.034375 0.075
0 0.5546875 0.4375 0.03125 0.075
0 0.60703125 0.409375 0.01875 0.0609375
0 0.625 0.4109375 0.0203125 0.05625
0 0.61171875 0.40546875 0.01875 0.059375
0 0.65 0.40234375 0.0171875 0.053125
0 0.65546875 0.40703125 0.0140625 0.0453125
0 0.665625 0.4125 0.01875 0.05625
0 0.69140625 0.4234375 0.0203125 0.0578125
0 0.7203125 0.415625 0.0171875 0.0515625
0 0.66015625 0.51484375 0.0359375 0.0921875
0 0.4296875 0.34609375 0.0171875 0.04375
0 0.325 0.340625 0.0171875 0.0453125
0 0.778125 0.421875 0.0203125 0.04375
0 0.80234375 0.48828125 0.028125 0.06875
0 0.76171875 0.55390625 0.0375 0.1078125