0 0.49375 0.85078125 0.0609375 0.19375
0 0.42421875 0.66484375 0.0390625 0.0859375
0 0.45390625 0.52265625 0.0328125 0.09375
0 0.42109375 0.50546875 0.025 0.103125
0 0.43125 0.49765625 0.0234375 0.0875
0 0.534375 0.4921875 0.03125 0.0765625
0 0.56953125 0.49140625 0.0296875 0.078125
0 0.621875 0.459375 0.0171875 0.0625
0 0.640625 0.46015625 0.01875 0.059375
0 0.6265625 0.4546875 0.0171875 0.0625
0 0.66640625 0.45 0.015625 0.0546875
0 0.671875 0.45390625 0.0140625 0.046875
0 0.684375 0.459375 0.0171875 0.059375
0 0.71171875 0.46875 0.0171875 0.0609375
0 0.740625 0.459375 0.015625 0.053125
0 0.6828125 0.5671875 0.0328125 0.096875
0 0.43359375 0.40234375 0.0140625 0.0453125
0 0.32421875 0.403125 0.015625 0.046875
0 0.8015625 0.46328125 0.01875 0.0453125
0 0.83046875 0.53125 0.025 0.0703125
0 0.79140625 0.60234375 0.0328125 0.1125