0 0.8578125 0.56484375 0.021875 0.0875
0 0.7609375 0.49453125 0.01875 0.0671875
0 0.73046875 0.7234375 0.025 0.103125
0 0.74296875 0.6796875 0.021875 0.0984375
0 0.709375 0.67265625 0.025 0.0984375
0 0.70546875 0.6515625 0.021875 0.0875
0 0.684375 0.66171875 0.0328125 0.09375
0 0.64921875 0.6578125 0.0234375 0.09375
0 0.65 0.64609375 0.01875 0.0953125
0 0.628125 0.6765625 0.0265625 0.103125
0 0.61015625 0.609375 0.0203125 0.084375
0 0.5765625 0.609375 0.0203125 0.084375
0 0.58984375 0.5859375 0.021875 0.0875
0 0.5859375 0.5484375 0.01875 0.0703125
0 0.51484375 0.5515625 0.0171875 0.0796875
0 0.425 0.56328125 0.03125 0.0765625
0 0.3984375 0.5421875 0.0140625 0.06875
0 0.39296875 0.53203125 0.0125 0.0765625
0 0.38828125 0.5296875 0.0140625 0.084375
0 0.3609375 0.66640625 0.0234375 0.090625
0 0.13671875 0.5828125 0.0296875 0.0828125
0 0.0515625 0.5078125 0.01875 0.0765625
0 0.29453125 0.3828125 0.0125 0.0546875