0 0.9109375 0.5796875 0.0328125 0.09375
0 0.81640625 0.49453125 0.028125 0.071875
0 0.75859375 0.73203125 0.0375 0.109375
0 0.7765625 0.68671875 0.034375 0.103125
0 0.74296875 0.67578125 0.0375 0.1046875
0 0.74140625 0.65390625 0.0328125 0.09375
0 0.7171875 0.6609375 0.04375 0.1015625
0 0.68125 0.65390625 0.034375 0.1
0 0.6828125 0.64140625 0.03125 0.1015625
0 0.65625 0.67109375 0.0375 0.109375
0 0.64453125 0.5984375 0.03125 0.090625
0 0.61015625 0.5953125 0.03125 0.0890625
0 0.6265625 0.57109375 0.0328125 0.09375
0 0.6265625 0.53203125 0.0265625 0.075
0 0.5515625 0.5265625 0.0265625 0.084375
0 0.45546875 0.5296875 0.040625 0.0828125
0 0.4296875 0.50390625 0.021875 0.0734375
0 0.425 0.49296875 0.021875 0.0796875
0 0.4203125 0.48984375 0.025 0.0890625
0 0.37578125 0.63125 0.034375 0.096875
0 0.15 0.51875 0.0390625 0.0890625
0 0.06796875 0.4296875 0.028125 0.0796875
0 0.33828125 0.325 0.0203125 0.0578125