0 0.15234375 0.62265625 0.0265625 0.0875
0 0.2703125 0.5328125 0.0203125 0.065625
0 0.271875 0.78125 0.0296875 0.1
0 0.29609375 0.7265625 0.0296875 0.0984375
0 0.31875 0.7078125 0.028125 0.0953125
0 0.33046875 0.690625 0.021875 0.0953125
0 0.35390625 0.6953125 0.0265625 0.0921875
0 0.36796875 0.684375 0.025 0.090625
0 0.38359375 0.67421875 0.0234375 0.0890625
0 0.396875 0.65546875 0.021875 0.0859375
0 0.390625 0.65 0.0203125 0.090625
0 0.421875 0.68203125 0.03125 0.09375
0 0.42109375 0.6359375 0.021875 0.084375
0 0.40859375 0.5984375 0.0203125 0.075
0 0.48984375 0.6421875 0.028125 0.0875
0 0.5703125 0.59453125 0.021875 0.08125
0 0.61875 0.57734375 0.01875 0.0765625
0 0.62421875 0.56640625 0.01875 0.0796875
0 0.61328125 0.69765625 0.028125 0.09375
0 0.86171875 0.61328125 0.021875 0.0859375
0 0.96015625 0.5328125 0.0234375 0.0765625
0 0.709375 0.41953125 0.0171875 0.053125