0 0.85703125 0.54375 0.0203125 0.0828125
0 0.73515625 0.475 0.015625 0.0609375
0 0.76640625 0.7078125 0.021875 0.09375
0 0.7359375 0.66015625 0.021875 0.0921875
0 0.71328125 0.64609375 0.0203125 0.0890625
0 0.6984375 0.63046875 0.015625 0.090625
0 0.67734375 0.63828125 0.0171875 0.0875
0 0.66328125 0.63046875 0.01875 0.0859375
0 0.64765625 0.62265625 0.015625 0.0828125
0 0.6328125 0.60625 0.0140625 0.08125
0 0.6375 0.60078125 0.0125 0.0859375
0 0.6125 0.634375 0.0234375 0.0875
0 0.60703125 0.59140625 0.015625 0.0796875
0 0.61484375 0.5546875 0.0140625 0.0703125
0 0.54296875 0.60703125 0.021875 0.08125
0 0.4609375 0.57265625 0.015625 0.0765625
0 0.41328125 0.5625 0.0125 0.071875
0 0.40703125 0.553125 0.0125 0.075
0 0.434375 0.675 0.0203125 0.0875
0 0.190625 0.62890625 0.0140625 0.08125
0 0.0875 0.565625 0.0171875 0.071875
0 0.30859375 0.42734375 0.0140625 0.05