0 0.07421875 0.55703125 0.0265625 0.09375
0 0.23125 0.48671875 0.0203125 0.0703125
0 0.12109375 0.75390625 0.0328125 0.1125
0 0.13984375 0.70703125 0.0296875 0.1078125
0 0.23125 0.68125 0.028125 0.103125
0 0.2421875 0.671875 0.025 0.1
0 0.26171875 0.675 0.0265625 0.09375
0 0.3078125 0.6734375 0.028125 0.0984375
0 0.2984375 0.6578125 0.021875 0.0890625
0 0.30859375 0.64765625 0.0171875 0.08125
0 0.346875 0.640625 0.0234375 0.0875
0 0.35546875 0.62421875 0.0234375 0.0890625
0 0.33984375 0.59609375 0.021875 0.09375
0 0.43359375 0.6828125 0.0265625 0.0921875
0 0.5109375 0.621875 0.0234375 0.0875
0 0.5328125 0.7390625 0.03125 0.0953125
0 0.56328125 0.61484375 0.0203125 0.084375
0 0.57109375 0.60390625 0.01875 0.0859375
0 0.68671875 0.4703125 0.01875 0.05625
0 0.80546875 0.7046875 0.0203125 0.0890625
0 0.925 0.64296875 0.021875 0.0828125