0 0.1328125 0.60546875 0.028125 0.0875
0 0.259375 0.50546875 0.021875 0.0671875
0 0.21953125 0.77265625 0.034375 0.1046875
0 0.22578125 0.72578125 0.0296875 0.1015625
0 0.303125 0.68203125 0.0296875 0.096875
0 0.3109375 0.67109375 0.025 0.09375
0 0.3296875 0.66953125 0.0265625 0.0875
0 0.37109375 0.65703125 0.0296875 0.0921875
0 0.35859375 0.6453125 0.0234375 0.0828125
0 0.365625 0.634375 0.0203125 0.0765625
0 0.39921875 0.61796875 0.0234375 0.08125
0 0.403125 0.60234375 0.025 0.084375
0 0.38203125 0.58046875 0.0234375 0.0875
0 0.4859375 0.63828125 0.0265625 0.0859375
0 0.54296875 0.56484375 0.025 0.08125
0 0.5890625 0.66640625 0.0328125 0.0890625
0 0.58828125 0.546875 0.021875 0.078125
0 0.59375 0.5359375 0.0203125 0.0796875
0 0.66796875 0.38828125 0.0203125 0.053125
0 0.828125 0.5734375 0.021875 0.0828125
0 0.92265625 0.490625 0.0234375 0.0765625