0 0.7953125 0.49453125 0.053125 0.09375
0 0.6421875 0.41328125 0.021875 0.0796875
0 0.8078125 0.66875 0.0390625 0.125
0 0.734375 0.64296875 0.0453125 0.121875
0 0.70234375 0.6234375 0.05 0.1046875
0 0.66484375 0.609375 0.0359375 0.1140625
0 0.64609375 0.5953125 0.03125 0.1109375
0 0.6109375 0.56171875 0.0421875 0.10625
0 0.5859375 0.56640625 0.0328125 0.109375
0 0.553125 0.6109375 0.03125 0.1140625
0 0.5015625 0.61640625 0.03125 0.121875
0 0.5203125 0.53359375 0.028125 0.1015625
0 0.51640625 0.5328125 0.0390625 0.090625
0 0.478125 0.65 0.0328125 0.1171875
0 0.478125 0.73828125 0.0453125 0.128125
0 0.25859375 0.578125 0.028125 0.10625
0 0.21171875 0.57265625 0.0234375 0.1125
0 0.1984375 0.5734375 0.03125 0.0796875
0 0.21875 0.58046875 0.0234375 0.0765625
0 0.26171875 0.72890625 0.040625 0.1203125
0 0.1359375 0.371875 0.01875 0.0671875