0 0.1859375 0.45390625 0.021875 0.0953125
0 0.328125 0.3828125 0.021875 0.071875
0 0.1734375 0.6109375 0.0328125 0.1109375
0 0.2296875 0.53828125 0.025 0.096875
0 0.2515625 0.57109375 0.025 0.103125
0 0.26640625 0.52890625 0.025 0.09375
0 0.2890625 0.53046875 0.028125 0.0921875
0 0.375 0.50546875 0.028125 0.0890625
0 0.38671875 0.490625 0.028125 0.075
0 0.41875 0.546875 0.0296875 0.0953125
0 0.47109375 0.46875 0.03125 0.084375
0 0.49140625 0.4671875 0.025 0.0875
0 0.47421875 0.5515625 0.0296875 0.096875
0 0.49375 0.6046875 0.0265625 0.1078125
0 0.50234375 0.66875 0.0359375 0.109375
0 0.64296875 0.54296875 0.0328125 0.028125
0 0.69609375 0.4953125 0.0296875 0.0890625
0 0.725 0.5296875 0.0234375 0.08125
0 0.75390625 0.478125 0.025 0.06875
0 0.7796875 0.4765625 0.0203125 0.0734375
0 0.6671875 0.665625 0.034375 0.10625
0 0.715625 0.3484375 0.0171875 0.0625