0 0.7390625 0.54375 0.03125 0.1140625
0 0.5296875 0.38203125 0.0234375 0.0734375
0 0.6859375 0.6875 0.04375 0.1265625
0 0.665625 0.63359375 0.0390625 0.1140625
0 0.64609375 0.58984375 0.034375 0.1109375
0 0.61875 0.62421875 0.0375 0.1203125
0 0.61796875 0.6203125 0.0453125 0.096875
0 0.5875 0.5546875 0.046875 0.1015625
0 0.5046875 0.56015625 0.034375 0.1078125
0 0.41015625 0.5609375 0.040625 0.109375
0 0.409375 0.55 0.034375 0.1078125
0 0.35390625 0.42734375 0.0328125 0.090625
0 0.309375 0.4109375 0.03125 0.096875
0 0.33828125 0.62578125 0.04375 0.121875
0 0.22421875 0.34921875 0.025 0.071875
0 0.1984375 0.3359375 0.034375 0.075
0 0.21015625 0.278125 0.0234375 0.065625
0 0.115625 0.4140625 0.034375 0.0953125
0 0.19140625 0.52734375 0.0515625 0.0375
0 0.184375 0.6390625 0.04375 0.11875
0 0.1046875 0.62578125 0.0421875 0.11875