0 0.84453125 0.51015625 0.0375 0.1328125
0 0.83125 0.68046875 0.05 0.1453125
0 0.83046875 0.62578125 0.04375 0.1421875
0 0.8140625 0.621875 0.0453125 0.1328125
0 0.7125 0.58984375 0.04375 0.1296875
0 0.66875 0.571875 0.0390625 0.11875
0 0.6703125 0.634375 0.0515625 0.140625
0 0.54765625 0.4046875 0.0265625 0.0953125
0 0.5515625 0.60859375 0.04375 0.121875
0 0.52578125 0.61796875 0.0453125 0.1328125
0 0.42421875 0.64375 0.053125 0.1296875
0 0.41640625 0.753125 0.0515625 0.15
0 0.20234375 0.38984375 0.03125 0.0796875
0 0.2375 0.4171875 0.034375 0.08125
0 0.2375 0.42265625 0.0328125 0.0515625
0 0.2734375 0.45625 0.0328125 0.1046875
0 0.29609375 0.4625 0.0375 0.1078125
0 0.0796875 0.56328125 0.0453125 0.1234375
0 0.2140625 0.69296875 0.06875 0.046875
0 0.11484375 0.80078125 0.0515625 0.140625
0 0.1828125 0.7875 0.05 0.1390625