0 0.221875 0.5125 0.028125 0.1328125
0 0.21015625 0.64140625 0.046875 0.1328125
0 0.2875 0.67109375 0.0265625 0.146875
0 0.3625 0.66875 0.034375 0.134375
0 0.3953125 0.54609375 0.0265625 0.1234375
0 0.40390625 0.3890625 0.01875 0.1015625
0 0.5046875 0.5375 0.034375 0.121875
0 0.5421875 0.634375 0.03125 0.1390625
0 0.625 0.6046875 0.0390625 0.134375
0 0.65859375 0.5421875 0.0359375 0.11875
0 0.64765625 0.69609375 0.0453125 0.175
0 0.7625 0.5796875 0.0328125 0.1328125
0 0.8453125 0.6109375 0.075 0.0296875
0 0.928125 0.6046875 0.0296875 0.1296875
0 0.95625 0.6359375 0.0296875 0.1328125
0 0.96171875 0.4484375 0.021875 0.1140625
0 0.7171875 0.37421875 0.0203125 0.0953125
0 0.746875 0.32421875 0.0171875 0.0765625
0 0.7984375 0.31328125 0.0265625 0.0921875
0 0.77890625 0.3046875 0.0234375 0.096875
0 0.778125 0.29140625 0.0140625 0.0890625