0 0.01328125 0.26484375 0.0203125 0.109375
0 0.11953125 0.62734375 0.0359375 0.13125
0 0.253125 0.32265625 0.0328125 0.1078125
0 0.4 0.35390625 0.025 0.1078125
0 0.44609375 0.146875 0.0203125 0.0796875
0 0.47421875 0.53984375 0.0328125 0.1171875
0 0.7265625 0.2078125 0.021875 0.090625
0 0.6828125 0.4609375 0.034375 0.109375
0 0.82421875 0.37109375 0.0265625 0.1046875
0 0.725 0.67109375 0.0328125 0.115625
0 0.828125 0.58359375 0.0328125 0.11875
0 0.97578125 0.31328125 0.025 0.096875
0 0.94375 0.2296875 0.028125 0.0984375
0 0.9109375 0.95234375 0.03125 0.0953125
0 0.121875 0.07578125 0.015625 0.08125