0 0.9203125 0.63515625 0.04375 0.1359375
0 0.81171875 0.31328125 0.0390625 0.1125
0 0.659375 0.33125 0.03125 0.1109375
0 0.63125 0.11640625 0.025 0.0828125
0 0.5671875 0.51484375 0.040625 0.121875
0 0.33984375 0.15390625 0.0265625 0.09375
0 0.3609375 0.415625 0.040625 0.1140625
0 0.225 0.31171875 0.0328125 0.1078125
0 0.29921875 0.62578125 0.040625 0.1203125
0 0.20234375 0.528125 0.0390625 0.1234375
0 0.07578125 0.23828125 0.03125 0.1
0 0.03671875 0.1390625 0.0265625 0.0984375
0 0.11484375 0.15703125 0.0328125 0.1015625
0 0.08203125 0.91015625 0.0375 0.125
0 0.9671875 0.07265625 0.021875 0.084375