0 0.06328125 0.43046875 0.021875 0.025
0 0.05078125 0.4328125 0.021875 0.0234375
0 0.090625 0.43203125 0.0359375 0.0234375
0 0.15625 0.42578125 0.0421875 0.03125
0 0.2609375 0.41484375 0.021875 0.0171875
0 0.16953125 0.42578125 0.028125 0.0328125
0 0.56484375 0.39296875 0.0390625 0.059375
0 0.31171875 0.42265625 0.034375 0.05
0 0.29140625 0.42734375 0.0375 0.0421875
0 0.6953125 0.384375 0.0546875 0.115625
0 0.23125 0.434375 0.0234375 0.021875
0 0.6046875 0.3984375 0.0515625 0.1015625
0 0.27265625 0.4390625 0.0359375 0.046875
0 0.253125 0.4453125 0.0234375 0.0421875
0 0.2375 0.45625 0.034375 0.0375